acc_x[mg],acc_y[mg],acc_z[mg]
-29.524,985.272,40.748
-26.596,993.324,31.232
-28.792,993.324,21.228
-33.184,1000.156,33.428
-35.380,995.032,41.236
-31.720,980.148,38.064
-28.792,980.636,44.408
-35.624,982.588,47.580
-40.504,978.440,44.408
-32.696,986.736,32.452
-39.040,995.276,28.548
-39.040,994.300,23.180
-33.428,1001.620,20.496
-34.160,999.668,26.352
-35.868,991.128,29.036
-21.228,994.300,24.644
-27.816,994.544,23.424
-27.084,997.472,31.232
-28.548,997.716,41.480
-31.232,988.932,34.160
-31.964,987.956,39.528
-29.524,991.372,41.236
-29.280,989.176,35.136
-30.988,996.008,35.868
-36.112,997.228,33.916
-37.088,994.544,30.500
-31.232,1001.132,21.228
-30.500,997.960,20.252
-27.084,998.692,30.988
-26.352,991.860,38.308
-27.572,981.124,38.552
-19.276,981.856,31.720
-27.328,984.296,36.356
-23.912,989.176,39.528
-33.428,984.296,39.528
-42.456,981.124,32.208
-34.648,984.784,23.668
-35.624,991.860,20.740
-29.768,996.008,10.492
-34.648,999.912,18.056
-39.772,996.984,18.544
-39.284,994.056,20.252
-42.944,991.128,39.284
-41.236,987.468,38.064
-32.696,981.856,21.716
-40.016,982.344,45.384
-47.336,979.172,51.240
-38.796,980.880,34.892
-37.332,986.980,32.208
-39.284,996.496,27.084
-33.184,997.228,16.104
-33.916,999.180,22.936
-27.572,990.640,26.352
-35.868,986.248,33.672
-31.964,982.100,24.156
-34.892,982.832,35.136
-37.820,991.372,43.432
-33.672,986.736,27.084
-42.456,985.760,38.308
-42.944,990.152,39.040
-35.868,982.100,27.572
-38.796,979.172,36.356
-42.212,986.980,38.552
-33.428,989.908,17.568
-31.232,1000.644,23.180
-25.132,1007.476,22.692
-27.816,999.424,12.200
-15.860,1000.400,5.124
-26.352,1007.232,29.036
-25.864,996.252,22.692
-29.280,989.176,27.816
-39.040,978.928,36.356
-44.652,985.516,37.332
-41.968,988.444,43.676
-38.064,987.712,41.236
-48.556,985.760,34.648
-50.996,989.908,36.356
-42.944,992.348,38.308
-30.012,990.396,22.448
-22.936,996.740,15.616
-27.084,994.544,24.400
-21.716,987.956,25.376
-25.864,990.884,27.328
-31.476,985.028,38.308
-29.280,985.272,36.356
-38.064,991.372,38.064
-33.672,984.296,25.376
-38.308,989.908,28.792
-35.136,989.664,27.816
-38.552,994.544,21.472
-42.212,989.908,29.768
-44.408,988.932,30.988
-41.968,989.908,24.644
-39.528,984.296,32.452
-35.868,986.736,28.304
-31.476,992.592,17.324
-38.308,989.664,31.232
-37.576,988.932,34.892
-37.332,989.908,25.620
-31.232,995.764,20.496
-30.256,1005.036,22.692
-31.964,1002.352,14.884
-30.500,999.912,22.936
-29.036,992.104,31.720
-37.576,986.492,49.044
-41.236,978.928,45.628
-37.576,978.684,37.820
-38.552,983.564,36.356
-42.456,989.664,35.380
-43.920,991.616,34.404
-42.944,987.224,38.796
-41.968,988.688,34.892
-39.772,992.836,24.156
-30.988,995.520,17.812
-23.912,999.424,22.936
-26.840,993.568,28.304
-30.744,986.248,35.380
-31.476,982.100,37.332
-31.232,984.052,26.840
-34.160,988.932,30.500
-35.136,991.860,30.744
-41.724,986.736,31.720
-43.676,980.880,35.136
-48.800,978.440,35.380
-44.652,985.516,32.208
-42.212,990.152,32.208
-45.628,993.812,35.380
-42.212,996.740,32.940
-40.016,999.668,35.624
-32.940,998.692,32.940
-26.840,1000.400,36.600
-21.228,997.960,33.916
-20.984,996.740,32.696
-23.180,997.228,37.576
-24.156,992.592,38.064
-24.888,992.104,45.384
-28.792,992.592,44.164
-33.916,990.152,42.212
-43.188,995.764,53.192
-42.700,994.788,41.968
-32.696,1001.864,30.012
-40.260,1005.524,38.064
-54.168,1007.964,40.260
-57.584,1003.572,21.228
-63.684,1013.820,23.424
-70.516,1024.556,16.592
-90.768,1025.288,5.612
-142.252,1060.180,34.648
-112.240,1040.172,44.408
-184.708,1025.288,18.788
-256.444,1045.296,39.772
-226.920,1006.500,38.552
-166.652,973.560,90.768
-21.228,957.212,38.796
12.200,779.092,71.736
295.728,704.672,157.136
833.260,697.352,74.176
949.892,600.972,138.348
938.912,497.272,-187.636
1026.264,538.264,-343.064
809.592,507.276,-49.532
1006.988,564.860,45.384
864.004,606.340,168.360
852.780,592.188,226.432
1015.284,334.768,66.368
993.812,267.912,93.696
1141.432,199.592,80.520
1194.380,30.744,165.188
1170.956,-5.612,203.984
1097.512,7.808,186.660
1019.188,58.072,218.380
967.948,119.316,204.228
1007.476,182.268,126.392
970.144,213.012,110.044
908.168,239.120,87.108
913.536,283.284,54.656
875.960,282.796,35.380
783.728,307.684,26.108
743.468,308.904,49.044
647.576,307.684,60.756
643.184,305.000,133.712
563.152,281.332,127.856
637.572,257.908,45.140
529.968,236.192,34.648
572.912,256.688,20.496
583.160,236.192,53.192
504.836,170.068,22.692
611.708,127.368,28.304
587.308,116.388,21.716
524.600,168.604,67.832
637.816,163.968,104.676
626.348,76.616,39.772
884.744,81.496,-62.708
844.484,61.488,-29.036
746.152,43.432,15.128
862.784,-4.636,84.912
927.444,-114.924,15.372
1025.532,-131.516,81.496
1099.220,-108.824,108.824
912.804,-103.944,47.580
956.480,-103.700,140.300
1160.464,-216.184,109.312
1226.832,-281.576,41.480
1273.192,-346.236,128.832
1432.524,-408.212,111.264
1316.380,-470.188,74.908
1430.328,-389.912,69.784
1374.208,-380.640,62.464
1388.360,-391.132,142.496
1464.976,-437.492,73.932
1416.664,-454.328,36.356
1403.732,-394.304,71.004
1388.604,-381.372,72.224
1333.704,-395.524,66.856
1369.084,-419.192,124.440
1271.484,-443.836,135.176
1125.816,-441.152,147.864
1239.520,-377.956,100.040
1194.624,-356.728,78.080
1165.588,-353.068,112.240
1149.484,-368.684,112.240
1011.136,-369.172,156.892
927.688,-359.656,220.576
1191.696,-364.536,202.032
1264.896,-423.340,190.808
1192.916,-456.768,236.680
1069.208,-417.972,334.768
1229.272,-352.824,154.452
1122.888,-345.504,265.228
951.844,-244.732,406.992
1118.984,-135.908,238.876
1165.588,-115.656,-58.072
918.904,-4.636,159.576
847.412,136.640,-25.864
265.716,426.512,90.036
318.176,814.716,135.176
836.432,857.172,48.068
514.840,853.512,-210.328
419.680,916.952,-18.544
254.004,906.704,-25.620
223.260,901.824,151.280
307.440,879.620,-126.880
227.652,892.552,-49.044
55.632,919.148,73.200
-61.244,885.964,144.204
-26.596,832.284,29.524
10.492,838.384,-85.400
24.400,869.128,-113.948
27.572,918.904,-153.232
70.272,947.696,-104.432
91.744,961.604,-43.920
171.288,947.208,-94.184
283.284,952.332,-190.564
224.480,973.316,-52.948
195.932,987.468,24.400
270.840,967.216,-102.236
233.020,989.420,-80.764
190.808,1008.940,-42.944
190.320,1001.620,-101.260
173.484,1007.232,-56.364
190.076,982.832,-38.552
237.168,972.340,-71.004
236.192,977.708,-53.436
266.448,996.740,-38.552
240.584,986.248,8.540
257.908,974.048,-19.764
241.316,956.480,6.344
243.756,931.592,20.252
271.328,923.296,10.980
263.032,928.908,7.564
262.056,938.668,14.152
260.348,941.108,-4.392
252.784,952.576,-4.392
235.948,961.116,13.420
256.444,953.552,-16.836
280.356,960.140,-28.304
273.524,969.900,2.196
284.992,980.392,-25.376
255.712,975.756,33.428
304.268,966.484,-49.288
248.636,980.880,1.952
246.196,964.044,22.692
291.092,963.556,-63.928
263.032,979.660,-27.084
255.712,977.220,-6.344
288.408,979.660,-59.048
233.020,980.636,15.860
272.060,955.260,-21.960
283.040,963.068,-51.972
248.148,970.388,8.784
238.632,967.460,1.220
234.484,960.872,1.220
248.148,954.284,-12.200
247.172,949.648,-20.252
253.028,950.136,-12.688
264.984,962.336,-19.520
249.856,963.068,2.928
267.180,969.656,-20.496
245.220,962.092,-10.004
265.472,956.236,-32.940
255.468,968.192,-21.960
249.856,967.704,-15.372
254.736,965.508,-24.156
248.148,970.144,-25.864
238.388,969.656,-0.244
261.568,964.288,-26.840
251.320,971.120,-28.304
254.736,972.584,-13.176
252.296,969.412,-6.100
257.176,965.508,-19.764
256.932,961.116,9.516
256.444,955.260,-5.368
259.860,955.260,-29.524
259.616,962.824,-11.956
242.536,964.532,7.564
241.804,955.260,-11.468
254.004,949.648,-33.672
254.248,963.556,-24.156
269.864,972.340,-16.104
252.784,976.488,-8.052
250.588,974.780,-4.636
280.600,974.048,-32.208
264.496,982.100,-10.492
260.348,981.368,-13.664
258.396,984.052,-20.252
247.660,983.076,-12.688
254.980,983.564,-22.692
269.376,987.468,-13.908
275.964,994.544,-23.424
244.244,1001.864,15.372
254.736,1014.796,-4.636
282.552,1055.300,-25.620
255.224,1096.780,-8.296
262.544,1166.808,-17.812
267.912,1230.492,-45.140
281.820,1279.048,-35.136
318.908,1304.668,-72.956
250.832,1331.508,-3.416
268.888,1338.828,20.252
298.412,1377.380,-2.928
274.988,1405.440,5.124
316.712,1388.116,24.156
289.384,1342.976,61.976
337.696,1292.712,22.936
254.248,1260.748,70.272
240.096,1213.900,100.772
226.676,1152.168,101.260
262.788,1100.196,64.416
285.480,1047.248,-20.008
168.604,1027.240,106.872
163.236,963.556,86.620
146.888,903.044,42.212
141.032,847.656,-37.820
34.892,856.928,65.880
-16.348,790.072,94.916
0.244,727.120,107.360
49.288,637.328,46.116
28.548,604.632,25.864
1.464,608.292,61.488
-28.304,604.144,105.164
-3.660,603.656,78.812
29.036,619.272,27.328
-60.756,671.976,94.916
-83.204,706.380,137.372
14.884,726.388,63.684
-30.744,752.008,92.476
-3.172,806.176,63.196
-66.612,846.436,108.824
-86.620,873.520,68.320
-161.284,921.344,79.788
-199.348,971.608,72.956
-274.988,1013.088,47.580
-264.740,1053.104,65.880
-132.248,1044.808,54.412
-88.816,1042.124,-6.344
-159.576,1013.820,-31.476
-45.140,936.960,-22.448
37.820,848.144,-72.468
40.260,720.288,-22.448
458.232,655.872,-8.052
848.876,526.552,-130.540
858.148,527.772,107.604
1041.636,411.628,654.164
1043.588,-13.420,203.984
994.544,-53.192,-116.632
988.932,107.848,149.328
1188.280,180.072,28.060
1367.864,125.660,40.748
1212.680,46.360,198.860
1051.640,-71.980,103.456
1020.408,-34.160,113.216
908.168,71.736,159.088
954.284,196.176,47.336
994.056,243.268,4.392
912.316,245.708,78.568
905.484,254.736,13.420
1011.868,271.572,-1.952
976.244,271.572,13.176
911.096,301.584,7.320
908.900,256.444,4.392
918.660,233.752,20.984
937.448,236.192,-0.732
837.408,209.596,51.728
856.684,204.228,25.620
840.580,225.700,2.684
754.204,234.728,42.456
698.328,236.924,-1.952
684.908,252.052,-30.988
626.348,260.836,5.124
664.900,234.972,-15.616
572.912,227.164,23.424
614.636,199.836,62.464
576.328,151.768,62.952
762.012,147.864,6.100
704.428,106.140,38.308
709.308,97.600,71.492
733.464,60.756,10.492
786.900,50.264,56.364
845.948,66.368,-17.812
832.528,73.200,48.312
802.760,25.864,87.840
971.120,-13.908,15.128
990.152,-64.904,-30.744
1022.848,-39.284,62.464
990.152,-61.732,125.904
1015.528,-87.596,87.352
1041.636,-97.112,59.536
997.472,-96.136,36.600
1140.456,-149.328,103.456
1085.068,-255.468,174.704
1193.160,-251.320,129.808
1255.380,-244.976,93.696
1317.844,-280.112,97.356
1414.712,-314.760,36.844
1474.736,-291.092,-10.980
1470.344,-276.452,10.980
1465.464,-264.740,-3.660
1413.248,-281.820,34.160
1354.932,-318.176,65.636
1337.852,-310.368,46.604
1345.416,-328.424,72.468
1284.660,-340.380,68.808
1284.904,-351.604,91.744
1291.492,-374.784,106.384
1196.332,-368.684,94.184
1128.012,-305.976,88.572
1078.480,-277.916,84.424
1053.592,-258.640,65.392
1028.948,-249.856,33.184
996.008,-253.028,91.744
1032.120,-265.960,108.336
771.284,-309.392,94.184
949.892,-214.232,83.448
998.692,-246.440,99.796
1109.712,-254.492,75.884
1349.320,-278.160,94.916
1348.588,-357.948,154.452
1124.352,-382.836,199.348
1047.004,-351.604,192.272
1097.512,-246.684,73.932
787.632,-152.012,408.944
1078.236,-74.908,217.648
959.408,-97.112,152.988
974.048,121.268,87.840
1002.840,244.732,185.440
347.212,388.204,156.648
-18.788,737.612,298.656
902.556,877.668,-133.468
370.636,919.880,-194.956
195.200,1182.424,-173.484
107.848,1071.892,52.704
73.200,986.980,-65.636
-15.616,987.468,-94.184
6.588,905.972,-132.736
26.352,906.460,0.976
-7.808,917.684,59.780
47.580,920.856,-16.592
97.112,973.072,-99.064
54.168,1017.236,-8.296
103.212,1000.400,-36.600
124.196,1015.284,-110.288
127.124,1033.828,-95.892
154.452,1052.128,-128.344
152.988,1061.644,-122.976
128.832,1031.144,-44.408
144.204,983.076,-53.680
161.040,968.680,-96.868
156.160,968.436,-35.868
138.348,965.508,-14.884
96.868,951.600,-18.300
142.252,949.404,-90.768
129.076,962.092,-69.296
151.280,982.832,-75.884
162.016,980.880,-48.556
144.936,968.192,-33.184
231.556,974.536,-79.788
190.320,985.028,0.732
194.224,975.756,15.128
201.300,963.312,-22.692
150.304,948.916,30.500
208.620,959.896,-64.172
169.824,986.492,-19.520
153.720,982.588,-3.904
159.332,957.944,-33.184
193.248,957.456,-82.228
197.152,988.444,-77.592
180.804,1004.060,-30.012
170.556,993.324,-36.356
177.632,973.804,-39.284
177.144,964.776,-33.672
182.024,962.580,-35.136
202.032,970.144,-60.756
172.752,975.756,-51.240
154.940,966.240,-34.404
168.360,963.800,-57.584
183.488,975.024,-73.932
195.932,980.880,-56.120
187.148,978.928,-40.504
170.556,969.412,-31.964
183.244,976.732,-47.824
176.412,980.636,-38.552
185.928,986.004,-44.408
206.424,993.568,-68.320
150.304,989.176,-13.664
167.872,963.312,-25.620
254.736,967.948,-131.028
193.004,1000.644,-40.504
215.696,1013.576,-51.728
201.300,1020.896,-57.340
202.032,1021.872,-32.208
224.480,1026.020,-63.684
239.120,1041.880,-92.476
189.344,1053.592,-42.700
186.660,1035.780,-45.140
176.168,1022.360,-59.780
184.220,1043.588,-72.712
196.176,1065.792,-60.512
206.912,1068.720,-77.836
187.392,1060.912,-47.092
155.184,1055.300,-8.052
187.392,1070.184,-33.672
186.172,1100.440,-27.084
187.636,1122.644,-29.036
162.992,1140.212,-37.088
155.916,1162.172,-59.780
135.420,1199.992,-90.768
108.824,1239.520,-101.992
96.624,1231.956,-90.036
142.984,1206.092,-118.584
156.404,1185.840,-82.716
132.980,1168.028,-22.692
140.788,1158.512,1.708
80.764,1144.848,35.380
56.120,1139.968,44.408
102.968,1123.132,9.028
125.416,1111.420,-6.100
111.508,1095.804,-9.272
41.968,1095.072,45.384
5.856,1049.200,64.416
74.664,1013.576,24.888
64.416,1006.012,2.928
48.556,992.348,40.992
68.808,957.700,47.336
41.480,933.056,50.264
40.992,897.920,63.196
79.788,874.984,62.952
89.792,864.004,51.484
68.076,837.896,87.596
20.740,833.016,119.316
33.916,835.212,97.844
27.328,851.804,62.220
36.600,865.712,40.260
29.524,858.148,13.664
8.052,848.876,55.632
20.252,830.576,52.704
18.300,827.404,41.724
15.128,830.088,57.096
-9.272,834.480,54.412
-28.304,825.940,25.620
-46.604,841.800,26.108
-43.188,840.580,-11.468
-66.856,845.460,4.148
-89.792,847.900,27.816
-93.940,848.144,19.520
-114.192,861.564,31.720
-130.052,857.172,35.380
-150.792,868.152,21.472
-145.180,900.360,15.860
-180.072,915.976,19.764
-183.488,921.588,1.464
-206.424,912.560,12.444
-227.408,926.956,27.572
-214.476,933.788,26.352
-224.724,958.920,5.856
-221.796,975.756,12.688
-224.724,989.664,9.028
-233.264,1009.672,1.464
-258.396,1029.680,-14.640
-257.908,1054.080,12.444
-284.748,1085.068,46.360
-321.104,1092.144,39.528
-254.004,1109.712,10.980
-141.764,1094.828,1.220
-44.164,1076.284,-70.760
-86.376,1070.916,-32.696
-165.188,979.904,62.708
27.572,850.584,-39.284
317.200,755.668,-153.476
336.232,630.984,-156.404
782.996,562.908,-60.512
908.168,410.652,88.084
853.024,227.896,287.188
804.224,46.848,520.452
848.144,-2.440,372.588
1365.180,80.276,-101.992
1169.004,158.600,52.460
1058.472,164.700,208.376
1132.648,48.068,140.300
1119.228,27.328,214.964
1120.692,54.900,164.212
936.472,126.392,155.428
996.008,224.480,55.632
920.612,264.252,43.676
889.624,312.564,55.388
920.124,338.428,34.160
903.776,307.196,58.804
878.644,301.340,50.752
787.388,303.780,35.624
820.084,307.196,20.496
678.808,253.272,60.024
740.296,265.716,30.012
721.752,240.340,-12.200
638.548,253.028,38.796
648.064,232.532,11.956
545.340,217.648,44.164
643.672,255.956,51.728
649.284,195.932,25.620
561.688,134.444,21.228
678.320,150.060,0.976
636.840,167.872,44.164
683.688,128.344,54.168
741.272,102.724,-55.144
813.008,109.800,-59.780
740.540,105.652,-15.860
702.232,95.648,11.712
791.048,59.292,-0.976
869.616,59.048,-3.660
863.272,66.124,-73.200
944.768,62.952,-101.260
891.576,3.416,49.044
935.740,-39.284,45.872
1116.788,-62.220,-4.148
1148.996,-66.124,79.056
1241.716,-55.632,-12.200
1319.796,-63.928,-27.328
1368.840,-87.596,-51.240
1484.496,-108.092,-87.352
1574.288,-142.008,-113.704
1446.920,-159.088,-35.380
1426.180,-196.908,28.304
1400.560,-246.196,55.876
1429.108,-252.540,37.332
1454.728,-232.776,19.764
1354.688,-200.080,22.448
1292.224,-187.880,44.652
1320.284,-190.564,35.380
1297.348,-215.696,44.164
1262.212,-215.452,17.080
1250.988,-216.428,38.796
1178.032,-214.720,38.308
1184.864,-209.352,26.840
1148.020,-199.348,59.292
1090.192,-197.152,86.620
1080.188,-206.668,105.408
1079.944,-211.548,99.796
1163.148,-217.160,76.616
1076.284,-213.744,124.928
1107.272,-191.296,95.160
1198.528,-165.676,40.504
1098.732,-155.428,100.284
1042.856,-117.852,152.988
1110.200,-103.456,115.168
1078.236,-82.472,194.956
1346.880,-68.808,59.536
1287.832,-107.116,-13.908
964.776,3.904,191.540
852.292,170.068,105.408
705.160,348.188,50.020
381.860,613.660,146.400
325.252,853.512,-10.980
603.900,990.884,-32.940
486.292,941.352,62.708
259.372,889.380,92.720
293.532,843.996,17.568
208.376,831.796,74.664
189.100,819.840,27.084
66.368,859.856,94.672
-14.152,870.836,34.648
-32.452,882.792,-6.588
84.668,946.720,-138.592
70.760,1032.364,-152.256
85.156,1034.316,-115.168
82.228,1032.120,-132.492
76.616,1041.392,-112.240
64.172,1049.444,-112.240
101.992,1029.924,-51.240
160.064,1021.872,-113.460
177.876,1022.360,-101.748
158.112,1008.696,-36.600
163.724,989.664,-59.292
162.992,985.760,-65.636
165.432,995.276,-55.876
170.312,981.124,-12.688
134.932,964.776,-13.664
143.960,942.816,-25.132
166.408,953.796,-59.048
181.292,959.652,-51.240
233.752,973.560,-84.912
204.960,978.196,-29.524
234.728,956.236,-29.524
284.260,967.460,-38.796
257.664,980.148,17.812
223.748,966.240,36.600
251.564,950.136,-21.960
211.060,987.712,2.440
193.004,980.392,12.688
204.472,980.636,-69.052
166.408,992.836,-55.144
197.396,973.560,-64.660
186.904,973.072,-45.140
206.668,963.068,-44.652
223.504,977.952,-73.200
183.488,986.736,-40.260
193.248,982.344,-64.660
168.360,980.392,-59.292
186.416,961.604,-56.608
230.336,969.900,-87.352
205.204,977.220,-51.240
221.064,971.120,-42.944
244.488,967.460,-54.412
213.988,974.292,-3.172
227.896,968.192,-14.884
240.828,976.000,-52.460
198.616,976.976,-6.344
235.704,967.948,-74.664
211.060,976.976,-42.456
188.856,959.408,-18.056
261.568,955.748,-94.672
224.236,975.024,-37.576
249.368,976.488,-52.460
229.848,987.468,-42.944
206.912,972.340,-24.888
213.500,965.020,-55.388
195.932,963.312,-44.408
222.040,971.608,-77.592
193.492,977.464,-52.460
225.944,965.752,-56.852
202.764,970.876,-36.112
198.860,959.408,-21.960
251.564,961.604,-93.940
240.096,991.860,-67.344
207.156,994.300,-42.700
187.636,985.516,-48.800
241.804,970.144,-81.496
221.064,975.024,-37.332
264.984,983.564,-90.036
233.508,1000.400,-50.752
205.936,993.324,-20.008
199.104,976.976,-35.868
216.916,967.216,-55.144
223.992,975.512,-50.264
224.724,980.636,-48.312
217.648,977.708,-43.188
221.064,975.268,-27.084
237.900,977.464,-37.088
236.924,973.316,-31.720
264.008,977.952,-61.488
237.900,1000.156,-25.620
225.456,1008.940,-16.836
212.280,1030.656,-22.204
214.720,1058.472,-20.252
209.352,1112.884,-34.160
241.804,1149.972,-76.860
242.292,1184.864,-84.180
221.064,1209.020,-50.020
224.480,1232.200,-70.028
228.628,1243.424,-97.600
258.884,1247.084,-97.356
221.064,1261.724,-92.476
257.908,1275.388,-104.920
216.672,1260.992,-67.344
198.372,1233.908,-10.736
150.304,1205.604,12.444
129.076,1154.608,13.908
158.600,1112.152,-52.460
115.168,1101.416,-15.860
79.788,1084.580,-38.552
53.680,1062.864,-18.544
74.664,1037.732,-20.740
49.288,1012.356,0.976
15.860,1005.280,29.280
3.904,981.612,35.380
28.548,986.980,8.052
-12.932,1000.644,40.748
89.304,972.828,-17.324
46.116,959.164,-5.368
38.796,951.844,22.448
15.128,975.512,44.164
5.124,969.412,28.060
28.304,969.900,-64.172
-10.492,941.840,-44.896
-10.248,887.184,-0.488
-8.052,836.432,19.520
11.224,787.144,43.920
53.924,754.936,28.060
30.744,747.372,8.540
22.692,731.756,42.944
26.596,716.628,34.892
70.516,726.632,3.416
11.956,759.816,66.612
-36.844,772.260,48.556
-72.712,762.012,49.044
-83.448,773.968,55.876
-39.284,808.616,12.932
-54.168,879.376,-35.136
-128.344,897.920,-8.052
-190.320,895.480,25.132
-188.368,892.308,17.080
-185.684,907.680,20.496
-163.968,935.740,-27.084
-172.996,974.048,-27.084
-213.744,1002.840,-35.136
-253.272,1024.068,-30.988
-292.068,1049.200,6.344
-371.856,1064.328,30.988
-231.312,1056.276,-47.336
-146.156,1039.440,-71.980
-48.556,976.244,-86.132
50.508,907.436,-99.064
-93.940,826.428,15.860
169.092,652.212,21.472
469.212,567.056,-31.720
634.156,429.196,-4.392
932.080,437.980,-175.924
1109.224,383.324,-12.688
1113.860,299.632,213.988
1219.024,205.448,34.892
1049.688,193.980,84.668
999.424,250.588,162.260
1082.140,277.916,67.588
1266.116,185.196,47.580
1069.452,107.116,146.156
1029.436,149.816,119.316
1051.640,187.148,111.996
1051.884,242.780,86.620
1042.124,263.520,61.000
869.860,295.240,58.560
920.856,316.956,34.648
928.420,317.688,35.868
874.984,319.640,5.856
799.100,312.808,7.808
740.296,361.852,32.696
617.320,330.620,66.856
705.892,295.972,55.144
663.924,246.928,48.068
629.520,248.392,46.604
564.372,268.644,66.612
673.196,289.628,7.076
706.868,257.420,-16.104
640.744,198.128,-35.624
680.760,216.184,-13.908
725.900,187.636,-21.716
719.800,128.832,12.444
722.972,122.488,11.956
697.108,119.072,9.272
725.656,117.852,8.540
708.332,77.592,43.676
717.360,91.988,47.580
823.256,83.692,70.516
948.672,44.652,-49.288
1074.576,26.596,-115.900
1009.672,40.504,-121.024
772.748,53.680,82.960
869.128,-8.296,145.424
1037.732,-108.336,26.596
1141.188,-111.264,28.792
1152.900,-86.376,23.424
1069.696,-116.632,73.200
1284.172,-142.740,99.308
1362.496,-197.152,77.348
1407.148,-206.180,22.936
1428.132,-173.484,4.392
1459.852,-182.024,-42.456
1408.124,-218.868,2.196
1395.436,-230.580,18.056
1293.444,-222.528,43.920
1359.080,-223.260,70.516
1372.988,-233.508,43.920
1332.240,-234.728,20.252
1304.424,-205.448,-4.636
1339.804,-199.348,-23.180
1282.952,-220.088,21.716
1248.060,-243.512,20.740
1148.264,-260.836,66.856
1153.632,-270.108,70.272
1132.648,-262.788,50.508
1082.872,-257.908,88.084
1016.260,-246.440,73.444
976.488,-222.772,66.368
1029.924,-233.752,66.124
1136.552,-254.980,70.516
1280.756,-278.160,111.264
1215.608,-338.428,135.176
982.588,-304.756,181.292
1116.300,-230.824,148.352
1128.012,-224.236,166.408
1277.340,-194.956,66.368
1379.576,-219.356,22.936
1136.796,-226.432,222.772
880.108,-141.032,315.004
695.644,49.288,285.968
772.748,285.724,92.720
551.928,504.592,31.964
1.708,809.592,68.320
314.272,1017.724,-23.424
387.716,993.324,-170.312
190.808,999.180,-205.692
199.836,960.872,-167.384
236.680,883.524,-127.368
194.224,866.200,-97.600
197.640,863.028,3.904
259.616,879.132,-53.192
387.960,899.140,-147.620
373.320,981.612,-137.372
335.988,1009.428,-43.188
267.668,977.220,-13.908
224.724,958.188,-43.920
212.768,965.996,-54.656
257.664,972.828,-144.692
247.416,990.152,-145.424
243.512,981.612,-102.236
249.368,965.020,-103.700
295.240,963.556,-133.956
338.916,966.484,-90.768
343.308,973.316,-99.064
319.884,968.192,-66.368
266.448,952.820,-40.260
277.428,945.988,-64.416
303.048,963.800,-112.728
283.528,958.188,-68.076
276.208,934.764,-61.000
315.980,917.928,-73.200
313.296,925.980,-60.268
348.920,913.780,-62.220
334.036,911.584,-50.264
331.108,916.708,-45.872
335.256,927.444,-49.288
335.744,921.344,-44.164
348.920,915.976,-44.164
366.732,936.228,-52.948
354.532,944.036,-26.596
354.776,948.184,-41.968
331.108,944.280,-31.720
334.524,943.304,-55.388
363.316,960.628,-101.992
328.668,970.144,-58.316
324.032,966.728,-56.608
309.392,960.628,-52.460
328.180,953.308,-58.560
333.060,954.040,-61.000
344.284,951.356,-69.296
318.664,953.796,-44.164
301.584,942.572,-20.008
345.016,927.688,-64.904
326.228,948.428,-42.212
380.152,947.208,-74.664
345.504,954.528,-53.680
318.176,952.576,-23.180
314.516,946.720,-48.068
288.164,940.864,-40.504
304.756,925.248,-55.632
340.380,934.032,-96.624
369.660,946.232,-105.896
324.764,952.820,-56.852
368.684,941.352,-94.428
348.432,951.112,-52.460
333.792,944.280,-20.496
341.112,934.764,-32.452
355.996,938.424,-52.460
346.968,949.648,-29.280
349.164,964.044,-61.732
331.840,973.560,-50.508
333.060,966.728,-53.192
324.520,963.312,-48.068
366.244,965.508,-88.816
344.040,970.632,-49.044
339.892,964.044,-36.112
316.956,954.772,-15.128
327.448,958.920,-49.532
331.596,991.128,-58.316
330.620,1026.752,-59.048
312.564,1062.620,-59.536
306.952,1100.440,-58.316
323.300,1148.508,-79.544
355.020,1186.084,-75.884
370.148,1216.096,-94.428
365.024,1238.300,-81.252
379.664,1241.716,-84.668
318.664,1264.652,-81.984
336.232,1298.568,-97.356
321.104,1293.688,-99.308
345.992,1243.668,-114.680
294.752,1198.284,-41.236
268.156,1149.484,-2.928
186.660,1105.564,42.212
191.784,1074.820,-11.712
211.548,1074.088,-87.108
182.512,1067.012,-58.316
182.024,1040.416,-31.232
125.904,1029.680,18.544
125.904,996.740,37.576
147.864,950.380,-4.148
107.848,926.224,14.152
68.320,927.932,35.624
53.680,953.308,52.460
80.520,928.176,4.392
119.316,891.576,-7.320
116.876,869.372,37.820
82.960,862.784,70.272
91.500,865.712,30.744
52.460,860.832,28.548
77.348,837.164,-10.248
37.332,809.104,11.712
72.224,763.964,-13.664
43.676,745.420,19.764
4.392,752.984,58.560
-35.868,748.592,53.924
-28.548,737.856,13.176
-11.712,747.372,19.276
-33.184,793.488,23.912
-27.084,808.128,3.416
-111.996,826.916,58.316
-99.796,839.604,7.564
-94.428,874.740,-35.380
-134.200,904.264,-25.864
-150.792,934.520,-25.620
-190.320,961.604,-6.100
-241.560,999.668,-18.300
-287.432,1039.440,14.640
-372.344,1060.180,39.528
-276.452,1088.240,-43.432
-141.520,1115.324,-128.100
-73.688,1080.676,-121.512
-53.436,1012.844,-34.892
-69.052,874.984,-9.760
82.228,706.868,-51.484
270.352,606.828,-45.140
640.744,503.372,-204.228
593.652,363.316,101.260
986.248,227.896,225.456
1266.848,80.032,10.004
952.820,10.980,231.312
902.068,52.704,328.424
1071.892,0.732,24.888
1199.992,79.300,19.276
1223.416,41.480,47.336
1199.504,-95.648,111.264
1170.224,-97.600,107.604
1077.748,-66.368,122.732
956.724,17.080,152.500
1128.012,120.048,34.648
1042.612,109.312,19.032
921.344,135.664,96.136
947.208,108.092,104.188
930.860,113.704,105.164
925.248,147.132,67.344
901.092,132.492,63.440
814.228,115.900,43.920
842.532,130.296,33.184
766.160,150.548,69.052
797.636,167.140,-25.376
690.032,176.168,-6.832
612.928,222.528,-0.488
558.516,186.904,-11.956
702.476,127.124,-26.352
742.004,72.956,-23.180
803.248,48.312,-6.344
699.304,-1.952,-0.488
763.476,8.296,2.196
844.972,-7.808,3.416
856.196,50.020,27.328
879.864,14.152,-85.156
942.572,18.056,-121.024
838.384,46.360,-58.560
870.592,50.996,-55.876
788.120,15.860,-28.060
777.872,1.708,-1.708
892.308,7.564,-4.636
970.144,-87.596,49.044
1063.596,-158.844,34.160
998.936,-166.652,19.764
1090.680,-152.500,-14.152
1104.832,-157.136,54.168
1257.576,-180.316,-2.684
1179.984,-217.160,14.396
1151.924,-211.060,8.540
1250.988,-147.620,-52.704
1370.792,-65.880,-88.816
1373.720,-53.192,-39.772
1372.744,-61.000,-57.828
1426.912,-96.380,-1.220
1418.860,-135.420,18.300
1431.304,-140.300,23.668
1362.252,-134.444,47.824
1405.928,-139.568,24.156
1322.968,-150.060,11.468
1216.096,-153.964,48.068
1178.520,-155.672,55.632
1146.556,-150.548,64.904
1139.480,-157.380,18.300
1132.404,-152.988,22.692
1046.760,-137.128,54.168
1011.868,-138.836,35.380
1050.908,-139.568,22.204
1050.176,-150.792,15.128
1044.808,-158.356,17.324
1026.020,-179.584,60.024
1053.592,-196.420,52.704
1196.332,-213.744,80.276
1409.344,-231.068,-4.392
1206.580,-271.328,93.696
1056.520,-228.384,182.024
1021.872,-196.664,184.708
1118.984,-142.008,164.456
1247.328,-101.016,70.516
1325.408,-49.044,-0.488
1149.972,-44.164,92.232
884.012,-6.344,155.184
931.592,92.964,148.596
714.920,287.920,112.240
141.276,644.648,185.196
216.428,1028.948,-3.416
325.984,1017.236,-70.272
248.392,1044.320,-145.424
118.096,1004.792,-87.108
86.376,916.220,-120.292
33.672,874.008,-121.512
-13.664,863.028,-12.444
-29.280,838.628,63.928
61.488,867.420,-13.908
97.600,916.220,-17.324
133.468,949.892,3.904
125.904,969.168,-1.464
100.040,987.712,28.792
164.700,1011.380,-52.216
146.888,1029.680,-20.252
154.696,1023.580,20.496
227.408,1014.796,-67.832
204.716,1028.948,-40.504
222.284,1017.236,-15.860
264.252,1021.140,-89.060
218.868,1009.672,-25.132
301.340,973.072,-36.844
286.944,983.076,-46.848
258.152,948.428,34.160
248.148,919.636,17.080
243.268,918.660,-20.740
200.080,922.320,26.108
266.448,921.100,-49.288
232.776,958.676,-93.208
209.840,960.384,-44.896
288.896,988.688,-132.492
259.128,1019.432,-74.420
263.520,1013.576,-17.324
247.172,996.008,-13.664
232.532,975.268,0.000
283.772,955.992,-11.224
264.008,961.604,-14.396
229.604,948.916,9.028
257.664,937.692,-1.708
306.464,945.012,-61.488
273.280,956.724,-9.760
302.804,958.676,-35.868
322.080,958.920,-44.652
294.508,956.724,-11.956
315.492,963.068,-35.624
304.756,971.364,-42.944
282.552,966.728,-33.916
272.060,968.436,-50.264
250.832,970.632,-24.156
241.316,977.708,-29.280
262.056,973.316,-50.020
282.308,975.268,-62.952
278.160,979.416,-33.428
296.948,977.220,-43.432
305.976,979.660,-41.236
281.820,960.384,1.220
271.084,940.864,1.952
325.008,930.860,-52.948
274.988,940.132,8.052
274.256,936.228,-10.004
239.364,942.572,-1.952
295.972,945.988,-30.988
335.012,986.980,-62.220
332.816,1021.384,-42.212
299.632,1034.072,1.708
248.392,1022.116,29.036
228.384,1021.140,28.792
279.136,1050.420,-45.140
316.956,1103.612,-95.160
311.588,1141.432,-68.564
305.488,1152.656,-68.564
291.336,1158.756,-44.164
273.768,1167.296,-13.420
287.920,1179.984,-27.084
295.484,1205.360,-45.628
295.972,1224.636,-69.540
278.160,1245.864,-75.884
283.040,1233.908,-82.228
267.424,1204.384,-71.492
288.652,1168.516,-85.156
264.984,1153.876,-72.712
239.120,1136.552,-40.504
174.460,1138.748,-57.096
190.076,1119.472,-55.632
146.888,1081.164,-9.028
190.564,1034.316,-44.652
179.584,1030.900,-51.240
146.400,1041.636,-44.896
113.460,1032.364,-12.932
111.752,1016.748,-27.328
140.544,995.032,-50.020
191.052,976.976,-52.460
127.368,958.432,9.516
99.308,971.608,34.648
25.864,948.184,73.444
16.836,902.068,48.556
106.384,848.388,-57.584
26.108,843.508,12.932
73.200,787.388,15.616
49.776,769.088,-1.952
-0.488,760.060,23.180
-14.884,746.640,16.836
-35.624,738.100,-10.736
-13.420,730.048,0.732
1.220,768.112,10.736
-4.392,789.096,27.816
-27.572,791.048,29.280
-49.776,781.044,34.404
-53.192,788.120,63.440
-39.284,813.740,46.116
-47.580,839.604,24.156
-72.712,876.448,37.820
-106.140,884.500,32.452
-148.352,909.144,26.108
-65.636,926.712,-32.940
-118.096,961.360,14.152
-140.544,977.708,8.784
-121.024,980.636,-7.320
-193.248,999.180,8.052
-112.484,1019.676,-16.836
-112.240,1032.608,5.612
-52.216,1014.308,-6.588
-68.564,1010.648,-4.880
-150.548,1006.256,52.704
-170.556,996.740,39.772
-92.720,993.568,58.072
134.444,912.560,51.484
185.196,865.224,48.312
249.124,805.932,45.140
187.636,722.240,43.920
86.132,649.284,34.648
519.476,598.776,3.904
573.888,400.892,79.300
488.488,351.848,89.548
738.832,262.544,-77.592
1175.104,307.684,-72.956
1112.396,169.336,139.812
1317.112,144.448,-84.180
1178.764,55.388,-58.804
1007.232,55.632,116.144
1205.360,40.260,77.104
1332.240,-34.160,62.464
1204.384,-109.312,90.280
1209.264,-112.240,140.788
1213.412,-135.908,91.012
1180.472,-54.412,98.820
1121.912,10.004,90.768
1056.764,77.104,70.028
1080.920,124.196,43.188
1015.772,117.364,79.056
1007.476,103.456,52.704
1022.116,84.424,59.048
966.728,102.724,47.824
917.196,133.224,61.488
939.888,138.104,34.160
812.276,102.236,20.252
892.064,135.908,4.636
799.832,111.752,19.276
745.664,135.664,72.712
729.804,105.408,60.024
697.352,86.620,41.968
729.804,100.528,13.420
709.308,116.632,-0.488
677.832,97.600,25.864
760.060,61.000,-30.012
769.332,72.956,2.196
763.476,78.080,12.688
856.196,48.312,-21.228
851.560,-6.344,-49.776
863.028,36.844,16.348
819.108,68.076,10.736
780.068,50.020,71.004
886.452,-7.076,-13.908
1006.256,22.936,-57.340
996.008,33.184,-31.232
945.988,-6.344,-31.476
939.400,-52.460,-22.692
1043.832,-48.312,-63.684
1156.804,-29.036,-73.200
1176.812,-56.852,-46.116
1275.876,-68.320,-114.436
1269.044,-87.840,-163.480
1125.084,-55.144,-79.300
1122.400,-19.764,-25.376
1060.668,-59.536,0.000
1069.696,-84.668,16.836
1188.280,-81.252,-38.308
1204.384,-106.140,-22.692
1167.540,-78.568,50.508
1245.376,-100.772,0.732
1296.128,-112.728,9.272
1276.608,-82.716,-21.228
1343.952,-76.372,-48.312
1155.584,-80.276,-12.200
1312.476,-55.632,-14.640
1282.952,-78.568,-21.228
1325.896,-85.888,-22.204
1288.320,-108.092,-32.696
1250.744,-99.552,-45.628
1258.308,-105.408,-57.584
1174.128,-101.504,-36.844
1139.968,-121.756,-17.080
1111.176,-145.912,23.912
1106.540,-163.480,36.356
1102.636,-184.220,33.428
1013.088,-191.296,51.240
1027.728,-174.216,49.044
1088.240,-169.092,38.064
1235.616,-175.924,33.428
1240.008,-207.400,86.864
1145.580,-219.600,127.612
1198.040,-174.460,66.368
1198.284,-133.468,26.840
1191.696,-75.884,-13.420
1149.240,-9.272,-40.748
991.860,43.920,95.648
1029.680,92.964,83.204
962.824,146.400,96.136
1031.144,224.968,-1.952
866.444,369.416,86.864
690.520,537.288,-2.928
237.168,766.648,139.324
141.032,975.268,167.628
219.112,954.040,24.888
89.548,864.248,-64.660
-13.176,853.756,-36.356
-24.644,849.120,-59.048
4.880,882.304,-47.092
-21.228,895.480,-84.668
16.592,926.224,-112.972
21.960,955.504,-101.504
23.912,980.880,-33.184
166.408,986.736,-151.036
82.960,1003.084,-68.808
146.644,987.468,-101.992
166.408,977.708,-120.292
272.304,987.956,-240.340
176.412,1002.840,-132.248
206.180,1002.108,-92.720
151.524,987.712,-68.076
223.260,962.336,-107.604
189.832,974.292,-122.244
174.704,972.096,-68.564
211.792,967.704,-49.532
152.256,953.064,-19.520
222.528,937.692,-19.276
221.064,969.656,-32.452
182.024,972.828,13.420
244.244,949.648,-19.764
270.108,969.168,-67.344
255.468,976.976,-26.108
339.648,1004.060,-75.884
311.100,1035.536,-81.008
282.552,1038.464,-49.044
233.020,1027.240,-17.568
237.168,996.984,-28.548
227.164,966.728,-19.764
244.244,942.084,-32.940
239.852,941.840,-24.888
259.616,951.112,-44.408
252.784,959.164,-49.044
251.076,965.508,-51.728
238.876,958.432,-38.308
280.112,941.596,-74.908
236.436,941.352,-32.940
282.552,936.472,-44.408
329.400,944.280,-93.696
277.916,955.748,-29.036
259.372,955.504,-21.960
269.864,959.164,-36.844
273.768,954.284,-49.044
208.132,964.288,9.760
275.476,954.040,-15.372
318.664,951.356,-58.316
315.980,955.504,-31.720
339.404,976.244,-36.600
302.072,986.980,-13.664
278.404,974.292,8.052
230.336,975.024,20.252
235.216,952.820,12.200
267.180,943.060,-36.844
267.424,960.384,-41.480
275.476,962.336,-56.120
280.600,972.340,-67.100
307.196,990.640,-69.784
313.296,988.688,-52.704
313.052,974.536,-50.996
297.192,954.772,-35.868
284.260,939.644,-11.224
268.644,937.692,-0.732
280.356,943.060,-3.416
265.960,944.280,-13.664
260.836,950.380,-21.228
270.352,954.284,-42.456
269.376,966.728,-48.312
264.008,965.996,-49.044
259.372,964.288,-48.556
287.676,960.628,-71.736
282.064,967.216,-62.952
274.012,973.560,-43.676
250.100,976.244,-23.668
271.328,963.800,-40.016
258.884,963.068,-25.864
264.252,967.948,-24.156
284.748,986.736,-31.720
275.720,1009.916,-32.208
286.944,1052.860,-42.944
301.096,1120.448,-75.884
267.912,1161.928,-74.176
292.312,1179.984,-102.480
281.576,1186.084,-133.224
268.644,1194.136,-145.668
275.964,1219.756,-179.828
251.320,1236.104,-209.352
229.604,1220.732,-178.364
229.116,1199.504,-185.684
189.100,1168.516,-172.508
186.416,1171.444,-240.584
157.624,1199.504,-243.024
158.600,1202.188,-227.408
142.496,1193.648,-212.036
81.984,1179.740,-164.700
110.776,1166.564,-172.996
85.400,1135.088,-138.836
55.632,1116.300,-134.932
77.836,1132.160,-121.268
92.964,1148.264,-109.068
87.596,1140.212,-76.616
157.380,1109.712,-44.896
191.784,1080.188,-14.396
144.448,1051.152,1.952
119.072,1001.864,42.944
83.692,951.356,121.268
95.892,915.244,116.388
164.700,949.648,54.900
75.884,960.872,76.128
-6.832,915.976,117.364
37.088,855.708,118.828
40.504,824.232,101.992
106.872,818.132,51.240
39.528,788.608,114.924
50.508,738.588,130.296
55.876,672.464,96.136
46.116,674.416,76.128
70.760,689.788,23.180
-13.176,683.444,64.660
-58.560,668.072,94.916
-11.712,659.044,37.088
-53.680,697.108,70.028
-14.640,727.120,89.792
-22.448,759.572,106.140
-82.960,780.312,55.144
-126.880,835.212,-15.128
-164.212,885.476,-34.404
-223.260,936.960,-34.404
-269.376,957.456,-38.308
-249.612,965.020,-30.012
-289.384,967.216,-8.296
-393.816,980.148,3.660
-508.252,993.812,3.416
-371.368,999.912,-9.516
-212.524,905.240,-76.860
-92.964,848.144,14.396
-213.256,697.108,94.916
266.692,541.680,97.112
309.392,294.508,101.504
653.188,285.236,155.672
1523.048,316.712,-160.552
1418.860,336.232,-206.424
993.080,375.028,44.164
924.516,346.968,-59.780
1137.284,315.492,-108.580
1438.868,224.236,-70.028
1312.232,121.512,95.404
1127.280,53.924,141.520
1151.924,87.596,131.028
1150.948,103.456,122.488
1029.680,170.312,137.372
943.548,264.252,174.216
981.124,296.704,114.680
951.600,290.604,93.940
966.240,302.804,51.728
899.872,327.692,-9.516
894.748,322.080,7.564
774.456,288.164,18.056
692.716,284.260,42.944
607.804,292.556,40.992
630.984,315.736,50.264
671.244,293.288,22.204
696.620,233.508,7.564
635.376,192.516,-15.616
680.760,217.892,-9.272
625.616,196.908,39.284
676.368,181.048,47.824
730.780,166.164,81.984
664.656,125.904,94.184
724.436,135.664,13.664
800.564,147.376,-0.488
795.684,167.872,-2.928
763.476,175.192,34.404
755.912,96.624,39.040
879.132,83.936,41.480
948.672,42.944,-19.032
1026.020,-10.980,-85.156
930.372,26.108,60.268
1011.136,5.856,108.092
1018.700,-82.472,92.720
1201.944,-97.356,-62.952
1287.832,-105.896,-152.744
1208.044,-54.412,-76.616
1110.688,-47.336,-35.868
1158.024,-71.004,-11.956
1233.664,-12.688,-0.976
1203.408,-26.840,13.908
1323.700,-43.188,-50.264
1419.348,-51.484,-120.536
1362.740,-86.132,-88.328
1371.036,-90.524,-50.508
1352.248,-122.000,12.932
1289.296,-137.860,72.956
1332.484,-136.152,75.152
1315.404,-146.888,6.588
1419.104,-123.952,-30.744
1254.648,-131.760,-22.448
1286.612,-114.680,-10.248
1175.592,-150.304,25.376
1212.924,-154.940,6.832
1124.352,-154.696,20.008
1134.844,-155.184,12.688
1092.144,-148.108,42.456
1061.400,-152.500,10.980
1144.604,-118.340,-40.504
1106.784,-137.616,-18.300
1202.676,-137.616,32.208
1118.496,-186.904,34.404
991.860,-216.428,68.564
966.484,-134.200,54.168
1235.860,-106.872,3.172
1427.888,-109.068,-48.068
1171.688,-154.452,125.660
953.064,-125.416,207.888
1112.396,-17.568,-2.928
1098.976,81.252,-48.800
1002.108,196.420,-71.980
969.656,282.064,-118.096
903.288,364.536,-70.760
712.236,467.260,43.676
680.760,564.128,39.528
569.496,662.704,-16.348
298.412,794.220,131.272
374.296,895.724,-2.928
375.272,952.820,-88.572
365.268,979.904,-59.780
412.360,970.388,-132.736
292.068,971.364,-123.464
257.176,941.352,-75.396
212.036,917.196,-92.720
134.444,897.920,-41.236
136.152,901.092,-24.888
79.544,896.700,18.544
95.404,898.164,33.672
118.828,919.880,9.028
164.700,959.164,-13.420
185.440,979.172,-2.684
173.484,993.568,-23.180
138.104,1010.892,14.396
106.872,1010.648,35.868
154.208,988.932,5.124
169.336,977.220,17.812
244.000,965.020,-13.664
257.420,987.712,-67.832
177.876,984.784,33.916
181.048,964.044,19.520
172.020,945.256,8.052
249.612,931.836,-38.064
207.644,959.896,-21.472
225.212,954.040,10.248
259.616,958.920,-32.452
287.188,965.752,-50.752
288.652,986.492,-63.684
265.228,985.516,-9.760
236.436,981.124,12.444
264.252,969.656,-1.464
234.728,960.872,17.324
265.716,953.064,-4.148
293.532,958.920,-39.528
259.616,972.096,-19.764
248.148,973.072,-17.812
269.376,959.896,-40.260
235.216,953.064,-17.812
205.692,943.548,-1.952
234.728,924.760,-29.524
255.712,924.272,-50.508
244.244,953.064,-57.828
231.068,984.052,-54.656
237.412,1003.572,-66.368
270.596,998.692,-68.808
266.204,993.080,-60.512
284.260,996.496,-69.052
271.328,1003.572,-50.996
260.592,983.320,-10.736
262.056,961.848,-1.708
286.456,955.016,-24.888
265.960,955.748,-23.912
287.676,949.160,-33.428
268.156,956.236,-38.064
273.524,936.960,-33.672
260.592,950.624,-50.996
229.116,949.892,-30.500
224.724,945.500,-15.128
228.872,944.768,-7.320
227.164,941.108,6.100
292.556,941.840,-7.076
289.140,969.168,4.148
283.772,975.024,13.664
254.736,980.880,22.448
257.420,966.728,-0.244
257.908,969.412,-22.936
262.788,979.172,-50.996
271.084,984.784,-60.512
280.600,975.756,-63.440
246.684,967.948,-30.256
254.980,953.796,-18.788
261.080,956.968,-24.888
270.108,960.384,-19.764
283.528,968.436,-18.788
301.096,969.900,-3.904
294.996,976.732,19.764
291.092,984.784,31.476
298.168,987.468,46.848
301.828,992.836,53.924
325.984,993.568,54.168
313.052,994.300,81.984
326.960,982.588,95.892
323.788,983.564,111.508
323.544,969.168,116.388
330.132,955.748,123.464
316.956,952.820,94.672
282.552,961.360,86.132
286.944,964.776,57.340
280.844,968.436,45.384
290.848,978.928,33.428
269.376,977.952,40.504
256.200,965.996,25.132
279.380,957.700,16.836
273.036,973.072,19.032
281.820,971.120,53.192
273.280,949.648,47.824
278.160,926.468,77.592
271.084,922.808,56.852
261.324,926.956,62.220
250.588,944.524,28.792
218.868,953.064,16.836
229.848,959.164,-17.080
245.952,964.044,-59.048
247.172,973.560,-67.588
218.136,969.412,-75.884
213.988,961.360,-91.500
192.272,972.584,-126.636
203.008,976.488,-143.716
213.500,988.688,-179.340
193.736,1004.792,-184.708
209.352,1007.964,-166.896
209.352,1005.524,-152.744
214.476,979.904,-125.904
194.468,958.188,-98.820
188.612,950.136,-97.844
186.904,944.524,-81.496
201.056,946.964,-86.376
191.784,952.576,-69.296
225.212,949.892,-80.764
219.844,947.696,-64.172
209.596,947.696,-50.996
206.180,949.648,-49.532
214.232,954.772,-30.988
228.872,959.164,-38.064
199.836,972.828,-2.928
193.492,966.972,27.572
231.068,953.064,25.376
230.580,953.552,37.088
219.356,970.632,35.868
200.812,991.372,30.256
213.744,987.956,19.520
213.500,973.072,17.324
224.236,974.048,24.644
228.140,970.388,28.792
236.436,972.340,24.644
253.028,974.780,16.836
237.412,1000.400,13.664
220.576,1004.548,31.476
211.548,987.956,36.844
223.016,975.512,29.524
234.972,984.052,21.228
226.920,997.960,35.380
226.676,994.544,25.376
237.168,997.472,7.808
222.528,1023.336,24.888
238.876,1039.196,23.668
229.116,1058.716,24.888
222.772,1070.916,35.380
208.620,1085.068,51.972
204.472,1111.908,46.604
222.284,1132.892,23.668
219.356,1152.656,3.416
253.516,1153.388,-25.376
240.340,1152.656,-42.700
215.208,1165.832,-39.284
188.856,1175.592,-20.496
195.932,1151.436,-22.692
157.624,1132.160,12.932
179.828,1122.644,16.348
162.748,1125.816,9.516
124.196,1145.336,2.196
73.200,1196.332,1.220
116.388,1203.408,-20.008
90.036,1169.736,-10.980
69.540,1119.472,-5.612
87.840,1067.012,26.352
179.584,1026.508,17.568
271.816,996.496,1.220
251.564,1012.844,61.244
204.716,1028.460,81.984
84.424,1041.880,123.708
78.324,1019.188,152.500
129.808,1002.352,128.100
90.768,1003.572,146.888
30.500,975.268,161.528
59.048,929.640,126.880
59.780,923.784,104.188
25.376,919.148,117.364
80.276,867.420,77.836
75.396,834.480,19.276
74.420,820.084,-15.616
32.452,803.492,0.732
48.800,751.032,17.812
74.664,743.468,27.572
75.640,762.988,11.224
-10.004,786.900,54.168
-55.144,787.388,65.392
-60.512,796.660,50.264
6.588,836.676,-17.812
-40.748,915.244,-34.160
-106.140,920.612,0.000
-187.880,936.228,50.264
-203.984,929.152,44.408
-172.264,965.508,36.356
-112.972,1024.068,16.836
-78.324,1027.972,38.064
-54.168,1010.892,45.872
-29.280,933.056,49.288
115.900,886.940,54.168
160.064,766.160,103.944
120.292,667.828,103.944
381.128,608.048,60.268
480.924,486.780,-5.124
781.288,355.996,53.680
1203.652,282.064,-168.360
1052.128,219.356,-28.304
777.872,177.144,267.180
1019.676,129.320,198.128
1238.300,26.108,-52.948
1277.096,60.024,2.440
1217.560,9.028,44.652
1144.116,-5.124,49.288
1123.620,21.472,99.552
1025.776,14.396,103.944
925.492,59.292,97.600
916.220,73.932,62.952
844.240,109.068,92.720
758.596,165.676,73.688
701.744,189.588,82.716
630.496,243.512,94.428
632.692,192.516,77.348
606.584,138.104,58.804
660.264,140.300,44.652
526.308,200.568,112.972
565.348,182.756,134.932
784.216,80.764,24.156
829.844,-11.712,-6.832
822.280,73.688,26.108
719.800,85.888,84.424
645.868,47.336,76.128
831.552,17.324,-47.092
884.500,89.792,17.324
758.840,125.904,119.804
741.516,13.420,91.744
864.004,6.344,40.260
1088.484,64.904,-40.748
1053.348,62.952,10.004
1118.496,-9.760,-40.748
1147.532,-58.560,-51.240
1133.624,3.172,64.172
1123.376,-4.880,57.340
1169.980,-58.804,48.312
1159.000,-82.472,90.280
1186.084,-56.608,130.052
1161.684,-51.240,131.516
1255.868,-51.240,149.328
1326.628,-115.900,112.972
1415.200,-198.372,82.716
1462.292,-211.304,76.860
1413.980,-224.236,80.276
1402.512,-206.668,163.968
1306.376,-238.632,233.264
1269.776,-250.832,227.652
1294.176,-229.360,205.448
1252.696,-242.536,192.272
1224.880,-233.996,172.752
1192.184,-245.464,172.508
1184.620,-215.208,203.496
1171.444,-227.652,200.324
1226.832,-238.876,152.012
1092.144,-262.056,141.764
1190.476,-215.452,108.824
1198.284,-210.328,153.232
1240.740,-240.096,174.216
1308.084,-262.788,156.892
1261.968,-293.288,210.816
1065.548,-245.708,248.392
935.740,-107.848,219.844
1102.148,11.224,21.228
1125.816,90.036,-0.976
1071.892,202.764,181.536
1193.404,171.044,34.160
1009.428,106.628,68.564
664.900,283.040,350.628
674.416,458.720,275.720
565.348,667.340,170.800
329.888,782.508,162.260
269.132,987.468,238.388
346.236,956.724,153.232
141.276,917.196,102.968
110.288,863.028,40.504
163.968,845.460,32.696
169.580,833.016,-7.564
118.584,896.700,3.172
115.412,930.616,21.472
71.248,975.024,15.372
110.532,979.172,-29.036
111.508,989.908,-37.576
74.176,988.200,-0.732
111.020,987.956,-24.400
81.984,984.784,11.224
114.924,991.128,-32.208
97.600,991.860,21.472
168.360,983.808,7.808
174.948,983.320,11.468
157.868,1003.572,-5.612
144.448,1014.308,6.832
176.900,996.496,17.324
143.716,985.760,11.712
147.864,978.440,40.748
138.104,978.196,21.960
181.780,969.168,1.464
179.584,969.900,21.960
211.792,978.684,5.368
240.096,995.276,-0.976
225.944,998.448,0.000
230.336,990.152,17.080
217.160,988.688,4.636
200.080,980.880,38.796
232.776,965.996,32.696
183.976,964.044,35.624
207.156,962.092,7.564
184.952,963.556,10.248
206.424,965.996,10.736
272.548,967.216,-34.404
206.424,976.488,11.712
205.448,970.876,28.548
236.924,961.604,9.760
194.468,971.364,29.524
209.352,969.168,38.796
259.616,971.120,-9.760
252.784,980.880,-9.760
226.432,996.740,-0.488
234.972,993.080,-11.956
222.528,986.248,8.784
197.152,974.048,20.984
210.572,955.016,24.156
210.572,944.524,16.836
221.552,942.328,15.372
233.264,959.896,-7.076
200.324,966.972,2.440
205.692,977.708,1.464
217.160,997.960,-14.884
207.644,986.736,1.952
230.824,966.240,-5.612
292.068,958.920,-44.896
233.020,968.192,8.052
221.796,972.584,3.660
235.460,987.224,-11.224
221.064,990.152,-13.176
202.032,973.316,-0.976
245.708,962.336,-39.284
208.620,975.024,-23.424
209.596,970.144,-15.860
199.836,985.028,-14.152
239.364,986.004,-30.988
216.916,981.612,-12.932
248.148,972.828,-10.736
305.488,981.368,-56.852
260.348,990.152,-1.464
251.076,985.272,6.344
235.216,973.316,16.592
214.964,954.040,35.624
196.176,956.968,23.668
190.076,956.480,29.280
209.108,952.820,1.952
201.544,971.120,-13.908
208.620,968.192,-16.836
264.008,973.804,-58.072
234.240,999.424,-35.868
235.216,994.300,-25.132
216.672,990.640,-10.736
253.516,971.364,-17.080
209.108,965.996,15.372
212.524,949.648,13.176
248.636,953.796,-27.084
217.648,970.388,0.244
214.964,981.856,1.220
217.160,980.392,-7.076
208.620,968.680,0.488
220.088,957.456,-9.516
209.840,957.700,-12.688
223.504,962.580,-17.568
231.800,978.928,-38.064
206.668,974.292,-14.396
211.060,967.948,-5.368
239.120,966.972,-30.012
209.352,966.728,8.052
197.396,964.288,10.492
206.668,963.068,5.856
239.120,967.216,-21.716
250.832,994.544,-24.400
281.088,1021.140,-50.752
251.808,1032.852,-36.600
214.720,1030.900,-31.964
211.304,1025.776,-47.336
208.864,1023.336,-50.508
218.380,1031.388,-54.900
211.060,1042.856,-39.528
195.200,1061.888,-15.860
202.764,1063.108,-13.664
204.472,1057.252,-23.912
190.808,1068.720,-61.488
200.080,1122.400,-116.632
220.332,1180.228,-165.920
196.176,1226.588,-169.336
223.504,1242.936,-176.168
178.120,1245.132,-109.800
160.552,1236.836,-74.420
174.948,1234.640,-76.860
181.780,1253.672,-50.508
192.272,1257.088,-91.744
127.368,1246.840,-88.816
113.948,1198.284,-66.124
146.400,1143.140,-105.652
150.548,1119.716,-104.676
130.296,1124.108,-53.192
181.780,1121.668,-60.512
51.972,1098.488,8.052
22.204,1061.400,14.640
22.692,1024.068,-4.636
34.404,979.172,-9.760
50.264,976.732,-11.712
40.260,948.428,-29.524
32.696,901.824,32.208
73.200,860.100,58.072
148.596,878.156,33.916
89.304,937.936,47.336
20.740,900.116,73.200
0.244,858.392,108.580
200.080,831.308,13.664
180.316,853.268,44.164
140.544,820.572,48.800
100.772,788.852,62.708
109.068,785.680,104.676
136.396,769.088,78.324
106.872,782.264,78.812
129.808,802.028,12.688
29.280,816.180,40.260
13.664,794.220,44.652
60.512,779.092,1.952
48.556,810.812,7.320
-2.928,844.484,45.140
-33.184,872.544,54.412
-51.728,923.540,10.004
-64.660,983.564,11.712
-120.292,1035.536,47.092
-136.640,1034.072,85.644
-72.468,1050.664,62.708
24.644,1011.624,29.768
-61.732,1007.720,19.032
-47.336,982.100,42.456
136.884,931.104,22.204
280.844,732.732,33.916
331.840,656.848,96.624
437.980,516.792,16.348
639.280,403.820,-137.860
872.300,335.256,56.120
1006.988,204.716,219.844
1194.868,75.640,151.036
1043.344,47.092,25.864
934.032,102.236,129.564
1123.132,139.568,7.564
1296.128,83.692,-21.960
1318.820,-35.136,50.752
1078.480,-105.164,126.636
1034.316,-31.476,119.316
1092.632,-20.740,88.328
1104.588,28.792,24.400
1079.944,85.156,5.124
913.780,99.552,-44.896
738.344,176.900,-1.220
731.512,211.792,-21.472
519.720,194.224,37.820
493.368,222.284,67.832
547.536,146.156,53.436
496.784,138.592,84.912
441.396,173.240,107.360
540.216,188.856,37.332
556.808,130.540,-11.468
657.336,155.916,-32.940
608.048,158.844,35.380
561.932,141.520,74.176
688.812,77.836,34.160
923.540,57.828,-8.296
841.800,53.924,61.244
915.244,54.656,55.388
939.400,-40.992,32.696
1024.068,-10.492,26.352
1103.368,35.136,50.508
974.292,-18.300,29.524
1109.224,-50.020,2.928
1181.204,-92.476,-18.056
1122.400,-44.164,14.884
1065.304,10.004,63.196
1035.292,-59.536,66.124
1140.212,-128.100,24.888
1287.100,-108.824,-22.448
1313.208,-126.636,-6.100
1192.672,-169.092,85.888
1049.444,-167.628,135.176
1171.200,-179.096,132.492
1193.648,-213.500,102.968
1337.852,-190.808,72.224
1319.552,-206.668,67.344
1145.580,-227.164,116.632
1237.324,-231.068,151.280
1213.412,-284.748,160.552
1249.280,-300.852,143.228
1185.596,-282.064,116.632
1249.036,-182.756,41.968
1259.528,-172.996,8.540
1194.868,-188.612,36.600
1159.732,-225.700,57.828
1131.672,-261.080,84.180
1099.220,-271.084,111.996
1107.028,-256.200,84.424
1233.664,-276.696,63.928
1399.828,-277.916,62.220
1279.048,-301.340,144.204
1145.336,-294.996,206.912
1125.328,-288.652,256.200
1188.036,-240.584,218.868
1414.224,-132.980,79.300
1391.776,-124.684,110.776
1308.816,-111.996,79.544
1128.500,-95.404,253.272
1003.816,-122.732,317.932
1109.224,39.040,130.052
1097.268,168.604,60.512
772.992,371.368,141.520
347.700,640.988,199.592
510.448,903.288,84.912
819.108,890.600,-128.344
560.224,917.440,-132.004
467.748,927.932,-141.764
440.420,914.268,-151.524
267.424,907.680,-57.340
184.464,858.636,-74.176
140.056,860.588,-172.996
15.372,865.468,0.244
23.180,870.836,-0.976
35.380,874.252,-36.600
57.584,887.184,-29.524
68.320,907.436,-0.732
139.568,913.048,26.596
147.864,920.368,23.912
127.612,949.892,9.516
97.600,973.560,29.524
133.224,959.164,3.660
148.108,962.336,2.196
172.020,980.148,-35.380
104.188,978.196,44.408
217.892,958.188,-29.036
196.908,974.292,-6.100
159.576,967.216,60.268
171.776,946.476,57.340
174.216,956.480,29.768
213.256,948.916,45.140
326.960,984.052,-46.848
307.440,996.984,7.564
292.800,996.984,20.008
237.168,972.340,83.448
258.396,949.404,34.404
232.044,954.528,51.240
197.152,942.572,85.644
200.568,919.880,52.460
238.388,939.644,14.640
204.228,956.724,75.396
202.520,954.772,42.944
266.448,945.012,-5.612
265.960,971.852,18.300
343.552,996.740,-8.296
327.448,1020.164,-1.220
283.040,1006.744,63.196
246.440,979.660,77.348
231.068,954.040,79.544
231.800,954.772,40.016
220.332,961.848,39.284
226.188,966.972,-5.124
226.676,968.436,-9.516
237.168,979.904,-25.132
250.832,984.052,-31.476
231.556,970.876,-12.200
252.784,957.456,-4.636
274.744,975.268,-21.228
258.396,977.464,26.596
241.560,961.848,37.088
267.424,942.572,22.692
252.052,948.672,26.352
221.064,939.888,55.876
249.368,949.404,2.440
228.140,965.508,21.472
192.516,965.020,48.312
245.220,969.412,3.904
254.980,982.588,-2.440
276.940,1000.400,-0.488
270.596,1027.728,-3.660
267.180,1030.412,25.864
250.344,1026.020,37.576
278.892,1026.508,25.132
276.696,1037.976,37.820
280.600,1043.344,54.168
261.324,1055.056,74.664
262.056,1073.844,77.104
239.852,1114.104,111.752
283.040,1117.764,161.528
283.772,1133.624,159.820
286.944,1177.056,150.060
285.968,1228.296,145.912
289.384,1234.396,95.160
248.148,1211.948,83.936
240.828,1157.780,92.232
197.152,1097.268,91.256
158.844,1056.032,102.968
164.700,1050.420,64.904
130.296,1064.572,35.868
93.696,1071.648,26.596
80.764,1059.936,15.860
117.120,1040.416,-13.420
95.648,1026.264,-13.176
84.180,1012.112,-0.732
121.512,1001.620,-50.508
83.692,1027.484,-89.304
57.096,1025.776,-30.988
46.848,1008.940,-13.176
90.524,982.100,-63.928
35.136,996.984,-29.280
51.484,1024.556,-27.572
55.876,1028.948,-18.788
43.188,1009.672,24.888
63.684,993.568,-9.272
79.544,979.660,15.372
99.308,994.788,-4.392
72.468,1014.552,-27.572
65.636,1019.432,-12.932
80.764,999.912,-45.872
59.048,979.904,-52.704
68.076,939.644,-17.324
50.020,911.828,4.880
88.328,939.400,-94.184
54.656,946.720,-72.468
15.616,895.480,17.812
36.356,831.796,-26.108
21.960,818.132,-5.368
19.032,826.916,23.668
1.464,866.444,-32.696
-47.336,862.540,-16.348
-42.944,823.256,0.976
-61.488,798.856,14.396
-53.680,809.592,23.424
-65.392,844.240,16.348
-64.660,845.948,-11.956
-91.744,854.488,-5.368
-125.416,837.652,18.788
-148.596,849.364,24.888
-167.628,865.956,15.860
-201.300,878.400,44.164
-260.104,885.964,64.172
-262.788,916.464,54.900
-237.168,953.308,2.196
-279.136,982.832,-3.172
-273.280,991.372,10.980
-245.220,1008.208,37.576
-59.292,1001.132,-24.644
-75.640,997.228,33.916
-50.020,940.864,38.552
-37.576,893.040,38.796
146.156,878.156,-57.340
171.288,872.788,18.056
200.568,823.988,13.176
344.528,749.080,5.612
450.912,621.956,-34.404
557.052,511.668,-54.656
690.764,428.708,186.660
1073.356,293.776,180.804
988.688,105.408,70.760
1167.052,158.112,153.964
1049.200,67.832,192.516
1043.832,71.736,196.908
1243.668,101.260,24.400
1412.516,67.100,-95.404
1296.372,41.724,81.740
1186.328,-1.220,87.596
1109.712,-2.684,103.212
1074.088,15.128,123.708
1052.128,52.704,57.828
997.960,71.004,60.024
941.108,74.176,71.736
915.488,105.408,68.564
870.592,125.172,40.748
844.972,152.500,1.220
828.624,162.260,-8.296
745.420,184.952,23.424
683.932,181.048,16.592
610.488,160.308,73.200
649.040,126.636,38.308
738.832,108.580,10.736
624.640,118.828,36.844
693.204,70.028,4.880
742.980,24.400,33.428
841.312,-12.444,68.808
762.012,-20.984,87.840
762.744,-18.788,105.652
845.948,-28.060,12.688
941.352,6.832,-9.516
895.968,1.464,-6.344
854.488,14.396,4.392
913.292,-11.712,6.832
969.900,-24.644,-17.812
919.636,-14.396,123.708
866.444,-33.672,136.152
853.024,-74.908,177.388
935.496,-75.396,162.016
957.212,-50.508,233.996
1020.408,-93.208,213.988
1031.876,-167.872,155.916
1168.272,-189.588,134.932
1257.820,-171.288,117.608
1194.380,-181.292,199.592
1145.824,-219.600,171.532
1134.112,-160.308,137.616
1284.416,-167.628,120.292
1365.668,-251.076,145.180
1319.064,-288.164,203.008
1319.064,-320.372,202.764
1326.872,-344.528,257.176
1317.356,-372.588,314.028
1368.596,-401.868,291.336
1311.012,-430.172,293.288
1311.988,-419.680,250.344
1279.536,-391.620,247.172
1174.616,-366.488,244.976
1108.736,-357.460,233.020
1035.536,-344.528,228.384
1016.016,-338.428,250.100
982.588,-343.308,236.192
932.568,-337.940,235.704
965.020,-322.812,220.332
1008.208,-326.228,181.292
1035.292,-327.204,185.440
985.028,-341.600,205.936
994.544,-335.988,218.624
1036.268,-341.844,251.808
997.960,-350.628,285.724
1085.556,-330.132,267.180
1175.104,-318.176,240.584
1067.012,-299.144,293.044
1041.148,-262.300,339.892
1143.628,-184.952,207.400
1229.272,-121.512,128.588
1154.852,-99.552,200.324
1142.164,-7.564,219.356
1080.188,38.064,198.616
1097.268,148.840,70.272
999.180,303.780,85.156
772.992,503.616,136.396
321.104,676.124,203.252
132.492,933.300,290.116
442.616,989.420,30.988
257.176,974.048,63.928
211.060,945.744,50.752
266.692,857.172,-23.912
186.660,838.140,81.008
208.620,835.212,80.276
147.864,865.712,75.152
144.936,890.844,31.720
129.076,895.724,4.636
126.880,912.072,-13.176
133.712,931.104,-59.536
84.424,962.580,-64.416
143.472,953.796,-78.568
135.664,961.604,-113.460
95.648,960.140,-36.600
166.652,938.180,-72.712
147.864,988.444,-81.252
165.920,987.224,7.808
219.356,959.408,-30.744
195.444,958.188,-30.500
245.952,949.160,14.396
291.580,953.308,-36.356
245.708,973.316,22.692
274.744,969.168,17.812
266.692,970.876,-1.952
191.052,968.436,64.172
275.720,950.380,1.708
271.328,959.896,-7.076
254.736,955.992,39.528
294.996,961.116,-4.392
279.136,975.756,13.664
241.804,980.636,50.020
309.392,988.932,-21.960
254.980,1000.644,26.596
236.680,978.928,43.432
285.724,950.624,-10.980
233.752,950.624,40.016
231.556,943.304,40.504
262.788,953.552,-3.904
267.424,963.068,-20.984
248.392,961.116,17.080
292.312,955.748,-15.372
277.184,953.796,-11.468
239.120,947.208,37.820
261.080,945.012,21.228
285.968,946.964,-16.104
252.784,956.968,15.616
319.640,969.656,-40.504
298.412,995.032,-34.404
290.360,992.836,-12.932
267.424,996.984,3.660
240.096,977.952,30.988
244.244,944.524,36.356
297.192,935.496,-15.128
262.300,941.108,46.848
284.260,944.280,21.716
279.136,952.332,15.128
276.940,961.116,31.476
267.180,970.632,26.108
274.988,967.460,15.860
305.976,962.824,-14.884
274.744,972.584,14.152
302.316,978.928,-9.516
296.704,986.736,-15.616
270.352,979.172,17.812
270.352,971.364,2.440
266.692,958.920,9.760
265.472,954.528,16.104
260.104,952.088,12.444
265.472,945.256,15.128
262.544,950.136,15.128
265.228,956.968,14.884
266.204,965.752,-4.880
273.036,967.216,-19.276
274.500,971.852,-13.664
267.180,972.828,-4.636
259.616,974.048,-2.440
242.292,969.412,9.516
266.692,966.484,-24.156
250.100,970.876,-2.196
241.072,966.728,10.004
283.528,961.116,-18.544
247.904,960.140,30.744
247.660,950.624,30.988
245.220,949.892,29.036
262.300,942.084,16.592
286.456,959.408,-15.372
277.184,980.392,-9.272
259.372,984.052,2.928
262.544,976.000,-6.588
236.192,962.092,9.760
268.156,949.404,-13.664
281.576,958.188,-33.428
267.668,965.020,-6.344
233.996,963.556,12.932
244.488,953.552,12.688
239.120,946.720,21.472
234.240,937.448,31.720
