acc_x[mg],acc_y[mg],acc_z[mg]
-120.048,973.316,39.040
-121.512,978.684,38.308
-121.024,986.248,40.504
-106.140,995.520,26.840
-108.092,986.248,39.284
-109.068,993.080,32.940
-103.456,990.396,29.768
-104.432,978.196,45.384
-105.896,974.780,54.656
-105.408,971.608,57.828
-101.016,970.876,55.632
-94.672,979.904,43.920
-111.996,979.904,47.336
-122.244,977.464,53.436
-115.656,978.684,45.628
-121.024,980.636,44.896
-122.732,981.368,42.700
-120.536,983.808,39.040
-114.192,983.808,35.624
-116.632,981.368,44.652
-118.340,987.956,39.284
-107.360,990.640,28.060
-101.260,985.516,36.112
-112.972,976.244,60.268
-109.556,972.584,57.828
-108.336,970.876,48.800
-108.580,968.680,48.556
-109.068,973.072,46.360
-116.388,970.144,56.852
-123.952,978.440,58.316
-124.440,984.052,42.456
-122.732,984.540,33.428
-118.584,982.100,30.988
-121.268,981.368,30.256
-111.752,976.000,38.552
-109.556,970.388,54.900
-109.800,972.584,49.776
-108.336,978.440,42.456
-115.900,980.148,55.144
-111.020,993.568,49.288
-105.408,991.860,50.996
-107.604,991.616,45.140
-103.212,997.716,35.624
-107.848,1000.156,27.816
-113.948,1002.352,24.888
-108.824,1001.864,21.472
-113.216,983.808,36.112
-110.776,969.900,46.360
-113.216,971.852,39.772
-124.684,972.828,36.844
-124.928,971.608,28.548
-133.224,968.924,32.208
-124.196,972.096,23.668
-113.460,964.776,18.544
-104.676,964.532,15.128
-117.120,960.140,33.428
-122.244,965.752,41.724
-125.904,973.072,40.992
-123.464,975.756,40.748
-121.268,975.512,50.508
-129.076,979.416,62.220
-130.540,980.880,70.028
-123.952,981.368,67.588
-117.608,981.612,57.096
-120.292,977.464,50.996
-120.048,981.856,42.212
-124.684,986.492,31.964
-132.980,990.640,23.912
-129.564,985.760,35.380
-115.412,977.464,36.112
-112.484,974.048,38.796
-111.264,973.316,40.748
-117.120,975.268,46.604
-115.412,980.636,42.944
-121.756,980.392,39.772
-119.804,982.832,36.356
-111.996,978.440,29.768
-111.996,976.488,20.984
-100.528,979.172,13.664
-102.724,982.588,28.548
-111.508,976.976,34.404
-111.996,977.952,34.648
-112.484,975.024,36.844
-119.316,979.172,37.820
-115.412,976.732,36.112
-119.072,980.636,32.208
-126.148,979.416,34.160
-123.708,985.516,29.524
-125.660,985.516,26.352
-124.196,987.712,20.984
-124.928,986.004,21.472
-115.656,983.076,20.008
-114.192,983.320,28.304
-112.728,985.516,31.720
-115.412,984.784,31.476
-109.068,982.832,22.692
-103.944,978.440,32.208
-110.532,980.392,49.288
-107.848,976.732,51.972
-105.896,976.976,42.456
-106.140,977.464,38.552
-105.408,980.148,35.380
-110.776,985.028,30.012
-109.312,985.028,31.232
-119.316,985.516,42.212
-120.048,986.492,38.552
-121.024,987.956,31.476
-121.024,991.128,30.500
-120.780,993.080,30.256
-111.020,999.424,21.960
-114.436,1004.304,30.988
-129.564,1003.816,44.164
-181.780,1017.236,47.824
-304.756,1018.944,81.496
-392.840,1068.720,27.328
-426.024,1067.256,48.068
-281.820,1046.272,26.840
-356.484,1078.724,54.412
-792.512,1150.948,139.080
-1043.100,1155.340,29.524
-638.548,1087.996,-123.464
21.716,970.388,-154.940
311.344,881.816,209.840
-164.212,1068.964,405.284
-249.856,1068.476,388.936
288.896,738.100,142.740
343.552,776.652,-296.460
490.928,398.452,-141.276
538.752,50.020,61.244
896.944,-224.480,34.404
1186.572,-435.540,63.440
1120.936,-416.264,309.392
1338.584,-600.484,268.888
1356.396,-586.576,403.332
1399.340,-516.304,411.140
1331.264,-456.524,498.492
1236.592,-308.660,447.008
1132.160,-213.744,441.152
1012.600,-91.500,378.444
997.472,13.420,262.300
943.304,62.952,281.820
886.208,118.340,232.776
875.228,122.976,185.196
844.728,171.044,131.272
888.892,188.124,36.600
901.092,203.984,-22.936
841.800,201.300,-32.208
817.888,182.756,63.196
710.772,175.680,114.436
743.956,134.932,168.604
698.572,140.544,152.500
744.932,111.264,103.456
726.876,109.800,113.948
733.708,106.384,98.820
808.372,35.136,113.704
802.760,20.252,56.364
877.668,12.200,22.936
718.336,-5.612,151.524
681.736,-20.496,150.548
828.136,-59.048,159.820
814.960,-78.080,143.960
759.816,-84.180,110.288
834.724,-87.352,11.712
838.140,-86.620,10.736
815.692,-148.840,175.924
680.272,-192.272,262.300
672.464,-192.516,179.340
872.544,-230.824,64.660
909.876,-257.908,55.632
919.636,-304.756,220.088
854.244,-333.060,232.532
971.364,-384.544,186.172
896.212,-436.760,176.656
854.000,-471.164,217.648
844.972,-482.632,329.644
888.892,-538.996,396.256
1142.408,-559.492,205.448
1263.676,-669.048,170.312
1215.120,-720.532,251.076
1296.372,-754.692,264.496
1286.612,-764.696,265.716
1248.548,-754.936,263.032
1214.876,-759.328,302.560
1237.324,-762.256,312.320
1183.644,-746.884,305.976
1158.756,-764.208,317.932
1220.244,-751.276,286.944
1212.680,-739.808,277.184
1219.268,-737.612,319.884
1171.200,-721.752,305.244
903.288,-669.292,312.564
959.164,-577.548,289.140
1159.244,-544.120,203.740
1338.828,-596.336,276.696
1517.436,-653.676,274.256
1326.872,-633.180,117.608
1259.528,-712.236,68.808
1474.248,-893.040,160.308
974.536,-832.284,533.384
200.812,-298.412,555.588
-213.500,690.276,121.756
545.340,911.584,-356.728
1199.504,847.168,-850.340
589.992,738.832,-322.812
496.052,722.240,-20.740
438.468,678.076,10.248
413.092,714.432,-116.144
367.464,751.276,-174.216
279.380,814.228,-172.996
223.016,825.940,-175.192
222.040,836.432,-150.792
335.256,820.816,-187.148
405.528,840.824,-212.768
422.852,882.060,-173.240
461.404,881.084,-167.384
531.432,881.328,-219.356
589.016,858.880,-186.660
605.364,849.364,-115.656
665.876,829.600,-97.844
726.632,849.608,-117.852
724.192,859.856,-100.284
682.956,879.376,-106.140
689.544,894.748,-148.352
664.656,892.796,-154.208
671.488,926.712,-187.636
681.492,932.568,-222.284
663.680,914.756,-197.640
687.592,942.084,-187.148
703.452,945.500,-208.132
697.352,910.364,-193.004
642.696,923.784,-151.524
583.160,902.556,-111.752
522.404,898.408,-60.268
555.832,895.968,-76.372
616.588,917.196,-142.496
603.900,927.200,-109.068
520.452,922.808,-40.016
540.948,929.884,-35.624
654.408,980.392,-147.132
517.524,946.964,-42.456
477.264,968.436,-11.712
398.452,965.264,41.724
494.832,941.840,-22.448
526.064,927.688,-73.200
382.104,887.916,40.504
345.504,917.196,71.492
435.296,935.008,-16.836
380.640,930.128,-12.688
310.124,936.960,20.496
278.160,933.788,40.504
287.432,912.316,-2.440
308.904,884.744,-48.800
194.956,900.360,19.276
136.152,895.236,89.304
123.708,886.696,163.968
140.788,931.348,139.812
199.836,952.088,40.992
265.716,934.764,-45.384
206.424,910.852,16.104
218.868,914.756,53.436
239.608,911.340,91.744
203.984,905.972,135.176
200.080,911.584,113.704
185.928,894.016,100.772
146.644,913.048,85.400
135.664,925.004,69.296
85.400,937.936,91.500
46.604,939.400,126.148
67.344,925.736,91.744
75.396,911.828,71.492
76.860,919.636,49.288
40.748,934.276,50.264
-6.832,933.544,79.544
-20.496,916.220,95.892
-30.012,928.420,73.444
-18.544,921.588,44.408
-41.236,915.000,43.188
-87.840,907.192,59.292
-88.328,906.704,64.904
-85.400,898.896,72.712
-103.212,903.532,67.344
-93.940,909.388,53.192
-73.444,912.072,39.772
-66.856,900.848,26.352
-70.272,904.020,30.988
-73.688,912.072,45.140
-83.692,906.216,57.340
-122.976,899.384,77.348
-99.308,895.968,54.656
-98.576,917.928,58.560
-102.724,935.984,20.252
-88.328,943.548,-28.792
-94.184,963.556,-24.400
-132.980,948.672,11.468
-164.944,955.992,21.228
-146.156,961.848,6.832
-119.804,973.560,0.488
-118.340,974.780,-0.488
-104.676,970.632,-3.416
-121.268,970.144,33.428
-148.352,978.196,67.832
-128.344,973.804,59.048
-133.956,978.196,49.776
-124.928,997.960,31.964
-99.064,1008.208,14.640
-120.536,987.956,37.332
-141.276,993.568,51.728
-116.632,992.104,41.480
-117.852,992.104,47.336
-113.216,1003.572,34.404
-108.580,1007.232,28.304
-121.268,1011.868,51.240
-146.156,1011.868,71.492
-171.776,1040.172,73.200
-193.736,1058.228,68.808
-287.920,1097.756,83.692
-355.020,1119.716,95.404
-412.116,1150.704,87.352
-447.496,1137.772,105.896
-231.800,1111.664,57.584
-48.800,1041.392,38.796
-268.156,1071.892,42.700
-334.036,1015.284,74.664
-8.540,903.288,34.892
210.084,876.692,-126.148
-32.940,851.804,-68.320
606.828,641.720,122.732
679.296,650.016,-2.440
829.844,579.012,-139.324
809.592,951.844,-310.124
541.924,825.940,-175.680
455.548,743.712,41.480
587.552,569.984,-60.268
867.664,456.036,-252.296
997.472,322.568,-278.160
856.928,229.848,14.884
882.548,97.844,206.668
1013.820,8.540,192.516
1089.460,-27.572,202.276
1207.312,7.076,103.456
1058.228,-32.208,232.776
1025.776,-44.164,352.336
1080.920,1.464,278.648
1042.856,44.896,254.492
1050.176,105.164,214.476
993.812,178.608,136.640
932.568,218.624,145.180
949.648,255.956,120.048
881.572,253.516,163.724
927.932,257.176,148.596
908.656,252.052,127.612
958.188,233.264,93.208
1043.832,226.188,2.440
1005.768,195.444,64.172
949.892,184.464,137.372
890.112,183.976,172.508
880.108,197.640,165.432
807.640,200.324,137.616
808.860,218.136,80.032
801.296,252.296,-8.296
726.388,281.332,5.124
713.944,282.796,38.796
649.284,284.992,28.792
624.640,275.964,40.992
630.984,261.812,66.368
558.516,221.552,118.340
697.108,159.332,136.396
607.804,198.128,81.008
653.920,175.680,107.604
797.636,123.708,89.548
879.864,29.768,40.016
624.640,34.648,10.736
878.400,5.124,38.796
709.796,11.956,83.448
840.580,-29.036,150.548
975.756,-82.472,133.712
767.868,-96.868,70.760
844.240,-145.180,86.376
824.720,-220.820,279.380
941.352,-296.460,382.592
768.356,-279.624,274.744
889.380,-252.540,162.992
1060.668,-261.080,36.844
865.712,-299.632,85.400
937.692,-354.532,212.524
1059.692,-415.776,169.092
1184.620,-447.984,73.200
1231.468,-442.616,30.012
965.264,-414.312,77.836
916.952,-437.492,154.452
1139.480,-520.452,225.456
1226.588,-531.432,162.260
1307.596,-541.436,149.816
1185.352,-518.012,121.024
1253.428,-536.800,109.312
1450.092,-605.120,148.352
1537.688,-624.640,199.104
1472.296,-617.564,202.032
1375.428,-589.016,194.712
1382.016,-560.468,181.780
1343.220,-520.452,120.292
1276.852,-496.540,148.840
1188.036,-471.652,153.964
1118.984,-463.356,175.924
1073.112,-473.848,183.244
1033.584,-463.844,166.164
1073.600,-467.016,167.384
1052.128,-448.228,157.380
963.068,-454.328,196.664
920.612,-420.412,154.452
953.064,-432.368,168.360
960.872,-441.640,185.684
1071.160,-453.352,187.148
1189.256,-444.812,94.184
1141.676,-422.120,147.620
1051.640,-480.436,270.108
1527.928,-566.568,54.656
1505.724,-706.136,175.924
1180.228,-789.096,486.292
1238.788,-614.148,291.092
902.800,-322.812,238.632
293.044,315.736,146.400
711.016,846.192,-152.500
1099.464,943.792,-343.796
714.920,696.864,-129.320
521.184,806.176,-34.892
294.264,795.684,-12.444
80.032,762.988,-37.332
-100.040,702.720,-18.300
39.040,768.356,-231.800
89.304,947.208,-336.232
74.420,972.340,-258.884
-10.980,899.140,-77.836
78.324,880.596,-151.524
143.472,875.716,-94.428
167.872,863.516,4.148
238.388,932.080,-84.912
207.888,992.348,-144.936
213.012,987.468,-195.200
223.016,966.484,-189.344
226.676,920.124,-130.296
286.212,891.820,-104.432
265.472,879.620,-52.460
285.968,899.140,-124.440
214.232,893.772,-87.840
224.724,896.700,-130.784
323.788,966.972,-267.668
297.680,932.324,-146.400
287.676,905.484,-74.420
252.052,891.820,-59.780
295.484,918.172,-162.748
301.096,933.056,-179.828
349.652,947.940,-147.376
336.476,922.808,-50.264
370.636,907.680,-72.956
295.484,932.324,-58.072
312.564,913.048,-116.632
340.380,964.776,-193.248
230.092,956.480,-96.624
253.516,932.324,-122.488
282.552,959.896,-166.896
204.960,949.648,-110.044
321.104,970.388,-205.204
371.612,1006.500,-238.876
327.936,991.616,-140.300
349.164,993.080,-134.932
312.076,959.652,-80.764
390.400,953.064,-155.672
382.836,983.320,-186.416
353.800,1010.160,-171.288
370.392,1018.944,-171.532
361.608,1006.012,-140.788
369.660,1007.964,-137.616
352.336,996.008,-123.708
422.852,986.736,-177.388
441.396,1013.332,-219.844
387.228,1017.236,-168.848
338.916,991.616,-104.188
314.516,962.824,-44.164
370.392,971.364,-123.708
410.408,968.680,-190.076
337.452,969.900,-158.600
373.564,991.128,-166.896
280.600,969.168,-74.420
270.352,965.020,-71.492
285.968,955.504,-56.852
339.648,990.396,-142.008
242.048,983.076,-63.196
180.804,973.316,-7.808
147.376,999.180,-11.224
185.196,1012.356,-43.432
237.656,989.908,-86.132
346.480,1012.844,-205.692
309.392,1030.168,-172.020
250.832,1044.320,-95.404
263.276,1024.068,-55.388
190.320,1060.668,-45.384
202.032,1049.932,-96.380
326.716,1026.508,-152.256
278.892,1003.572,-97.844
293.044,975.268,-98.820
205.936,980.636,-27.328
171.776,992.592,42.700
307.440,985.516,-4.636
422.608,978.440,-149.328
239.120,984.296,-65.148
158.844,1006.500,-0.244
224.724,979.660,23.912
255.712,988.932,-40.992
191.296,1013.576,-55.388
138.348,1046.516,-56.608
121.512,1066.280,-55.144
232.288,979.416,-29.524
142.740,958.432,53.924
54.168,951.844,98.576
61.488,943.548,47.824
68.564,953.796,32.940
142.252,952.820,-20.984
109.312,953.308,-67.344
115.900,941.352,-66.856
56.364,923.052,16.592
-21.228,916.220,87.108
-20.008,890.844,88.816
-24.888,893.040,52.948
1.464,904.264,-10.980
28.792,912.072,-48.800
25.620,903.288,-28.792
-38.552,917.928,23.180
-24.156,914.756,42.700
-12.200,905.240,26.108
32.208,896.456,-16.104
59.292,911.096,-59.048
-22.448,918.416,-16.348
-85.400,876.936,63.440
-109.800,865.468,66.612
-85.888,884.500,3.660
-21.228,895.236,-58.316
-14.884,895.236,-76.860
-46.848,893.040,-57.096
-135.420,899.628,-19.520
-127.856,904.996,-18.056
-98.332,902.312,-39.284
-61.488,917.928,-83.448
-54.412,955.748,-117.364
-67.832,966.972,-100.772
-94.672,958.188,-34.892
-107.360,953.796,18.300
-142.008,970.144,34.404
-136.884,970.388,26.108
-137.128,1011.136,-19.032
-211.548,1058.716,-26.840
-160.552,1052.860,-36.600
-229.604,1062.864,17.568
-227.408,1056.520,28.548
-203.008,1065.792,27.084
-144.448,1085.068,-50.752
-157.624,1106.540,-94.672
-249.856,1145.824,-82.716
-466.772,1160.952,-15.128
-454.084,1156.072,28.548
-216.916,1179.496,-56.120
-264.984,995.520,62.220
-423.828,887.184,70.516
-80.520,605.608,4.880
722.240,431.636,-97.112
1104.344,491.172,105.896
582.672,572.912,26.596
779.336,664.900,-234.972
573.644,661.728,-334.768
332.328,548.756,-73.200
415.288,323.300,114.192
702.964,125.172,114.436
847.900,-74.176,82.472
1237.812,-244.488,-163.724
1150.460,-378.444,64.416
1058.960,-391.864,202.276
1261.968,-427.732,160.064
1319.552,-483.364,248.148
1359.568,-503.860,328.424
1461.072,-485.072,274.500
1246.840,-326.716,300.364
1022.116,-144.936,249.612
912.316,-28.548,183.488
994.544,-2.196,126.636
1061.644,-24.400,105.408
959.408,4.636,182.024
932.568,72.224,143.716
955.260,93.452,71.736
1033.096,14.884,88.328
1053.348,-38.552,112.484
1026.752,-45.872,108.092
971.852,-30.744,99.308
968.192,-5.856,90.524
832.284,20.984,128.100
794.220,51.240,138.836
857.660,38.064,93.452
801.052,40.504,18.300
808.128,75.152,16.348
768.844,65.392,2.196
513.620,143.716,10.736
603.412,152.500,124.928
654.652,93.452,86.620
752.984,-27.816,195.200
676.856,-58.560,150.060
673.928,-24.644,87.840
618.784,-38.064,7.808
738.100,-32.452,30.500
769.576,-46.360,86.376
736.392,-62.464,64.172
648.552,-61.976,71.492
754.204,-75.152,99.308
847.168,-141.032,97.112
855.708,-240.828,132.248
873.764,-286.456,105.408
919.880,-327.448,176.656
852.780,-362.340,225.456
886.452,-349.652,253.516
1006.500,-363.560,172.264
1028.216,-413.092,68.564
930.616,-473.604,55.144
919.148,-518.500,164.456
928.176,-504.104,225.456
964.288,-515.572,241.072
1122.400,-555.100,176.656
1095.804,-612.928,154.208
1205.604,-668.804,191.052
1285.392,-727.364,206.668
1313.940,-768.356,254.248
1301.740,-778.604,274.744
1314.428,-776.164,301.584
1263.188,-766.404,329.888
1219.268,-754.448,315.492
1170.712,-718.092,273.768
1151.680,-677.100,204.716
1167.052,-648.552,152.744
1107.516,-635.864,167.872
1059.936,-630.984,193.980
1026.752,-622.200,191.296
995.764,-610.000,170.068
986.980,-599.508,163.480
989.420,-590.480,170.800
955.748,-573.888,168.848
900.604,-589.016,200.324
947.696,-591.212,195.932
976.732,-592.920,193.004
910.852,-581.208,188.856
751.032,-549.244,162.016
774.456,-471.164,86.132
989.420,-503.616,180.072
984.052,-551.440,301.340
1052.616,-546.072,269.376
1037.732,-495.564,155.184
1050.908,-445.544,111.996
1072.868,-431.392,196.420
1045.052,-422.608,264.740
1118.984,-382.836,225.700
1225.124,-332.572,182.756
1331.996,-340.380,70.760
1354.932,-279.868,30.012
1008.452,-238.388,194.956
1041.148,-165.432,182.512
852.536,88.572,86.864
797.148,287.676,-129.076
311.344,752.008,-140.544
984.784,754.936,-345.016
665.388,791.536,-163.724
226.432,717.604,221.308
287.920,766.648,34.892
261.568,736.148,-7.320
115.656,788.364,60.268
-16.104,831.308,120.292
-61.488,821.792,30.744
-59.048,852.292,-40.748
-3.172,909.388,-115.168
89.060,960.140,-157.624
189.344,1059.936,-190.076
197.396,1024.800,-47.336
278.648,1029.436,-71.004
377.956,1014.308,-108.580
440.176,979.172,-67.832
507.032,973.316,-59.292
461.404,971.608,-6.100
538.020,945.988,-51.728
580.476,955.992,-44.164
490.928,951.844,14.884
444.568,944.768,10.248
608.536,985.516,-197.884
494.588,1034.560,-158.112
388.936,991.860,-58.072
438.712,996.008,-131.760
506.788,1030.656,-206.668
429.196,989.420,-92.964
507.520,992.104,-99.796
432.856,959.896,-8.052
409.676,968.436,4.148
403.332,961.848,-13.176
408.456,926.468,-26.596
372.588,929.152,31.476
443.104,952.820,-3.660
450.424,989.420,-55.388
428.708,1027.240,-11.956
487.024,991.372,-30.744
391.132,953.796,26.352
298.900,933.056,66.124
243.756,909.632,52.216
215.208,925.736,91.012
285.724,966.240,42.456
337.940,985.760,-26.596
250.832,997.228,-36.844
247.172,1057.984,3.416
440.176,1028.216,-165.188
322.812,1049.932,-121.268
293.044,1056.032,-52.704
276.940,1026.508,-80.520
266.936,1024.068,-55.388
358.192,1082.872,-218.380
274.744,1083.848,-236.924
121.756,995.764,19.276
165.432,902.312,155.672
136.396,882.304,234.972
187.392,920.368,152.500
173.972,954.040,135.664
249.124,952.576,99.796
151.036,963.556,141.276
82.472,1005.036,81.252
146.888,1031.632,-38.064
85.888,969.900,86.376
113.216,919.636,145.180
136.396,899.872,133.956
175.680,899.872,117.852
259.860,903.044,-4.392
135.420,888.892,18.788
92.476,918.172,30.988
147.620,925.248,-36.600
144.692,938.668,-55.144
144.204,921.100,-31.476
101.748,911.096,12.688
91.500,897.188,50.752
78.080,890.112,51.972
52.948,861.564,91.256
90.524,865.712,57.828
46.604,916.220,26.108
31.720,903.044,40.016
-6.344,914.756,32.940
33.428,905.484,35.380
81.008,891.332,16.592
59.780,898.164,7.076
81.740,874.496,11.224
89.304,880.108,1.952
-4.392,906.216,36.356
-17.324,921.588,8.052
3.904,921.832,-22.692
3.172,929.396,-39.528
-5.124,942.816,-40.992
40.260,951.112,-74.664
33.916,945.012,-40.992
-22.448,948.428,6.832
13.420,950.136,10.492
-4.880,974.048,10.492
26.840,982.344,-42.212
64.904,998.204,-61.732
49.288,988.932,-15.372
32.696,977.708,26.352
20.496,988.200,10.980
31.476,986.492,-8.540
-9.028,1010.404,2.928
4.880,992.592,14.640
59.536,977.708,-23.668
24.156,996.496,-9.760
17.324,994.300,-1.464
3.660,999.912,22.936
22.448,989.176,19.520
34.648,983.564,-7.564
23.912,997.472,-25.620
16.592,1001.620,-23.424
-12.444,1000.400,-19.764
-53.924,1023.824,-6.832
-54.168,1054.080,6.588
-57.096,1099.708,2.684
-114.192,1129.476,-23.912
-260.348,1180.472,-13.664
-148.352,1154.364,31.232
-35.624,1109.468,39.284
-131.028,1116.300,92.232
-85.888,1121.912,90.036
-109.312,1123.132,100.528
-265.472,1107.272,50.996
25.864,1062.620,-36.112
17.324,995.764,52.704
468.968,893.772,0.000
619.516,871.568,-53.436
140.544,934.032,12.688
366.488,821.304,277.184
820.572,795.440,-7.564
885.964,917.684,-400.160
754.204,919.880,-239.852
470.920,849.608,28.304
452.132,727.120,46.360
831.796,384.788,-115.900
1085.800,58.560,-46.360
918.172,-44.652,165.676
905.972,-84.668,157.380
1124.596,-268.888,78.568
1174.860,-375.516,18.300
1236.104,-334.768,-13.908
1194.136,-271.572,103.944
1150.948,-212.524,129.808
1099.464,-190.808,189.344
991.860,-120.780,197.640
837.408,40.504,177.388
902.800,144.936,112.728
817.400,183.976,118.340
837.652,193.736,92.964
882.548,210.572,-3.172
740.052,269.132,24.400
727.120,310.368,62.708
579.012,303.536,42.944
646.600,288.408,45.140
634.156,271.572,-15.128
593.652,257.420,50.996
571.692,248.880,31.720
597.312,242.536,-18.788
570.472,227.408,-19.032
521.672,221.552,72.224
404.064,200.324,117.852
575.352,160.308,32.940
721.996,69.296,66.612
795.196,76.616,84.424
540.216,55.876,20.984
666.608,-4.392,53.192
798.124,-29.036,97.112
904.752,-62.464,121.756
854.976,-140.544,130.784
672.464,-156.404,55.144
700.524,-173.728,86.864
763.476,-244.488,194.224
822.036,-255.712,308.416
914.756,-259.860,233.508
981.124,-304.512,-51.240
1108.004,-355.508,-113.216
1147.532,-317.688,95.404
1089.216,-327.936,271.572
1004.792,-355.020,364.780
885.964,-360.632,337.696
1191.452,-370.148,139.568
1365.180,-430.660,76.860
1372.988,-484.828,153.964
1149.728,-491.904,221.308
980.636,-513.132,247.904
1244.888,-582.916,252.784
1394.704,-579.012,177.632
1401.048,-546.072,101.260
1299.788,-535.580,176.900
1356.152,-546.316,270.840
1524.268,-603.412,329.156
1645.048,-600.484,256.932
1562.332,-538.996,144.692
1414.224,-513.132,154.208
1328.336,-516.304,210.572
1243.912,-518.012,233.020
1231.224,-534.604,221.064
1164.124,-531.676,214.720
1008.696,-494.100,209.352
1027.728,-466.040,158.600
1037.732,-465.064,162.260
1045.784,-492.148,194.224
1029.924,-506.056,274.012
991.372,-521.916,294.996
987.224,-452.132,216.672
986.736,-410.896,162.992
1298.568,-484.096,55.632
1476.200,-568.764,101.748
1127.524,-598.532,315.248
1015.284,-445.544,329.888
1225.124,-447.740,198.860
832.772,-130.540,87.840
306.464,352.336,52.948
1281.244,280.112,-489.464
1174.616,345.992,-230.336
700.280,527.772,274.256
963.312,348.432,-73.200
1016.504,380.152,-9.028
768.112,473.116,229.604
615.856,572.912,-100.528
298.900,669.292,-230.336
20.984,791.780,-152.012
-31.720,773.236,-161.772
-25.620,880.352,-231.800
61.000,1010.160,-309.880
262.788,990.884,-299.144
424.560,985.028,-197.396
471.164,900.360,-48.312
507.032,817.400,21.472
543.876,747.128,109.312
565.104,842.532,-29.036
518.012,858.148,-42.212
536.556,785.192,-46.360
514.596,752.496,23.180
613.660,772.992,-52.460
642.452,801.784,-80.520
657.824,816.424,-103.944
637.084,774.700,-70.516
654.652,833.260,-129.564
710.772,835.212,-141.276
724.680,846.192,-109.068
795.684,852.048,-69.540
817.888,834.480,-40.992
858.636,876.936,-71.248
845.460,936.472,-91.012
850.096,975.024,-134.200
823.988,976.000,-144.936
738.832,922.320,-37.576
771.528,926.712,-37.088
703.696,951.356,-39.528
786.168,1001.620,-216.916
630.008,1010.160,-148.596
552.904,989.908,-111.996
552.416,938.912,-90.280
572.912,891.332,-52.216
453.840,929.884,48.068
556.320,929.152,-7.808
435.296,902.556,55.876
445.300,879.132,-39.772
271.328,885.720,-52.460
147.132,910.852,-11.956
184.220,965.264,-47.580
174.704,926.224,-47.092
155.428,891.088,17.324
161.040,898.652,14.640
198.372,880.352,4.636
245.220,876.936,-44.896
129.320,930.128,12.688
24.644,944.524,137.616
205.936,897.676,96.624
457.744,860.588,-84.912
307.684,902.068,-2.684
162.748,924.028,106.872
164.212,922.320,128.344
272.548,895.480,-5.368
280.112,889.136,8.296
136.152,874.008,92.476
113.948,876.692,141.764
172.264,894.260,-18.788
172.996,869.616,-52.948
254.004,860.100,-83.936
39.284,886.208,24.888
25.132,899.384,46.360
3.904,861.076,121.024
75.884,867.420,102.236
162.504,901.580,3.172
156.648,940.132,-19.032
104.432,930.128,80.276
141.032,943.548,67.588
181.780,935.008,17.568
215.940,955.992,-21.472
115.412,947.208,61.732
101.504,960.384,66.856
81.008,960.140,69.784
78.812,967.948,88.328
168.848,984.296,-2.684
188.856,954.528,16.104
169.824,973.804,4.148
55.144,996.008,24.644
27.572,979.904,52.216
84.424,943.060,30.744
61.732,974.536,7.564
30.500,973.560,13.176
1.464,970.144,16.348
20.008,962.336,11.224
20.496,956.236,24.888
28.060,938.668,46.360
64.660,949.648,28.548
46.848,937.936,73.932
33.184,946.964,91.744
40.016,936.472,75.396
37.088,956.236,65.392
73.932,964.288,24.644
64.904,990.640,-11.468
83.692,998.448,-21.228
99.552,1008.696,-40.260
80.032,1028.460,-5.856
98.088,1020.164,40.504
132.004,1031.876,50.996
97.112,1085.068,71.004
105.164,1122.156,58.560
66.124,1134.844,64.416
74.176,1156.804,51.972
66.368,1188.036,-28.060
34.648,1209.264,-54.656
35.624,1217.560,-53.436
83.692,1183.888,-16.104
18.788,1200.236,21.960
44.652,1159.244,55.388
29.280,1132.892,49.044
-9.028,1128.012,36.600
163.724,1075.552,-20.008
-5.124,1102.880,-27.572
47.336,1099.708,-72.712
130.296,1046.760,-125.172
22.448,1028.216,2.928
62.464,958.432,108.092
214.964,961.360,2.440
59.536,994.300,4.392
186.904,979.660,12.688
32.452,994.056,65.392
-27.816,946.232,136.396
25.864,909.144,99.064
106.872,894.504,3.172
267.668,900.848,-166.896
236.924,919.392,-171.532
80.276,914.512,-29.524
-329.400,1041.880,-11.712
-661.728,1037.000,-37.820
-366.976,796.416,-19.276
-85.644,547.780,79.788
622.200,272.304,115.412
962.824,324.520,-236.192
885.476,415.288,-539.484
367.708,428.708,-396.500
536.312,129.808,-266.204
745.664,-258.396,-60.756
1031.144,-513.864,265.960
1116.056,-555.588,384.544
1054.080,-417.728,378.688
1038.952,-420.900,415.776
1327.604,-470.188,297.680
1454.728,-443.836,244.732
1414.468,-368.684,282.064
1314.672,-310.856,355.752
1158.268,-171.044,328.668
1079.212,6.344,207.888
1033.828,45.628,189.100
1022.604,59.780,147.376
1023.580,73.688,144.936
932.568,80.520,147.864
921.588,126.880,118.584
990.884,96.136,75.396
936.960,86.132,105.652
979.660,85.888,149.328
1023.336,1.220,149.328
954.772,-31.232,143.472
952.332,10.004,146.644
1001.864,-12.200,119.560
959.408,10.492,136.884
985.272,1.464,127.368
911.096,-16.348,141.764
850.096,-8.540,177.632
897.676,44.164,129.564
892.064,74.420,55.876
821.060,84.668,40.016
891.820,89.548,25.376
788.120,87.596,4.636
840.580,69.540,81.252
780.556,37.332,111.020
803.980,-5.124,122.976
898.896,-15.616,103.212
817.644,20.496,58.072
775.188,29.280,67.588
825.696,-2.684,58.560
847.168,-1.464,63.440
815.692,2.440,107.360
841.800,-41.236,104.432
911.340,-98.332,52.948
854.976,-85.644,3.416
879.132,-106.628,70.028
758.596,-126.148,91.500
875.472,-144.692,99.796
877.424,-170.312,28.060
959.164,-256.688,73.932
903.532,-275.476,126.392
841.800,-253.028,132.248
902.556,-280.356,70.272
1016.016,-331.108,38.064
975.512,-327.448,1.952
911.828,-345.260,92.232
932.568,-401.624,107.848
925.004,-411.384,52.704
892.064,-418.460,55.144
907.924,-435.784,89.304
955.260,-464.820,88.572
898.896,-475.312,67.344
952.332,-459.452,65.392
910.120,-495.076,116.388
956.236,-540.460,120.048
967.460,-557.296,90.036
1020.896,-600.972,115.168
1052.128,-667.584,132.248
1092.876,-704.428,109.312
914.024,-666.608,18.544
1001.864,-608.292,46.116
1006.988,-608.536,83.448
1023.580,-628.788,91.988
1034.316,-662.948,89.304
1125.572,-692.472,147.864
1090.924,-749.568,230.580
1126.792,-746.396,214.232
1179.740,-753.960,210.084
1081.164,-724.924,190.320
1112.884,-708.576,162.016
1099.464,-715.408,137.128
1040.172,-732.000,183.976
1029.192,-718.580,214.964
934.276,-700.768,207.400
895.236,-674.660,147.620
958.188,-662.460,116.632
910.120,-658.556,137.860
888.404,-661.972,169.092
829.844,-639.524,140.544
786.168,-622.932,147.864
775.676,-605.852,120.536
748.348,-591.944,89.548
873.764,-599.508,60.756
955.260,-588.284,14.152
919.636,-601.704,114.192
967.704,-681.736,355.264
1186.572,-630.740,174.460
1139.968,-637.572,20.984
1004.548,-564.860,15.616
970.144,-585.844,138.104
1255.624,-567.544,123.464
1093.364,-617.076,410.652
879.132,-559.004,528.260
1097.512,-489.464,386.008
1176.080,-307.440,238.388
359.656,365.268,223.504
697.840,569.008,142.252
1468.636,417.728,-296.216
891.332,509.960,-26.352
871.324,590.968,-176.656
652.212,571.204,-0.488
169.580,536.556,167.140
153.720,633.668,-40.016
163.724,691.008,-170.312
304.024,776.652,-305.000
347.456,824.964,-277.428
457.500,837.652,-201.056
671.000,873.276,-281.576
713.212,868.152,-180.560
770.796,846.680,-59.780
827.160,802.516,-14.884
931.348,859.612,-133.712
852.780,854.732,-10.248
926.468,852.048,-73.932
847.900,861.076,-74.664
822.524,862.296,-84.912
867.420,868.640,-150.060
839.116,859.368,-133.224
844.728,898.408,-183.000
769.332,884.988,-107.116
763.232,885.232,-86.864
688.080,891.332,-53.924
600.728,853.268,-2.928
594.628,843.264,3.172
695.400,886.208,-111.752
660.020,884.012,-157.624
549.488,891.088,-96.868
523.380,877.668,-7.564
510.204,884.988,26.108
534.116,916.220,-91.988
424.804,944.524,-23.912
427.732,885.476,-42.700
354.044,862.052,-50.020
364.536,866.200,-66.368
327.692,877.180,45.872
325.496,850.828,71.492
227.896,847.656,122.000
304.756,837.408,21.472
152.012,815.936,93.940
242.048,802.028,-10.980
318.908,838.872,-155.916
193.736,861.320,-61.488
56.120,894.504,57.828
74.908,883.524,122.000
246.684,828.624,0.488
128.832,854.488,35.624
116.144,899.140,32.208
221.308,895.724,10.736
259.616,857.904,48.556
243.756,876.692,49.044
100.528,886.696,142.740
86.864,898.652,143.716
83.448,917.440,135.908
101.504,899.628,114.192
231.800,908.900,-48.312
159.088,956.236,-20.252
151.280,953.552,20.252
135.420,969.900,25.376
72.956,973.316,87.840
180.560,933.300,61.976
93.696,937.204,82.472
86.376,956.724,50.752
144.448,955.016,-10.492
101.016,964.532,18.300
94.672,964.776,37.332
-15.128,1009.428,124.196
-44.652,1012.600,158.112
30.988,1001.132,75.884
104.188,1007.964,-30.988
39.528,1007.720,0.732
24.888,998.204,31.964
-29.524,999.424,65.392
-28.792,999.180,94.672
90.524,970.144,41.724
48.312,963.800,51.972
58.804,957.212,46.360
17.080,964.776,74.664
55.876,956.968,60.024
71.736,938.424,61.976
71.004,945.500,53.436
62.464,952.088,35.136
46.116,964.288,23.912
54.656,956.480,7.564
27.328,952.576,23.912
4.636,942.328,59.780
16.592,971.364,19.764
31.720,985.272,22.448
19.032,984.296,45.628
-14.152,1015.528,43.432
-12.444,1020.652,31.964
-11.468,1027.484,50.020
-1.220,1042.124,48.556
32.208,1052.128,12.688
18.300,1057.984,6.832
-18.056,1060.912,27.084
-17.324,1057.008,35.380
20.496,1059.936,12.444
15.128,1092.632,2.196
39.040,1103.368,26.108
23.912,1113.372,2.928
-52.460,1116.056,36.844
-95.648,1139.480,59.780
-0.244,1132.404,17.568
-11.956,1142.896,0.488
-97.600,1182.180,8.052
-104.432,1159.244,-4.880
-120.048,1143.872,0.976
1.952,1069.696,-1.952
4.880,1057.252,-40.748
-287.920,1155.828,51.484
-371.856,1164.368,79.056
-208.620,1087.020,105.652
-178.852,931.104,115.656
637.816,803.248,-2.928
734.196,808.616,-74.420
365.756,892.552,-138.592
92.720,856.928,36.356
386.984,671.976,320.860
411.872,646.600,160.552
857.416,840.336,-448.228
730.780,671.488,-309.636
464.820,566.324,-23.180
618.540,311.100,74.176
784.216,192.516,83.204
888.160,-18.788,190.320
882.304,-168.848,269.132
976.732,-125.416,103.700
1122.888,-66.612,-8.052
1097.512,-134.688,116.388
1108.980,-105.408,198.372
1161.684,-21.228,156.404
1067.500,-70.516,241.316
924.028,-104.676,358.680
921.832,17.568,303.536
929.396,105.652,251.564
957.456,139.324,183.488
1002.108,236.192,126.148
958.188,204.960,137.372
861.076,138.836,149.328
999.912,129.808,124.928
992.836,173.484,49.288
1035.536,166.408,77.836
1022.116,163.968,90.524
910.120,162.992,91.988
842.776,196.664,89.060
860.832,196.664,105.408
831.796,157.136,138.348
754.692,164.456,136.884
680.516,205.936,126.148
725.412,264.496,79.056
601.704,287.676,88.328
685.640,289.628,55.388
647.332,268.644,64.416
740.784,200.812,102.724
617.564,192.760,13.420
703.696,159.576,40.016
705.648,113.948,127.856
508.252,134.688,57.828
707.112,120.536,124.928
651.480,100.040,89.304
492.148,139.568,115.168
715.896,75.884,147.620
753.228,9.516,55.876
846.436,-15.860,67.100
737.612,-38.796,96.868
736.880,-65.636,100.040
825.452,-92.476,72.956
929.396,-185.928,121.512
849.852,-261.568,169.824
756.888,-287.188,289.628
863.272,-322.568,295.240
921.832,-319.396,155.184
973.072,-373.564,63.684
977.464,-421.388,75.396
852.292,-497.272,206.424
898.408,-539.728,273.280
1002.840,-589.992,218.868
1044.320,-608.536,216.672
1144.604,-612.440,222.528
1195.600,-658.312,244.732
1402.268,-725.900,222.284
1644.804,-792.756,145.180
1802.428,-818.864,150.060
1686.040,-778.604,225.700
1612.352,-742.492,292.312
1578.192,-704.916,249.856
1523.780,-675.148,239.852
1460.096,-654.164,205.936
1415.688,-631.228,165.188
1331.508,-603.656,102.724
1162.660,-559.004,120.048
1072.380,-511.912,148.352
990.152,-485.560,161.040
960.384,-482.632,147.376
873.276,-447.496,102.968
840.092,-451.644,144.692
845.216,-480.192,188.856
880.840,-505.568,206.668
941.840,-512.156,224.724
909.632,-518.744,225.212
942.084,-515.572,217.404
935.740,-486.780,191.540
1112.396,-521.672,185.196
1261.968,-518.256,155.672
1041.636,-525.088,297.924
969.900,-420.656,186.904
791.780,-299.632,177.388
754.204,-190.808,191.296
1020.408,-193.248,152.256
1349.564,-278.892,146.644
938.912,-145.180,337.696
640.500,148.596,331.840
916.952,238.632,147.132
1299.544,160.796,-17.568
948.672,271.816,106.140
855.708,450.912,45.384
1111.176,489.220,-109.556
1001.132,465.064,-125.172
931.592,719.068,-126.636
798.368,699.304,-190.076
592.676,668.804,-61.000
320.372,659.532,39.040
356.972,654.408,-1.464
572.912,727.608,-208.864
398.940,846.192,-50.020
518.012,790.560,24.644
689.544,854.000,-43.920
614.392,876.692,3.660
528.260,793.244,46.604
577.792,731.756,3.904
497.516,737.368,57.340
488.244,750.544,20.496
501.420,762.988,-33.184
600.728,784.216,-132.004
659.532,792.268,-168.848
716.384,808.860,-107.848
742.248,793.976,-47.580
818.132,810.568,-54.656
871.568,859.856,-85.888
897.188,861.076,-91.012
840.824,854.976,-35.136
897.920,859.368,-74.908
871.812,894.260,-96.136
746.152,882.792,-40.992
711.016,894.504,-66.368
716.140,901.092,-116.144
745.908,910.120,-152.500
541.436,914.268,-23.668
540.460,884.988,-55.876
507.276,905.728,-74.908
338.428,937.204,-44.164
327.936,935.984,-39.040
458.476,929.884,-76.128
473.116,926.956,-125.660
404.064,970.876,-70.028
373.320,984.052,-30.988
487.756,996.740,-71.492
628.300,919.880,-141.032
365.268,881.572,-32.452
106.140,912.804,118.096
81.008,932.080,28.304
116.388,884.988,40.748
127.368,806.176,105.164
135.420,768.112,33.916
-54.168,819.352,77.592
-122.244,864.980,139.568
2.684,892.796,96.380
272.060,897.188,-58.804
250.344,867.420,-15.860
141.764,882.548,13.176
-105.408,884.012,159.088
-182.268,921.832,151.524
-18.544,858.636,113.704
-55.388,874.008,98.576
-115.656,864.980,121.024
-90.036,880.596,40.260
-198.616,931.592,44.896
-182.756,964.288,57.096
-92.476,936.472,46.116
22.448,917.196,57.828
-18.056,978.440,27.816
-117.608,986.004,116.144
-37.332,947.452,101.504
-52.216,993.080,65.880
-67.588,1011.624,47.092
-106.384,1032.852,73.200
-106.872,1057.496,85.644
-47.580,1018.944,81.740
23.180,994.056,29.524
64.416,994.788,-21.960
-10.004,988.444,49.776
63.440,986.248,54.412
6.344,1022.604,26.596
48.556,1014.308,43.676
28.548,1026.264,72.712
11.712,1023.336,96.136
-3.416,1024.556,84.912
-45.140,1026.020,75.884
-41.968,1001.620,63.440
-78.324,1007.476,73.932
-24.156,1013.576,35.624
-39.284,1014.796,78.324
-45.140,1020.408,89.304
-68.320,1009.916,112.728
-37.576,991.860,89.060
-11.956,995.520,37.820
-70.516,996.252,25.132
-19.764,971.608,-44.896
-30.012,975.024,-41.968
-21.472,972.828,-0.976
-19.276,955.992,40.260
-120.780,974.536,95.160
-148.352,997.228,86.376
-51.484,1030.168,-30.012
-92.232,1073.844,-82.960
-117.364,1071.404,-79.788
-206.668,1081.164,-22.448
-250.588,1083.116,31.964
-200.812,1065.304,36.112
-190.076,1066.036,-0.244
-207.888,1099.220,-39.040
-278.892,1141.188,-64.660
-328.668,1145.824,-60.024
-365.268,1132.892,-10.004
-435.540,1139.236,-26.596
-574.376,1164.856,-49.288
-671.244,1056.764,59.780
-369.172,930.128,66.856
-373.076,913.292,-44.896
-658.312,765.428,8.052
-95.892,489.464,178.364
698.328,378.200,160.552
721.508,371.124,-133.956
801.784,503.616,-388.448
543.632,730.780,-439.444
657.824,441.640,-296.704
521.184,251.320,132.248
765.428,63.196,258.640
1147.532,-140.788,249.856
1082.384,-238.388,483.852
1233.908,-299.632,464.332
1225.368,-285.236,339.160
1157.536,-79.300,57.584
1281.732,63.440,-77.836
1118.496,111.264,120.536
1041.148,121.512,239.364
969.656,119.804,229.360
901.336,216.428,160.308
1026.508,203.740,36.844
971.608,177.144,-33.428
927.932,252.784,42.212
924.516,234.728,86.864
853.024,211.548,130.296
833.992,260.348,106.872
801.296,260.348,66.856
794.464,183.000,155.428
864.004,187.148,114.192
735.904,209.596,133.224
565.104,262.300,127.856
572.912,286.700,45.628
733.220,279.624,-96.868
742.248,173.972,-55.876
554.124,234.240,43.188
525.576,199.104,117.120
573.888,172.020,50.752
682.468,63.684,42.212
631.716,29.768,34.892
649.772,21.472,121.512
713.212,-33.428,126.636
783.972,-130.540,107.360
792.024,-161.528,132.980
749.568,-133.468,64.172
692.472,-129.564,94.428
704.916,-178.608,220.820
853.512,-193.980,289.140
844.484,-237.412,180.804
934.032,-274.256,62.708
1040.172,-301.828,-0.244
1056.276,-321.592,85.400
918.416,-371.124,202.032
1032.852,-477.508,305.976
1151.924,-500.200,260.104
1151.192,-519.964,151.036
1188.036,-572.668,205.692
1165.832,-522.160,87.352
1167.540,-524.844,93.940
1136.064,-558.028,201.300
1222.928,-607.560,165.188
1224.148,-625.128,109.068
1222.684,-628.300,63.684
1229.028,-660.020,94.672
1196.576,-663.680,139.812
1211.948,-638.060,132.492
1241.228,-640.012,96.624
1158.756,-588.040,91.256
1092.632,-567.056,117.852
1030.412,-530.944,103.212
1047.980,-559.004,156.648
1075.064,-571.448,130.296
1188.280,-585.112,44.896
1208.532,-605.852,69.784
1161.440,-601.460,50.752
1080.432,-580.232,94.916
1011.624,-591.212,139.080
1067.500,-588.040,132.248
1037.732,-569.740,132.980
978.928,-547.780,113.948
977.952,-526.796,66.368
945.256,-513.132,69.784
821.548,-486.292,71.248
903.044,-477.264,71.736
937.204,-506.788,100.284
922.564,-505.080,82.228
884.988,-508.496,88.328
916.464,-525.576,84.912
990.640,-582.184,153.964
1135.332,-589.016,166.408
1114.836,-580.476,132.004
1238.056,-572.668,101.992
1709.952,-606.340,-190.808
1848.544,-753.472,-377.224
1153.388,-1028.216,232.288
764.208,-752.984,681.736
894.016,-602.436,517.524
457.012,-214.476,494.344
347.944,303.292,203.740
-103.456,762.256,363.316
868.884,536.556,123.220
939.644,563.884,-8.296
565.348,662.216,72.956
645.136,620.004,30.500
507.032,609.512,79.056
456.036,640.012,59.780
545.096,665.632,-21.716
636.840,693.448,-91.012
615.368,719.556,-17.324
623.664,769.088,19.764
748.836,745.908,-4.636
817.400,722.972,78.080
875.228,742.980,135.664
903.532,795.928,55.388
877.912,802.760,105.164
1043.100,866.932,18.544
928.664,847.900,38.308
916.464,804.712,33.184
875.228,843.752,1.708
720.776,865.224,57.584
736.148,856.684,-13.908
684.176,856.928,-24.156
655.628,860.832,-11.224
566.324,829.844,56.364
606.096,837.896,-21.228
610.244,883.524,-19.032
570.960,909.632,-3.904
474.336,915.732,17.324
461.648,877.668,-26.108
469.212,891.088,13.664
408.944,871.812,36.112
371.856,848.632,47.580
341.356,858.880,12.444
245.464,882.304,93.696
296.948,915.244,39.040
260.348,951.600,-9.760
309.636,936.472,-74.176
142.984,911.828,64.416
226.920,915.732,61.000
246.196,901.336,-35.136
-2.196,893.284,104.920
-35.624,908.900,107.604
70.760,886.208,-35.136
-13.664,925.492,19.276
-21.472,936.228,-0.976
-29.036,905.972,13.420
-30.500,862.296,17.812
-92.232,903.532,56.120
-149.816,934.276,104.188
27.816,910.852,24.644
-31.720,874.984,91.988
74.908,892.308,-12.200
-50.752,955.016,56.364
-69.540,956.236,132.248
-10.004,909.876,192.272
71.248,875.472,99.796
34.404,901.580,70.028
21.716,909.632,57.096
-77.104,921.588,82.960
-52.704,927.444,99.064
-89.304,933.544,100.284
-120.536,956.236,106.872
-55.388,945.744,49.776
-114.436,916.708,84.424
-53.436,911.828,86.620
40.992,920.612,45.872
14.884,976.244,116.632
92.476,1013.088,103.456
82.960,1023.580,67.344
-7.320,1036.756,64.660
-38.552,1000.156,65.148
82.716,960.384,17.812
3.172,978.684,54.168
-36.844,993.324,65.880
-77.104,995.276,104.432
-30.744,969.168,101.992
27.328,953.308,75.152
-24.644,990.884,98.576
35.380,990.396,99.796
92.964,996.496,73.200
102.480,1034.072,61.488
111.020,1071.404,66.612
80.032,1094.828,65.392
20.740,1123.620,102.724
-28.304,1131.428,128.832
-31.964,1133.868,96.380
55.876,1112.152,41.968
4.636,1138.504,12.444
-87.352,1163.392,55.388
-79.300,1194.868,20.008
-41.480,1172.664,-11.224
-35.136,1135.576,-27.572
-75.640,1136.552,7.076
-122.000,1111.908,40.260
-110.776,1063.840,54.656
-178.364,1068.964,65.148
-216.916,1057.252,73.444
-164.944,984.540,69.784
-256.688,1006.012,25.620
-349.896,1031.876,39.040
-291.824,1021.628,-5.612
-266.936,1013.332,-25.376
-79.056,960.140,-124.928
-98.576,935.252,-63.928
-168.360,903.532,101.504
-168.116,853.512,162.016
-91.988,839.116,57.828
-67.588,855.708,6.100
-79.788,894.016,-35.868
-138.836,893.772,-23.180
-197.640,858.636,61.244
-173.240,856.928,44.164
-176.656,882.304,8.784
-93.940,908.656,-99.796
-110.532,915.732,-81.252
-211.304,929.396,0.244
-216.428,935.984,26.840
-235.948,959.164,33.184
-295.240,983.320,45.384
-204.472,1015.528,-51.972
-261.080,1092.144,-136.884
-302.560,1120.448,-159.088
-442.128,1146.800,-117.120
-569.740,1105.320,-22.692
-599.020,992.836,80.032
-766.648,953.308,113.704
-896.212,793.000,68.076
-82.960,539.972,-205.692
303.536,507.764,-128.100
192.516,565.348,172.508
-357.704,672.952,288.408
-46.848,440.664,-62.220
332.816,364.536,-549.976
644.892,49.044,-644.160
1038.464,-320.372,-345.504
1001.132,-534.360,97.356
1039.196,-734.440,297.680
1227.320,-845.948,143.716
1446.188,-962.824,283.040
1840.492,-1067.744,382.836
1673.352,-783.728,341.112
1356.152,-401.136,249.368
1229.028,-322.812,325.984
1079.700,-295.484,335.744
1005.036,-175.924,249.612
1027.728,-44.164,137.860
935.008,-0.976,94.184
1042.124,71.736,-0.488
1034.072,38.552,19.276
996.252,-2.440,14.152
1108.004,-79.544,72.468
940.620,-107.604,62.708
1025.044,-50.020,47.336
925.492,-73.444,130.296
839.116,-10.980,138.836
909.144,-39.528,176.900
806.908,-50.020,132.980
841.556,4.148,32.452
829.112,12.932,26.840
630.496,102.236,-106.140
746.640,142.496,-118.828
649.528,81.740,-14.396
634.644,29.524,39.528
647.820,16.348,107.360
765.428,-93.208,121.756
796.904,-76.372,19.520
868.640,-91.256,91.988
792.512,-121.756,64.416
885.720,-165.676,98.820
873.764,-186.416,159.088
841.556,-214.232,198.860
813.496,-292.800,250.832
840.580,-312.320,250.588
811.056,-262.544,188.124
827.892,-241.072,129.564
940.864,-265.960,94.428
1039.684,-291.824,90.524
1001.620,-283.772,72.712
907.924,-317.932,125.172
898.164,-375.760,237.656
804.712,-428.464,354.044
859.856,-463.112,333.548
1099.464,-474.580,176.412
1163.392,-456.524,40.992
952.820,-454.328,197.396
882.792,-474.580,223.748
992.104,-488.976,174.948
1056.032,-538.752,116.632
974.536,-544.120,91.500
892.552,-494.100,102.968
856.684,-469.456,141.520
854.244,-511.668,144.204
1078.480,-539.240,104.676
1078.480,-554.368,85.400
1107.516,-615.856,119.560
1148.752,-672.464,145.668
1229.028,-737.612,154.940
1206.092,-760.548,191.784
1194.868,-746.640,214.232
1259.040,-774.456,232.044
1245.376,-735.416,189.100
1162.904,-709.064,162.260
1091.412,-664.412,143.960
1078.968,-649.772,162.260
1085.556,-643.672,120.292
1015.772,-636.352,126.148
969.900,-640.500,164.944
942.328,-615.368,154.452
957.212,-612.440,181.048
1013.820,-660.752,186.660
1111.908,-728.828,240.096
983.808,-717.116,231.068
929.152,-676.124,248.636
952.576,-643.428,213.744
841.312,-546.316,185.928
870.836,-504.348,195.932
853.756,-474.824,198.128
935.252,-518.500,223.748
1265.872,-581.208,101.016
1223.172,-573.888,13.908
959.408,-557.784,316.224
651.236,-417.240,278.648
652.212,-306.464,196.176
1292.468,-458.476,123.952
1555.012,-614.880,370.148
2011.048,-726.388,117.608
1623.820,-842.288,53.192
1135.088,-935.252,268.888
1044.808,-890.356,187.392
-863.028,272.304,707.844
-940.132,1398.608,507.764
1148.752,940.864,-826.428
23.180,961.848,-192.760
230.336,858.392,-240.828
250.344,807.640,-205.692
39.284,729.072,102.968
119.316,788.608,-25.864
236.924,930.860,-291.092
277.428,1045.784,-234.972
272.792,1011.624,-87.596
157.136,853.756,136.152
136.396,753.716,107.116
226.432,710.284,61.732
303.780,810.324,13.420
323.056,907.680,-29.036
395.280,911.584,-72.956
540.216,888.160,-96.136
452.620,869.372,65.392
325.252,848.632,130.052
364.536,860.588,-12.444
367.220,908.168,-108.336
372.832,933.300,-118.096
419.680,898.164,-63.440
498.492,874.984,-9.272
508.496,895.968,5.124
509.472,930.616,-23.424
549.000,954.284,-19.520
566.812,962.092,-22.936
638.792,986.492,-107.116
598.776,1039.928,-58.560
578.768,1007.476,15.372
578.280,981.856,53.680
615.612,988.200,-14.396
624.396,986.248,-38.552
539.240,1000.400,13.908
521.672,977.464,39.040
544.852,989.176,-29.524
648.064,986.492,-124.928
478.972,961.848,-20.740
402.600,922.320,72.712
431.392,951.112,26.840
443.348,978.440,-5.368
558.272,988.932,-110.532
392.352,982.100,-38.308
195.444,963.068,48.068
229.116,1019.920,-64.172
285.236,959.408,13.420
301.096,905.484,-35.868
186.172,917.684,93.208
227.164,931.348,46.360
252.540,953.308,6.832
118.828,942.572,74.664
53.924,904.996,127.612
226.432,883.036,-41.480
8.784,905.484,82.472
-161.284,911.096,126.636
-225.456,901.336,182.756
20.984,827.648,81.008
28.548,852.536,9.760
-89.304,899.872,153.232
-94.428,902.312,114.192
-212.036,930.860,140.788
59.780,867.176,42.944
60.268,880.840,-90.524
-211.548,931.104,179.096
-185.440,914.756,188.368
-193.736,928.420,159.820
-43.432,889.136,49.288
-36.600,898.164,-38.064
-176.412,909.144,58.072
-254.004,923.052,136.396
-167.872,934.276,111.996
-98.820,948.428,58.072
-72.956,940.620,40.016
-120.780,943.548,72.468
-150.548,960.628,102.480
-125.660,993.568,108.092
-37.820,988.688,87.840
-31.964,1009.428,93.452
-130.052,1032.120,142.496
-94.428,1040.660,126.636
-86.620,1077.016,69.052
-30.744,1087.020,49.044
-2.684,1122.888,-7.320
-43.920,1128.744,67.344
-39.772,1130.452,81.984
-43.432,1135.820,92.964
27.572,1111.420,57.584
45.628,1073.600,61.000
10.736,1079.456,84.912
13.420,1070.916,111.996
-8.540,1083.360,147.864
-37.332,1073.600,157.868
36.356,1042.124,74.664
-32.940,1043.100,69.052
-145.912,1042.612,88.816
-233.020,1056.276,99.308
8.296,1021.872,-13.176
47.092,1018.212,-16.592
63.928,1002.108,21.228
11.712,986.492,87.840
0.488,960.628,137.372
-12.200,946.720,91.500
-112.728,977.952,81.008
-74.176,977.220,50.508
-12.932,960.628,33.916
64.172,929.396,42.700
-46.116,946.476,77.348
-236.680,979.660,115.900
-67.100,941.108,25.864
31.720,903.776,-1.708
35.380,893.284,30.256
20.008,913.048,56.364
-13.908,911.340,75.152
23.668,890.844,64.416
8.296,890.112,94.916
6.832,910.852,76.860
-18.544,928.176,50.996
-26.108,924.760,20.496
29.036,916.952,-52.704
-30.988,930.860,13.176
-20.740,913.536,101.016
24.644,945.744,73.688
-97.356,1029.924,18.300
-117.364,1098.488,-81.984
-292.312,1173.396,-89.060
-171.044,1183.888,-97.844
-91.256,1076.528,6.588
-255.712,1137.040,114.680
-151.280,1084.824,165.676
-225.944,1121.668,68.320
-864.736,1219.512,-4.392
-292.312,1061.888,-65.392
-427.732,1121.668,-108.092
-738.832,1055.788,192.760
-350.872,789.584,454.572
-37.332,487.756,126.880
964.288,-46.360,-295.728
1078.480,489.464,-750.544
539.972,414.312,-615.612
179.828,198.128,39.284
1085.068,-352.580,-165.676
1593.808,-1066.768,404.308
1272.704,-993.324,839.116
1333.704,-751.032,680.028
1389.580,-526.796,491.660
1405.684,-360.876,277.428
1310.768,-204.228,144.204
1151.436,-9.516,86.376
1045.540,69.296,102.480
969.900,62.464,122.976
768.356,114.924,175.924
782.996,204.472,163.236
743.956,192.272,153.476
924.272,174.460,62.464
944.768,143.960,19.032
798.124,122.976,51.240
823.988,177.876,40.260
795.196,164.944,43.188
734.928,139.324,100.284
808.860,128.588,73.932
707.844,148.108,50.752
638.304,151.524,84.912
627.324,135.908,127.856
621.712,61.976,104.920
713.944,54.656,47.336
746.396,118.096,7.076
681.248,113.460,95.160
634.400,44.896,106.628
714.188,26.108,12.688
803.248,-43.920,30.012
764.940,-137.860,169.580
750.544,-196.908,262.300
756.888,-180.560,178.608
759.084,-218.380,180.560
867.176,-290.116,155.916
984.784,-343.796,136.884
871.812,-323.300,128.344
741.028,-370.636,259.128
915.244,-454.816,272.548
1012.112,-439.200,141.764
1022.604,-440.908,121.268
858.392,-421.632,95.892
834.236,-490.928,174.948
876.692,-551.440,238.632
901.580,-612.196,227.164
988.200,-647.332,206.912
1009.184,-646.844,185.684
955.748,-677.100,250.100
1052.616,-764.452,304.024
1286.368,-813.496,213.988
1340.048,-825.208,137.860
1199.748,-818.132,164.456
1260.016,-849.120,296.704
1256.112,-874.252,371.368
1260.992,-862.540,367.952
1266.604,-837.896,300.364
1138.504,-795.196,264.984
1139.480,-766.892,285.968
1107.516,-727.120,203.252
1076.772,-691.984,153.964
1033.096,-680.760,180.804
1006.012,-684.908,201.788
958.920,-687.348,230.092
840.824,-656.848,201.544
849.120,-617.076,204.472
894.748,-642.696,257.420
1134.600,-672.708,270.352
1338.828,-643.428,127.856
1370.304,-746.396,138.836
1349.076,-828.624,106.872
1391.044,-920.368,183.488
1407.392,-1057.252,355.020
1163.880,-1111.908,563.152
900.604,-861.564,417.728
788.120,-355.020,22.692
-417.728,495.808,90.280
756.888,653.188,-7.320
1099.708,618.296,-307.928
3.660,796.904,72.468
247.416,822.036,-176.900
191.296,710.528,-107.116
16.348,709.064,50.508
23.424,757.864,7.320
36.600,835.212,-49.776
166.896,1025.776,-229.848
192.516,1045.540,-236.436
323.056,1035.048,-229.360
355.508,978.196,-101.260
419.436,919.636,-21.228
373.564,891.332,58.804
471.652,851.316,-49.776
486.536,901.336,-151.036
434.808,931.348,-118.340
535.092,940.132,-161.040
399.428,885.476,-3.416
503.372,793.488,-51.972
608.536,784.216,-85.888
464.820,788.364,49.532
665.632,835.212,-143.228
660.020,892.064,-122.000
525.820,884.744,-26.108
592.188,872.788,-77.592
550.952,880.840,-66.368
506.788,830.332,-25.620
744.688,885.964,-234.972
620.980,884.012,-73.200
599.752,889.136,-52.704
595.848,910.852,-79.788
529.236,884.256,-40.504
566.568,856.928,-65.880
620.492,849.364,-77.592
595.848,877.424,-53.924
607.072,863.028,10.248
693.204,921.832,-94.184
564.860,918.904,-25.132
528.992,906.460,-90.768
468.480,918.172,-88.084
459.452,903.776,-44.164
569.252,894.992,-31.720
705.404,891.088,-150.304
566.568,963.800,-151.280
455.304,957.944,-89.304
441.884,929.884,-98.576
329.156,899.628,10.248
430.904,893.528,17.812
514.352,933.300,-61.000
493.856,951.844,-110.532
330.376,961.604,-31.232
269.376,958.920,52.704
544.120,1014.064,-113.704
513.376,1000.888,-119.560
382.836,997.960,0.000
314.516,953.064,53.924
381.616,980.636,12.688
284.016,961.604,6.344
175.436,1006.744,21.472
239.852,948.672,19.276
233.264,877.424,17.080
82.960,900.116,36.600
2.684,890.844,21.960
-38.552,845.704,67.832
20.008,835.700,61.000
44.408,810.080,8.052
-139.324,851.804,54.900
-251.076,896.212,118.584
-234.484,864.736,127.612
-89.792,861.076,66.124
-41.724,836.676,13.176
-176.656,882.548,115.656
-178.364,928.176,110.044
-44.652,943.060,-53.436
-88.328,988.932,-38.308
-191.540,1037.732,51.240
-47.092,971.852,63.440
0.244,982.588,5.612
-100.284,1058.716,125.660
-120.292,1113.860,105.408
-109.068,1146.556,79.788
125.416,1057.496,9.272
45.140,1105.320,1.708
-137.372,1162.660,116.144
-160.064,1140.944,126.148
-83.692,1092.632,104.188
61.976,1089.216,-13.664
96.624,1119.228,-103.944
10.492,1118.252,-92.720
-42.944,1060.912,-8.540
-122.976,1022.116,96.380
-122.000,1006.500,120.292
28.792,985.516,79.544
99.552,995.276,37.088
49.532,1015.772,55.876
30.744,1001.376,7.808
-40.016,994.056,23.424
8.052,967.948,-56.852
-49.776,976.976,-57.828
-124.440,981.124,-31.232
-59.780,940.376,-0.976
35.868,926.712,-35.868
47.336,944.768,-70.516
40.016,923.296,-23.912
34.648,918.904,2.440
-4.148,918.416,41.480
53.436,926.224,19.032
61.244,929.640,-14.396
60.268,918.904,-5.368
121.268,880.108,-2.928
65.392,917.440,-2.684
45.872,955.992,39.284
-34.160,962.824,89.548
-80.764,957.456,46.848
-18.544,969.168,-86.132
7.808,978.440,-146.644
-6.344,978.928,-89.548
-41.968,970.388,-29.280
-53.436,994.056,-11.224
23.180,978.928,-23.912
-18.544,1024.556,-33.916
-17.080,1034.560,7.564
-135.908,1068.476,39.772
-197.396,1118.984,42.944
-81.984,1071.404,-9.760
-227.408,1142.896,-119.316
-587.308,1257.332,-235.948
-1311.500,1259.040,-171.776
-942.572,713.700,193.248
-135.420,209.108,478.728
364.780,-53.436,483.120
1427.644,-104.432,21.472
1697.020,262.300,-662.704
767.868,648.552,-764.696
289.872,137.616,58.072
745.420,-367.708,211.060
1358.836,-720.044,245.220
1327.360,-788.852,461.160
1207.312,-575.352,374.540
1184.864,-416.752,206.180
1250.256,-385.520,135.420
1379.088,-302.072,119.560
1295.396,-216.672,203.984
1124.352,-108.824,263.276
1065.304,-38.552,281.088
973.072,27.328,211.060
1007.720,38.796,196.420
988.444,102.236,64.416
1070.672,167.140,27.816
910.852,176.168,82.716
936.228,178.120,38.552
957.456,122.244,7.564
900.360,72.224,9.028
831.796,87.352,101.016
766.404,124.928,45.628
747.372,172.020,33.916
750.788,149.572,53.436
699.548,76.616,19.276
823.744,42.456,11.712
787.144,90.524,34.160
773.968,111.508,41.968
742.736,79.300,40.260
709.552,57.340,45.872
785.436,19.764,28.548
839.604,-15.128,35.136
775.676,-10.248,44.896
856.440,-27.816,61.244
892.552,-98.332,52.948
861.076,-150.060,128.100
790.804,-137.616,212.524
721.264,-132.492,170.312
886.940,-171.044,176.900
990.640,-183.732,79.056
1013.332,-192.760,69.540
923.052,-225.456,112.484
859.612,-248.880,132.004
986.248,-301.340,168.360
961.360,-336.476,160.308
1019.432,-382.348,144.936
1005.768,-387.472,129.320
957.212,-374.296,183.000
913.048,-408.456,223.992
874.984,-399.184,230.336
828.380,-398.452,183.732
932.080,-411.872,84.912
941.352,-432.124,100.284
893.528,-450.668,210.816
891.576,-488.488,248.392
992.348,-528.260,217.648
1106.296,-555.832,154.940
1155.584,-572.180,127.856
1181.448,-605.608,145.668
1178.032,-653.676,199.836
1178.764,-672.952,207.156
1224.148,-690.520,214.476
1244.156,-697.352,196.664
1239.520,-712.236,211.792
1188.036,-688.080,154.452
1142.408,-678.076,147.132
1127.768,-670.756,175.924
1053.348,-651.236,151.768
1061.644,-612.928,147.376
995.032,-586.576,154.940
962.580,-596.336,170.800
974.780,-590.968,126.148
951.600,-549.732,51.240
969.656,-557.052,128.100
943.304,-569.496,157.868
908.656,-583.648,180.316
923.052,-599.996,178.608
864.248,-598.288,179.096
801.784,-578.768,163.724
897.432,-565.348,137.616
856.684,-554.368,120.780
860.344,-549.732,132.248
872.056,-543.632,131.516
860.100,-541.436,164.212
800.076,-523.868,195.932
819.596,-526.064,189.832
814.960,-519.232,179.096
797.636,-518.500,185.684
858.880,-533.140,172.752
857.904,-546.072,175.924
849.364,-549.488,182.512
851.804,-538.752,169.580
836.432,-535.824,201.544
870.104,-538.020,215.208
915.488,-520.452,163.236
887.428,-511.912,166.164
985.272,-519.232,189.832
980.880,-488.732,189.344
949.404,-502.884,226.920
1034.072,-513.376,276.696
1215.608,-522.648,259.128
1428.864,-493.612,43.432
1272.216,-609.756,264.008
1241.228,-737.124,446.520
1203.652,-657.824,414.800
1155.584,-511.912,231.068
866.932,-176.656,174.216
371.856,202.520,266.204
237.168,676.124,440.908
1003.328,461.160,115.412
1042.124,429.196,-81.496
850.340,673.684,0.732
569.984,688.568,89.060
555.832,571.692,-109.800
569.252,792.756,-370.392
304.024,903.288,-265.716
440.664,763.476,-379.664
376.248,745.176,-255.468
499.956,770.308,-182.512
476.044,895.968,-139.324
590.480,935.008,-196.176
557.784,944.036,-93.696
435.784,902.068,-19.764
293.776,813.252,-11.956
281.576,817.644,-134.200
129.808,810.080,-70.760
312.564,766.160,-183.488
277.428,848.876,-138.348
241.804,861.808,-79.300
406.016,823.988,-146.644
384.544,852.048,-76.860
334.036,838.384,0.000
463.600,761.768,-61.976
537.288,853.756,-134.932
563.396,861.076,-79.056
701.988,915.976,-173.240
671.244,997.716,-130.052
645.380,932.568,-24.644
614.636,880.840,19.032
604.388,898.408,-21.472
617.808,917.684,-65.636
630.252,926.712,-61.976
597.068,932.324,-62.464
598.776,925.004,-78.080
558.272,917.440,-57.828
564.372,905.484,-42.700
541.436,912.560,-0.732
525.332,876.936,-8.052
591.456,901.580,-59.536
674.172,969.656,-56.364
708.576,957.944,-34.648
589.992,919.392,10.492
454.084,925.004,14.396
401.136,872.544,-11.468
443.104,905.240,-74.420
295.240,919.392,17.324
338.672,879.132,13.420
338.672,897.188,29.768
464.088,964.044,-57.340
451.644,979.660,-70.028
364.292,939.888,-4.636
245.952,918.904,27.816
244.488,921.588,2.684
345.748,941.108,-28.792
433.100,970.388,10.004
410.652,951.600,13.420
237.900,956.236,51.972
148.840,924.516,72.956
221.796,896.212,49.532
253.760,886.208,34.648
212.036,928.176,64.660
153.476,937.448,44.896
118.096,879.132,61.244
129.320,865.712,22.692
162.748,881.816,15.128
82.716,881.816,69.052
103.212,902.556,39.528
76.860,927.688,5.856
49.776,938.424,22.448
69.784,921.100,4.392
81.252,913.292,42.212
129.320,908.412,11.956
60.024,972.584,38.308
147.132,982.100,20.984
157.868,951.600,-7.564
111.508,935.496,40.992
159.576,969.656,32.696
164.700,969.168,37.088
118.584,945.256,86.376
130.784,941.840,111.264
148.596,955.504,73.200
170.556,971.608,51.972
205.204,947.696,48.800
196.420,963.312,56.364
192.028,981.856,45.872
202.276,987.224,19.520
206.912,980.880,4.880
195.200,976.244,-9.760
173.728,965.508,11.956
138.836,964.288,49.288
141.520,962.580,18.300
151.280,979.904,-9.272
162.016,976.244,-31.720
141.032,981.612,2.928
147.132,965.508,35.624
155.916,954.040,58.804
185.928,961.848,52.216
171.532,978.196,36.844
181.780,983.320,23.180
194.956,956.968,22.204
173.972,976.732,23.912
169.824,989.176,-9.272
162.992,999.912,-3.416
160.064,995.276,7.808
199.836,968.924,3.172
150.304,972.340,37.820
117.364,966.728,54.900
133.224,954.772,28.060
125.172,973.804,0.000
164.456,972.584,22.204
170.800,968.436,41.968
184.952,1000.156,10.980
198.860,998.448,17.324
213.012,1004.792,14.884
208.864,1011.136,-0.732
193.736,1001.864,8.784
177.144,976.732,32.696
148.352,956.968,60.756
144.692,949.648,54.900
108.336,954.528,46.604
108.336,955.016,40.504
115.168,955.016,28.792
115.900,967.216,22.204
141.032,978.440,-3.416
154.452,985.760,-1.464
167.384,995.276,18.056
184.220,994.056,38.308
190.320,1008.696,27.816
189.588,998.448,27.084
173.728,991.860,29.036
176.168,981.856,16.104
160.308,977.220,6.344
139.812,986.736,0.244
133.956,978.440,-14.640
127.368,986.736,-28.060
156.404,977.464,-10.980
176.168,966.972,-4.148
142.252,968.680,26.840
134.932,970.632,42.456
145.912,991.372,20.252
142.252,993.812,12.200
122.000,983.564,28.304
170.312,960.872,26.108
154.940,984.052,19.764
112.972,985.028,31.964
127.124,976.488,18.544
164.944,995.032,-8.052
