acc_x[mg],acc_y[mg],acc_z[mg]
-6.100,1037.732,-55.144
10.248,1034.072,-59.292
21.472,1021.872,-58.560
16.836,1020.408,-45.628
25.620,1020.896,-41.724
18.544,1011.136,-33.672
-0.244,998.936,-32.696
-18.056,1006.500,-47.336
-10.248,1003.816,-69.784
-20.496,997.716,-73.932
-53.924,987.224,-58.804
-87.352,979.904,-40.260
-87.352,975.024,-32.452
-53.436,975.024,-32.452
-17.568,988.200,-60.512
-33.184,1006.988,-80.520
-50.508,1012.356,-77.592
-77.104,1019.188,-89.304
-256.200,1058.228,-57.584
-283.284,1047.248,-34.160
-282.308,1015.528,-49.532
-432.124,1032.364,1.464
-565.348,1039.440,-2.928
-953.064,1110.200,48.312
-871.568,682.224,99.064
89.060,37.088,136.884
804.224,-226.920,415.776
1219.512,-261.568,394.304
1951.756,-208.864,-231.312
1835.612,431.392,-1125.816
967.948,649.040,-800.808
368.684,440.664,126.392
880.108,134.444,156.892
1354.932,-78.324,18.300
1307.840,-31.720,131.028
1131.184,50.996,198.128
1062.864,110.532,163.480
1031.388,110.044,166.408
1081.164,148.108,67.588
1118.496,160.552,27.572
1116.544,117.120,93.452
1066.768,142.496,103.944
983.564,232.044,47.336
977.708,254.736,50.752
944.768,230.092,20.496
946.232,237.900,-4.880
908.900,244.488,-21.716
826.184,241.072,33.672
773.724,243.268,28.304
682.224,298.412,-14.396
724.680,281.576,44.652
785.436,267.912,-9.760
649.528,201.544,-5.124
693.448,163.236,72.956
660.020,188.124,15.372
609.268,202.764,-8.784
749.812,141.032,20.252
913.048,90.768,-53.436
716.384,54.656,-76.616
583.648,107.360,-25.620
556.320,127.856,-22.692
595.848,112.728,16.592
868.884,-67.100,27.816
1014.064,-112.240,10.248
685.884,-72.468,-44.164
693.692,-41.236,-2.196
807.152,-122.244,16.348
915.976,-185.928,-9.516
976.488,-250.344,43.920
922.076,-272.792,50.996
960.140,-353.556,86.376
1251.720,-472.872,43.188
1253.916,-458.964,56.364
1263.188,-465.064,120.780
1314.184,-450.912,78.568
1257.088,-530.456,124.196
1330.044,-525.088,163.968
1317.600,-529.724,165.676
1352.004,-538.264,147.376
1403.976,-563.640,103.700
1324.676,-556.564,120.536
1264.164,-551.196,122.244
1237.568,-522.892,78.080
1291.004,-519.964,12.932
1226.588,-531.188,47.092
1154.120,-531.432,100.772
1114.104,-525.088,102.236
1061.156,-502.396,80.032
1027.484,-516.304,127.368
1048.224,-480.924,69.784
1052.616,-485.316,71.736
1069.940,-479.948,44.164
1055.056,-497.272,63.440
1001.376,-506.544,116.632
907.924,-494.100,168.604
926.956,-495.564,183.488
1129.720,-492.392,77.104
1191.696,-508.740,84.180
1315.648,-526.796,69.784
1324.432,-666.852,274.012
1496.208,-835.212,278.404
1582.340,-812.520,249.124
1459.364,-725.900,233.996
1392.508,-535.092,76.128
923.540,-120.292,-29.280
245.708,444.324,-14.884
699.060,858.880,-380.884
453.596,839.116,-266.692
335.744,797.880,-363.560
482.632,659.776,-262.056
212.524,486.536,26.352
118.828,516.792,8.296
86.620,627.568,-133.224
63.196,709.064,-193.004
185.684,772.504,-299.876
217.648,772.504,-171.776
338.184,734.928,-97.600
427.244,737.612,-58.560
510.204,764.208,-71.492
563.884,786.412,-73.688
621.468,819.596,-156.648
600.484,853.512,-161.772
640.012,787.632,-57.096
688.812,775.432,-58.072
704.672,788.852,-108.336
697.840,847.168,-154.940
678.808,860.100,-136.640
624.152,835.700,-117.608
713.700,853.024,-187.148
669.780,860.588,-121.512
663.924,874.496,-106.872
620.248,827.892,-83.204
621.712,829.356,-111.020
588.040,830.332,-102.968
625.372,840.824,-138.348
651.724,895.724,-135.908
677.100,905.728,-123.952
660.264,883.280,-90.768
653.188,889.380,-103.456
687.592,933.056,-120.048
742.980,935.740,-134.688
712.724,932.812,-100.528
658.556,925.248,-44.896
618.784,941.108,-69.296
600.240,958.432,-102.724
613.172,946.720,-122.000
579.500,959.164,-152.500
482.144,957.944,-89.304
456.524,952.332,-55.632
498.248,965.508,-120.048
472.628,952.820,-99.308
425.292,935.008,-49.532
440.420,922.808,-64.172
436.760,909.876,-97.600
284.504,914.756,-16.348
313.784,932.812,-53.436
345.992,945.500,-32.208
268.644,902.068,26.840
240.584,876.448,53.680
264.496,881.572,-3.172
231.312,870.836,-7.564
232.776,906.704,-29.524
175.680,902.556,-52.216
153.232,983.076,-82.472
201.788,887.428,-132.980
127.124,910.364,-91.012
85.400,937.692,-28.304
85.888,956.236,-8.784
106.140,881.328,-3.172
91.500,917.440,-2.684
89.060,964.532,-12.688
137.372,1008.940,-53.924
147.376,1006.256,-58.560
201.056,1025.044,-86.864
63.440,1028.216,-20.252
31.964,1026.508,26.840
13.420,1029.924,31.476
20.984,968.192,24.644
-0.244,1008.696,-30.744
10.004,994.300,-30.256
4.636,967.704,-52.948
-103.456,970.144,48.556
-8.540,919.148,35.624
179.584,826.184,-5.856
-16.348,886.208,80.276
-69.784,895.236,127.856
-50.996,898.652,75.884
9.028,856.928,30.744
116.632,834.724,-59.292
-27.816,867.664,-0.732
-58.560,846.680,79.300
-81.252,855.708,98.088
-78.080,875.960,79.300
-29.036,885.232,23.424
-20.496,878.400,-12.932
-69.052,870.592,38.064
-81.496,900.848,28.548
-87.840,935.252,14.640
-52.216,923.540,-20.252
-39.040,940.864,-29.036
-50.020,949.404,-7.076
-50.752,967.704,7.808
-47.824,968.436,18.788
-46.848,975.512,13.908
-21.228,999.180,-10.980
-14.396,994.300,-17.324
10.004,990.396,-21.472
-45.872,1013.332,-0.976
6.344,1015.040,-18.056
-19.032,1003.084,6.588
-3.416,982.344,16.836
8.052,987.712,1.952
-18.544,1010.892,-5.368
-29.768,1012.356,-3.660
-50.264,1018.700,-15.860
-100.772,1014.552,23.912
-101.016,1014.552,6.100
-114.680,1011.868,-8.296
-127.856,1006.744,-18.788
-136.152,1002.108,-33.428
-190.320,1014.796,-39.772
-296.460,997.716,-23.668
-323.300,974.292,-0.732
-364.780,956.724,18.544
-441.396,966.972,24.888
-619.516,997.960,9.028
-667.096,971.364,2.196
-736.148,900.360,-81.984
-1114.348,720.044,-107.116
-276.208,-22.448,170.312
604.388,-400.404,412.116
1287.344,-495.808,563.640
1998.360,-456.280,108.336
2070.584,324.276,-742.736
1176.324,468.968,-364.536
476.288,371.124,163.724
863.028,98.820,221.064
1504.504,-276.208,206.180
1578.680,-281.332,244.000
1295.152,-129.076,328.668
1153.144,-53.192,356.728
1190.720,13.664,230.336
1242.448,85.888,134.688
1124.596,132.004,88.816
1137.040,124.928,67.100
1179.008,136.884,26.108
1128.500,165.188,8.540
1070.672,159.332,91.012
1031.388,161.528,106.628
967.216,148.108,160.308
1087.508,134.932,79.300
1011.868,142.008,102.480
1000.644,175.436,89.060
969.656,188.368,55.144
923.540,209.352,61.244
869.372,224.480,74.664
897.676,217.160,85.400
925.736,192.028,73.200
892.064,168.848,76.372
942.084,131.028,111.752
849.120,144.936,43.188
910.364,139.080,91.988
866.200,177.876,5.368
854.244,198.860,5.368
884.744,146.644,15.372
814.960,71.004,18.300
821.304,83.936,123.708
837.652,74.908,130.784
657.336,109.800,40.748
703.208,140.300,111.996
868.152,81.496,85.400
661.240,48.312,-29.768
671.000,68.320,88.572
825.696,-40.748,180.804
977.952,12.444,32.696
887.916,-9.028,89.060
754.692,5.612,42.456
626.104,-52.948,58.560
594.872,-119.072,150.548
834.480,-140.544,101.748
988.688,-134.932,-21.228
999.180,-150.060,-27.572
992.104,-204.228,26.352
1022.604,-216.916,56.120
953.308,-225.700,92.964
782.752,-242.048,236.192
877.424,-309.392,272.304
1112.396,-381.616,200.568
1243.424,-424.804,167.384
1201.456,-399.184,166.164
1060.424,-413.092,272.304
999.668,-410.652,300.120
1138.260,-422.364,185.196
1251.964,-446.764,107.360
1307.596,-465.796,93.696
1256.356,-482.388,161.040
1224.148,-500.200,241.560
1294.420,-501.908,218.380
1292.956,-485.560,218.380
1314.184,-481.412,205.448
1284.172,-486.780,214.476
1224.148,-490.440,250.588
1198.528,-472.628,226.676
1186.572,-449.692,189.344
1189.500,-435.296,149.084
1130.696,-448.716,197.640
1090.192,-456.280,223.748
1030.900,-452.376,239.608
998.204,-444.812,224.724
975.268,-432.856,200.812
951.844,-433.100,191.784
930.128,-429.440,189.588
928.664,-447.496,202.276
957.456,-448.228,193.980
965.508,-445.544,200.568
954.040,-434.564,196.176
951.356,-439.932,204.960
949.892,-419.680,186.660
943.792,-410.408,186.416
909.632,-420.656,270.108
1055.788,-448.960,258.396
1237.568,-490.196,254.004
1322.724,-549.732,368.440
1512.068,-561.444,390.156
1646.756,-599.264,365.268
1722.396,-692.472,412.116
1583.560,-599.996,415.776
1217.804,-301.096,317.200
527.284,195.688,282.796
1041.148,492.148,-121.024
989.664,500.932,-169.824
991.860,563.152,-319.884
820.816,498.980,-116.144
637.328,486.048,157.380
436.028,462.624,144.692
467.992,465.308,-68.808
379.908,533.872,-84.424
215.940,659.532,-104.432
274.256,669.780,-143.228
294.508,743.468,-176.656
106.140,725.656,-48.312
115.656,702.232,-85.156
95.404,679.296,-37.576
149.328,688.812,-56.852
245.464,749.568,-131.028
284.016,832.772,-133.224
335.256,856.440,-87.352
334.036,868.884,-17.080
316.956,835.212,33.916
497.516,818.620,-52.460
437.004,833.748,37.576
463.600,829.356,10.736
478.972,884.744,-21.960
345.260,878.644,52.216
445.544,841.556,-60.024
523.868,853.024,-99.796
387.716,858.636,81.008
365.268,862.540,67.100
476.044,854.732,-47.092
629.032,909.876,-178.364
482.144,912.560,-13.664
574.132,905.728,-47.580
560.224,931.592,20.740
548.512,904.508,34.404
556.808,928.176,-36.356
495.320,905.972,-19.520
509.472,913.292,-40.016
509.960,914.756,-24.888
572.180,929.884,-65.880
490.928,933.544,-5.124
462.380,919.636,-1.220
454.328,936.960,-9.516
512.400,918.172,-61.732
475.312,938.180,-40.992
500.200,936.472,-28.060
607.316,950.136,-118.584
546.072,981.612,-59.048
453.596,946.476,15.616
446.032,934.520,-6.588
483.608,951.600,-39.040
493.612,954.772,-32.452
483.120,936.228,-38.796
462.380,965.508,-51.728
450.668,934.276,-40.504
461.892,954.772,-63.928
448.472,934.520,-41.968
506.788,986.004,-127.368
477.996,959.896,-93.208
450.668,1006.012,-83.204
410.408,1012.600,-35.868
390.156,1024.556,-30.988
499.956,1023.336,-64.172
547.536,976.000,-84.424
421.144,972.584,-33.916
275.720,928.176,30.256
203.496,984.540,2.440
317.932,971.120,-120.292
322.568,939.644,-160.796
256.932,931.836,-47.824
256.444,915.976,-10.980
219.356,913.292,-8.540
164.212,887.916,6.100
104.432,923.052,5.612
82.472,919.148,-7.564
77.104,937.204,-45.384
79.788,927.932,-40.504
73.444,934.032,-15.860
60.756,964.044,10.980
92.720,955.748,-6.588
107.360,960.140,-24.888
94.916,975.756,-2.196
107.116,997.472,9.028
92.964,999.180,2.684
160.552,953.552,-15.128
184.952,916.952,-23.424
87.596,923.052,23.424
90.768,933.056,23.912
107.604,935.008,-6.588
52.704,940.864,-2.928
-1.708,938.912,27.084
10.248,935.740,-7.076
42.700,895.236,-8.784
50.508,891.820,-19.764
24.156,912.560,9.272
18.300,901.092,21.960
12.444,902.556,17.324
61.244,879.620,3.904
53.924,894.992,20.984
12.932,907.436,33.916
32.208,934.032,-8.784
15.860,951.356,-31.720
-5.368,941.596,-0.244
-3.904,934.520,10.004
-39.772,935.008,40.504
-16.104,940.864,24.400
-29.280,976.244,-7.564
7.320,1003.084,-60.268
-1.952,1004.060,-58.316
-21.228,998.448,-34.404
-55.388,997.472,-3.172
-87.352,996.984,7.808
-145.668,994.056,5.856
-304.268,987.956,11.224
-434.564,1076.040,-50.996
-541.680,1138.016,-153.232
-600.484,1133.624,-188.612
-642.940,1102.636,-214.720
-949.404,1052.860,-227.408
-650.504,606.096,-158.844
-212.036,21.472,251.076
408.456,-440.908,666.608
1115.812,-580.476,559.736
1771.196,-396.256,-52.460
2183.068,61.976,-630.252
1529.148,283.528,-608.536
811.788,41.724,6.832
892.552,-103.456,260.104
1376.404,-242.048,24.888
1653.588,-319.884,-30.988
1368.108,-251.808,162.992
1154.852,-167.384,318.420
1033.584,-79.544,268.400
1040.904,2.928,214.720
1120.692,11.956,169.824
966.484,12.444,122.244
992.592,62.708,127.856
973.804,96.624,48.312
977.708,93.208,122.976
951.844,83.448,122.244
959.408,85.156,140.788
963.068,96.136,115.656
1025.044,82.960,86.864
915.244,86.132,87.840
1078.236,99.796,40.016
1052.860,102.968,15.372
1049.444,91.744,69.784
1068.476,59.048,71.492
998.936,53.192,136.884
979.172,57.828,143.472
927.932,59.536,141.032
931.836,67.100,133.224
976.000,66.368,92.232
858.880,87.352,71.980
857.172,106.628,63.928
912.072,124.440,24.888
841.800,128.832,39.528
847.168,99.308,100.284
654.652,97.600,53.436
564.616,121.024,7.808
546.072,112.972,61.244
594.140,106.628,112.484
609.268,125.416,39.528
467.260,152.012,-24.644
455.792,139.080,-53.680
514.840,90.524,12.444
611.708,105.652,-84.912
599.996,24.888,40.992
691.252,-71.980,93.208
634.644,-111.996,170.800
700.036,-66.124,88.572
828.380,-107.604,20.008
882.548,-166.408,65.392
891.332,-201.544,161.772
905.484,-278.648,287.188
970.876,-343.064,381.128
996.008,-296.704,239.364
1060.180,-368.196,208.864
1132.892,-409.676,158.844
1212.924,-533.628,273.036
1386.896,-634.156,285.968
1507.920,-718.580,338.428
1529.636,-729.560,400.404
1496.696,-708.820,421.388
1549.156,-672.952,386.496
1548.668,-646.600,380.640
1492.792,-632.204,368.684
1485.472,-598.288,296.704
1395.436,-531.188,264.008
1327.116,-496.784,235.948
1263.432,-463.356,190.808
1115.080,-436.028,191.296
1083.360,-426.512,160.552
1018.944,-402.356,150.304
953.552,-434.808,182.512
995.520,-459.452,175.436
986.248,-446.520,135.664
957.700,-454.572,162.748
968.680,-448.960,138.836
896.456,-445.300,188.368
865.224,-452.132,217.160
867.908,-442.128,201.300
881.084,-450.668,194.468
911.584,-454.084,184.220
923.296,-450.912,166.896
946.476,-458.964,183.732
939.888,-440.176,177.388
943.060,-438.956,191.540
942.328,-458.720,248.880
1010.648,-457.988,236.192
1078.968,-469.700,223.992
1204.140,-488.244,249.856
1344.928,-496.784,323.300
1663.104,-609.268,413.824
2001.776,-888.404,465.552
2010.072,-898.896,476.776
1277.096,-457.744,443.836
1279.048,-133.468,305.244
1776.076,12.688,28.548
1442.772,90.280,-42.944
1293.932,328.180,-324.276
757.620,387.716,-227.164
583.404,446.520,-313.540
302.804,423.584,-161.284
75.884,368.928,-137.372
-188.368,510.692,-171.532
-358.436,557.784,-181.048
-262.788,604.388,-349.896
-135.176,697.108,-366.732
-213.256,664.900,-106.384
-230.336,601.460,92.232
-27.572,647.332,-12.688
178.364,768.844,-107.360
285.236,806.908,-92.476
529.480,906.948,-52.460
439.932,919.636,172.996
435.052,856.684,152.988
429.196,831.552,71.004
426.512,829.356,-12.932
386.984,870.592,-42.456
416.996,921.344,-122.976
358.680,943.792,-85.644
293.776,853.756,45.872
371.368,815.204,23.424
429.928,869.372,-66.124
381.372,916.464,-44.652
436.272,930.860,-77.836
385.520,921.100,-3.172
485.560,890.356,-36.356
502.396,933.788,-58.560
395.036,912.560,23.668
533.872,915.976,-41.724
526.796,949.160,-11.712
519.232,931.348,21.960
486.780,927.688,42.456
480.680,927.200,10.736
431.636,948.428,-4.636
421.388,941.108,-36.356
419.436,926.712,-59.292
527.772,917.196,-156.892
484.828,951.600,-88.084
470.676,943.548,-27.572
487.756,975.024,-49.044
494.832,978.196,-50.020
579.988,952.332,-97.844
503.616,930.128,-20.252
499.468,888.648,32.696
514.352,894.016,14.396
443.836,929.152,11.468
442.616,951.844,-37.088
508.984,956.480,-124.928
484.584,992.836,-138.592
360.876,1003.328,-48.068
358.680,986.248,-39.284
371.124,946.476,-38.796
389.668,921.832,-14.152
356.728,949.648,-36.600
321.104,927.932,-20.496
346.724,969.168,-46.604
329.400,971.852,-45.872
338.916,986.492,-41.236
370.392,935.740,-91.988
287.920,944.280,-34.404
261.812,926.224,-24.644
197.884,916.464,-2.684
152.744,958.676,-13.176
158.356,936.960,35.868
191.296,930.860,23.424
250.832,958.432,-51.484
218.380,960.140,-26.596
248.880,952.576,-37.820
184.220,948.184,-8.296
131.272,1000.156,-11.224
164.700,961.604,-44.896
165.432,949.404,-50.264
171.044,963.556,-51.972
137.372,959.896,1.220
133.712,949.648,13.664
91.988,967.216,15.616
84.912,973.072,-4.880
128.100,965.264,-40.016
184.952,969.168,-83.936
118.828,952.576,-24.888
69.540,984.784,-8.784
119.072,966.240,-16.836
117.120,959.164,14.884
132.980,959.408,26.596
152.988,947.452,15.128
118.340,951.844,40.748
103.944,957.944,52.216
112.972,991.128,11.224
91.744,996.008,15.372
175.192,997.960,-27.816
134.200,985.272,-0.976
147.864,969.656,-4.636
129.808,967.460,3.904
114.680,953.796,36.356
145.424,960.628,14.884
153.232,983.076,-17.812
71.004,1032.364,2.196
71.736,1064.816,-0.488
142.252,1042.124,-39.528
93.696,1048.956,9.028
75.640,1079.700,41.724
47.336,1114.836,30.256
38.796,1126.548,11.712
-29.524,1153.144,9.760
-38.308,1230.248,-72.468
-54.412,1251.720,-67.100
-119.072,1210.972,-29.524
-78.324,1101.904,23.668
-6.100,1046.028,54.900
12.688,1051.152,111.264
-36.356,1131.184,73.444
-213.744,1171.688,-51.972
179.828,1039.684,-96.136
355.752,867.664,-15.128
-147.132,948.916,19.032
-169.824,962.336,31.476
-675.880,840.580,-8.052
-715.164,442.372,71.004
421.632,-50.996,150.792
1108.980,-248.148,75.640
1269.044,-156.404,-1.708
1033.096,-173.484,-15.860
864.736,-187.392,-33.672
1105.320,-335.012,-119.072
1240.740,-387.716,-54.656
1341.268,-556.808,175.680
1254.404,-481.168,485.072
1042.368,-371.612,611.464
978.928,-328.180,489.708
1123.864,-254.980,330.864
1155.340,-216.428,225.944
1097.024,-188.612,279.868
1008.696,-130.052,268.644
969.168,-93.452,254.004
956.236,-68.808,205.692
961.604,-26.596,181.292
979.172,-6.588,161.284
911.096,19.520,132.736
924.272,67.344,146.888
844.240,88.816,138.592
782.996,95.648,103.212
795.196,110.532,46.360
807.396,111.264,-8.784
786.656,47.580,89.304
773.724,29.280,140.544
791.780,16.348,132.736
601.704,33.916,101.260
701.744,33.916,153.232
638.304,14.640,71.248
451.888,-3.172,37.820
633.180,-41.724,143.716
612.440,-5.124,17.568
714.920,-54.900,22.448
798.368,-59.536,-94.672
719.068,-65.392,-105.652
708.332,-123.708,131.516
786.168,-209.840,256.688
822.280,-239.608,227.408
664.900,-254.736,170.068
710.040,-295.484,202.764
720.532,-292.800,236.924
829.356,-325.984,294.996
934.032,-356.972,207.400
992.836,-374.296,60.268
944.280,-403.088,67.832
866.688,-463.844,243.024
893.284,-549.000,370.392
1056.520,-619.028,422.364
1220.000,-595.604,302.804
1209.752,-532.408,188.124
1117.032,-547.536,214.964
1305.644,-604.144,238.876
1512.556,-689.544,334.280
1487.180,-737.612,516.548
1371.768,-683.932,502.396
1287.832,-652.944,488.732
1269.532,-634.400,444.568
1226.344,-609.024,342.088
1207.312,-584.380,254.004
1273.436,-579.256,190.564
1209.996,-572.424,166.896
1148.264,-596.092,215.940
1077.016,-614.636,303.292
1087.020,-606.340,299.144
1094.096,-610.732,291.580
1085.068,-606.096,268.400
1011.868,-577.548,223.748
1005.036,-577.304,223.016
1004.548,-599.508,281.332
1011.624,-590.236,286.944
1002.352,-599.996,309.636
1075.552,-607.560,304.756
1122.400,-650.504,370.392
1271.728,-719.800,430.904
1363.228,-787.632,460.916
1442.772,-775.920,440.664
1545.984,-820.328,461.892
1657.980,-906.460,467.748
1339.804,-713.456,570.472
1006.500,-351.848,345.260
948.672,-59.536,93.696
1406.904,106.628,-113.704
1239.276,206.912,-152.744
985.028,354.532,-124.196
816.424,286.456,30.744
381.860,353.312,91.500
233.752,509.228,-133.224
-36.600,587.796,-178.608
-193.004,614.148,-280.112
-366.488,660.752,-238.144
-458.232,670.512,-203.496
-329.156,690.276,-303.292
-340.868,744.932,-268.888
-270.108,786.900,-267.180
-129.564,824.476,-268.156
-80.276,823.500,-117.852
-60.024,796.660,15.616
74.420,840.580,-70.760
123.952,912.072,-167.872
112.728,967.216,-197.152
212.280,936.716,-154.696
342.820,1003.328,-217.648
264.984,945.988,-49.044
440.176,951.356,-100.040
349.652,969.412,-28.548
322.324,968.924,-70.272
287.676,994.056,-128.832
158.356,956.968,-60.024
158.844,866.200,-69.784
233.264,864.004,-127.368
144.936,844.240,-50.752
252.296,845.948,-139.324
313.540,940.376,-156.160
323.300,991.616,-119.804
425.048,1017.724,-200.080
362.340,1015.040,-131.516
289.872,972.096,-41.968
391.376,911.584,-106.872
376.980,946.964,-121.024
264.008,960.140,-55.632
236.924,938.668,-97.844
302.804,947.940,-194.956
249.124,979.904,-185.196
311.588,990.884,-197.884
320.860,983.808,-162.016
337.452,948.184,-71.004
325.252,937.204,-23.912
371.612,958.920,-90.036
376.736,987.956,-159.820
339.160,1032.852,-182.756
282.064,1026.996,-146.400
306.220,1002.352,-133.224
376.736,996.740,-169.824
406.504,991.860,-168.848
430.416,1015.772,-160.796
442.616,1012.844,-145.180
429.928,1008.452,-106.628
378.688,986.248,-77.592
331.840,990.640,-75.884
316.224,1042.368,-124.928
294.264,1079.944,-157.624
254.492,1063.596,-130.052
291.824,1063.840,-149.328
294.508,1054.080,-156.404
302.560,1033.096,-147.132
304.268,963.556,-72.224
321.104,1003.328,-89.304
338.428,1022.116,-110.044
369.172,990.396,-108.580
319.152,968.680,-62.708
304.512,981.612,-51.728
270.596,938.424,-38.064
212.524,933.300,-18.056
198.616,952.820,-4.148
278.160,1010.160,-139.812
207.888,949.648,-91.012
158.600,948.428,-70.028
174.948,948.916,-72.224
199.348,946.964,-113.704
196.420,959.164,-138.348
138.348,925.248,-63.440
213.988,918.172,-72.956
190.320,950.624,-119.072
106.140,967.704,-78.812
64.660,955.504,-37.088
28.060,960.384,-8.052
73.200,959.896,-53.436
76.128,933.300,-50.996
88.816,926.468,-54.656
64.172,940.132,-90.036
31.720,1000.156,-91.012
71.248,986.980,-73.200
148.108,972.340,-95.404
127.612,945.500,-54.168
77.104,962.092,-18.300
34.160,959.408,-4.636
27.328,963.556,-22.448
80.520,949.160,-67.588
94.184,947.208,-97.844
92.964,945.256,-100.040
106.628,947.696,-107.116
101.016,939.888,-103.212
59.048,928.908,-41.968
70.272,916.952,19.032
62.952,938.912,19.520
18.544,958.432,11.468
-11.956,953.796,1.220
17.080,957.944,-19.764
0.976,975.512,-51.972
-71.736,977.220,-33.916
-50.020,930.860,-29.524
-58.560,924.760,-48.556
-46.604,936.472,-99.064
-55.388,943.060,-155.916
-122.976,949.404,-135.664
-129.076,967.460,-138.348
-117.608,993.812,-164.456
-182.024,1027.972,-134.932
-298.900,1054.568,-87.840
-198.128,1043.100,-115.900
-230.580,1135.820,-122.000
-343.552,1260.748,-117.364
-320.860,1362.496,-176.412
-243.756,1229.516,-88.572
-297.192,1194.136,65.392
-287.676,1172.420,109.312
-176.168,1194.624,126.636
-252.052,1230.004,141.764
-97.356,1194.380,22.692
-120.536,1194.868,-81.252
-743.712,1155.584,-126.148
-177.388,544.608,184.952
402.112,188.124,368.440
146.400,163.236,407.724
585.600,119.316,-73.688
1323.456,-138.104,-361.852
1316.868,2.440,-585.112
790.316,-11.712,-467.748
510.936,-28.304,-65.636
1007.720,-241.804,-151.036
1350.784,-613.904,-23.912
1212.924,-616.344,183.732
1096.780,-476.776,383.568
1016.504,-460.428,562.420
1004.304,-373.808,682.224
1121.424,-312.564,461.892
1053.348,-269.132,290.116
1097.756,-161.772,176.412
1073.844,-34.404,119.316
900.116,-8.784,115.168
909.388,0.000,160.064
906.948,20.984,125.172
820.816,26.352,146.400
814.960,38.796,69.052
782.264,79.056,-1.952
820.084,105.164,-1.464
687.104,101.016,22.692
649.772,109.800,13.176
699.060,81.252,132.492
625.616,100.040,99.552
436.516,127.612,4.880
675.880,66.856,54.900
573.156,60.512,-26.352
647.820,76.372,73.932
787.632,-7.076,166.408
826.672,-41.968,24.156
443.592,47.336,-32.452
449.448,132.248,123.708
597.312,7.320,214.476
659.288,-59.292,128.100
689.788,-34.160,92.964
615.612,-10.736,5.856
725.656,-45.140,14.152
883.036,-148.352,-13.420
961.848,-158.356,48.556
860.100,-131.272,111.020
807.152,-185.928,160.796
799.344,-224.724,120.292
940.864,-286.700,54.412
1066.768,-285.236,32.452
994.056,-333.548,169.824
942.816,-388.936,238.388
1090.192,-437.980,264.496
1287.100,-491.172,149.816
1219.268,-572.424,239.364
1192.428,-638.060,369.904
1239.276,-686.372,358.192
1321.260,-754.936,369.904
1412.028,-777.384,372.832
1564.772,-760.060,310.124
1593.564,-735.416,269.132
1531.344,-710.528,284.260
1451.556,-693.204,315.004
1369.084,-644.648,275.232
1297.836,-608.780,251.564
1242.936,-598.776,232.776
1138.016,-599.020,262.056
1075.308,-599.020,276.696
1128.744,-589.260,183.976
1089.216,-550.708,109.312
1029.192,-538.264,110.044
985.028,-542.900,161.528
958.920,-558.028,202.520
922.564,-574.376,257.176
956.236,-558.760,204.716
939.156,-553.636,193.736
934.032,-566.324,230.824
968.436,-566.080,238.632
996.252,-542.656,201.544
978.440,-543.144,260.836
1001.620,-571.204,340.868
970.388,-536.800,318.908
969.900,-447.984,223.260
1006.012,-477.508,232.776
1129.720,-436.516,181.780
1359.080,-387.472,54.412
1461.316,-324.764,-0.732
1281.976,-284.260,127.368
1416.908,-277.184,151.280
1293.932,-162.748,221.064
1240.252,-42.944,238.632
1484.496,-9.760,128.344
1536.712,123.952,-81.496
1456.680,138.104,8.052
1317.844,264.496,-44.408
1073.600,319.396,147.376
745.664,387.228,301.096
724.680,367.708,44.408
1110.932,347.456,-255.956
877.668,624.396,-99.308
466.284,745.176,71.004
131.760,714.920,-50.752
-123.708,636.352,-160.308
-212.036,545.096,-266.204
-328.424,658.312,-240.340
-441.884,541.436,-153.232
-478.484,650.016,-151.280
-640.012,679.784,-39.528
-506.300,724.680,-183.244
-329.644,727.852,-189.588
-155.916,813.984,-263.276
-280.600,888.404,-32.208
-35.136,878.644,-66.124
60.512,934.764,-15.128
45.384,906.460,55.876
229.116,892.796,-39.772
115.900,923.784,52.948
208.620,925.248,-47.092
327.936,1047.492,-233.264
144.204,1026.020,-44.164
132.248,953.552,-25.132
354.776,982.100,-178.364
198.860,996.252,-29.036
247.416,999.424,-97.356
233.752,1028.704,-141.276
125.660,980.392,-37.088
148.352,961.360,-94.428
69.296,947.696,-70.516
183.488,956.236,-161.772
122.000,957.944,-87.840
146.156,958.676,-79.544
178.364,1000.400,-88.084
196.664,1004.548,-61.976
251.808,1028.704,-121.756
269.864,1044.320,-109.556
273.524,1027.484,-93.452
243.024,1037.000,-74.908
256.932,1027.484,-117.608
262.544,1070.672,-157.624
214.964,1081.408,-125.660
243.512,1054.568,-143.228
224.480,1033.828,-126.636
198.860,1028.948,-108.336
186.172,987.712,-104.188
167.384,970.388,-102.968
190.076,1004.304,-113.216
183.488,1031.876,-136.884
200.324,1042.368,-145.180
204.716,1018.212,-155.672
198.128,995.032,-100.772
242.780,1015.772,-81.496
266.448,1043.588,-152.744
194.712,1032.120,-136.396
144.936,1032.120,-50.264
162.016,1024.312,-51.972
200.568,1022.604,-76.860
206.180,1041.392,-152.256
96.136,1032.608,-84.668
71.980,1057.984,-61.244
102.480,1108.980,-95.648
240.340,1133.380,-218.380
171.288,1078.724,-130.296
95.404,1083.848,-38.552
117.120,1033.584,-10.492
97.600,996.740,16.592
63.196,991.372,71.736
142.740,937.448,71.492
332.328,874.252,-9.760
224.236,912.804,-0.732
110.776,947.452,13.420
68.808,991.128,19.764
122.976,979.172,0.244
78.812,1006.256,-29.524
110.532,968.680,-27.084
95.160,955.016,6.588
67.832,968.436,17.568
78.324,1017.480,-2.928
209.108,991.128,-48.556
155.428,1023.336,-26.108
124.440,996.496,32.940
109.800,992.836,68.076
76.128,1018.700,31.232
120.780,987.468,14.884
109.800,1013.088,-82.228
-12.444,1016.016,-37.088
-30.256,976.488,54.412
11.956,962.824,89.304
74.908,1030.412,-18.544
89.548,1025.288,-4.392
7.320,1040.904,16.592
19.520,1014.064,21.716
40.260,954.772,38.796
66.124,949.160,6.344
8.052,982.832,30.012
85.888,1022.360,-107.848
23.180,1008.208,-96.136
71.736,944.036,-23.912
52.216,871.324,114.924
34.160,844.972,131.028
130.540,850.340,47.580
64.416,887.184,81.740
41.724,869.128,90.280
30.012,859.856,63.196
-24.644,879.132,69.784
10.492,869.616,52.704
1.952,902.800,-2.440
-0.244,901.824,-29.768
-27.816,893.284,17.080
-86.864,911.096,45.628
-113.704,926.956,30.012
-103.944,942.816,4.880
-41.724,968.680,-84.424
-14.640,971.852,-128.832
-122.244,1017.480,-129.564
-159.088,1004.548,-85.400
-219.600,1009.184,-73.200
-205.448,1036.512,-132.736
-71.248,1002.108,-137.128
-37.088,1053.104,-198.128
-212.280,1107.516,-133.956
-473.604,1095.072,27.084
-417.240,965.020,125.416
-265.228,895.480,66.856
-42.212,732.244,-21.472
-45.384,583.648,-87.352
-192.516,381.128,83.936
173.240,-54.412,294.020
1190.232,-317.932,304.024
1542.080,-317.932,58.804
1753.628,-65.148,-189.588
1421.544,105.652,-222.528
1076.040,75.152,-82.228
1196.576,-26.596,92.476
1365.912,-146.156,115.656
1366.888,-110.776,130.540
1235.372,-58.072,213.500
1114.836,-3.172,194.712
984.540,67.832,162.992
1002.352,127.856,152.744
1002.596,162.748,112.484
1023.824,152.012,105.164
977.220,160.796,152.500
881.572,205.448,86.864
965.508,244.488,54.900
977.464,161.284,110.044
910.608,136.640,128.344
807.640,172.752,135.176
847.900,133.224,142.496
859.368,119.560,66.124
839.604,116.144,53.924
800.808,119.804,61.244
695.644,94.672,96.136
645.868,78.080,99.796
715.896,93.940,87.108
704.916,90.768,61.732
691.740,105.896,34.892
715.408,48.800,80.276
735.660,15.616,81.008
705.404,43.920,19.764
575.596,74.664,-4.636
610.732,91.256,-7.320
720.044,71.248,8.784
838.872,34.648,-45.872
703.208,20.496,-103.944
552.172,24.888,-78.812
602.680,39.528,-22.448
673.684,16.836,50.020
761.036,-38.796,66.856
849.120,-90.036,23.912
863.028,-144.692,50.508
815.692,-153.232,150.304
819.840,-170.312,246.928
864.004,-181.048,225.212
842.532,-142.740,249.856
955.748,-233.508,277.184
1120.448,-308.416,306.952
1272.704,-418.704,276.696
1405.196,-443.348,211.548
1503.772,-457.988,256.200
1539.884,-475.800,342.332
1501.576,-518.500,437.004
1437.892,-568.764,567.788
1405.196,-563.884,576.328
1424.716,-519.964,429.196
1499.380,-503.860,305.000
1517.924,-510.448,303.048
1340.048,-514.596,398.452
1195.356,-533.872,484.340
1207.068,-548.756,449.204
1332.484,-557.052,324.520
1353.224,-498.980,236.680
1248.792,-488.976,270.840
1138.504,-486.780,300.364
1093.120,-499.468,330.620
1047.492,-477.508,323.056
1000.888,-455.792,298.168
986.004,-430.660,255.468
950.136,-424.316,260.592
963.556,-427.000,263.032
1004.792,-422.852,262.544
1043.100,-448.960,275.720
998.936,-426.268,389.912
973.072,-504.104,514.108
996.252,-471.896,545.584
1126.060,-467.504,526.064
1254.160,-470.920,533.384
1424.472,-478.728,452.132
1546.960,-474.092,377.956
1624.796,-444.324,390.400
1832.440,-526.064,413.580
1592.588,-450.424,381.860
1331.020,-222.040,277.672
805.932,174.704,295.972
1102.392,425.536,325.740
1420.568,412.848,123.220
759.572,396.256,149.572
482.144,472.872,-30.744
422.364,493.368,-205.692
172.508,488.488,-90.036
66.368,481.656,-164.944
33.184,612.440,-330.132
-277.184,638.792,-101.748
-379.176,547.780,7.076
-313.296,539.240,-56.608
-306.708,515.572,-82.960
-228.872,545.096,-157.136
-270.840,658.556,-125.660
-193.492,690.764,-134.444
-117.364,780.068,-144.204
-144.448,806.908,-41.968
83.448,832.528,-171.776
115.168,926.468,-207.888
85.400,983.564,-148.108
219.844,960.628,-221.796
170.556,997.960,-179.340
106.872,983.076,-91.988
260.592,959.652,-172.264
255.224,990.152,-179.340
204.228,1017.236,-90.524
209.596,994.056,-36.112
206.912,988.932,-48.556
271.328,1011.136,-112.484
221.552,990.884,-66.612
240.340,964.776,-50.996
325.984,964.288,-100.284
281.820,999.912,-68.808
286.700,951.356,28.304
280.600,965.020,16.348
245.952,994.056,-25.376
253.272,985.272,-75.640
234.728,983.320,-94.916
264.740,986.492,-126.392
164.212,973.804,-52.216
115.900,950.380,2.684
191.052,943.548,-58.804
243.268,957.700,-110.776
194.712,986.492,-48.556
141.276,996.496,1.220
202.520,1012.844,-45.140
223.016,1019.188,-55.144
244.244,966.728,56.608
269.376,920.612,72.712
176.900,930.860,89.304
216.184,975.024,-1.464
210.328,1037.732,-30.012
264.008,1017.968,-22.204
247.172,1001.620,39.040
251.320,998.448,45.140
291.092,1025.288,31.720
270.108,1008.208,125.904
229.360,970.632,237.168
230.336,946.476,195.932
219.112,978.684,66.124
206.668,1063.108,-55.876
198.372,1095.072,-90.524
241.804,1073.600,-124.440
193.492,1010.648,-41.480
185.684,986.736,22.204
186.904,981.124,59.536
224.724,953.552,67.832
210.328,911.828,111.264
224.724,904.508,43.676
208.620,979.660,-93.452
126.392,1058.472,-217.160
122.488,1074.820,-282.308
109.312,1006.012,-190.076
114.680,913.048,-46.360
116.144,898.408,15.860
116.632,945.744,3.172
90.768,1008.452,-51.240
108.336,1060.912,-157.624
105.652,1052.372,-167.384
63.440,1090.680,-99.552
30.256,1100.196,-2.440
148.352,1080.188,10.736
184.708,1124.596,12.200
77.104,1197.552,76.616
36.600,1185.108,81.008
6.588,1165.344,71.492
-15.616,1125.572,62.952
-61.000,1109.712,51.728
-49.776,1108.492,4.392
-65.148,1130.452,-77.348
-47.580,1091.412,-24.156
-2.440,1037.000,80.032
13.664,1028.216,94.184
49.776,1015.040,61.244
2.440,1037.976,23.180
-32.696,1066.768,-25.132
-98.088,1111.420,-102.724
-97.844,1076.284,-110.532
-54.656,958.188,-12.200
26.840,913.536,35.868
14.884,966.484,16.836
-47.092,1005.036,3.660
-93.208,992.348,13.176
-108.336,919.392,109.556
-50.508,877.912,108.824
-22.448,929.152,43.188
-73.444,958.676,6.100
-159.576,973.316,11.712
-186.660,978.196,9.760
-26.596,877.668,-40.504
-34.160,832.528,1.220
-61.244,833.992,39.772
-31.476,858.392,10.492
-56.608,896.456,-44.896
-49.288,907.680,-118.340
-63.196,843.996,-50.264
-38.552,775.432,50.020
-71.736,788.608,104.676
-114.924,866.200,70.516
-74.420,935.252,-65.392
-4.392,962.336,-228.140
-20.496,960.140,-241.072
-97.356,891.332,-38.796
-148.352,879.132,87.596
-135.664,902.556,77.348
-164.456,905.240,53.924
-174.704,968.192,-97.600
-268.400,1132.404,-306.464
-373.076,1117.764,-369.172
-583.404,1024.556,-185.196
-896.944,972.340,62.464
-752.740,920.856,182.756
-794.464,894.016,183.488
-819.596,771.040,43.188
-872.788,217.404,123.220
-112.972,-473.116,137.128
904.508,-1081.164,422.364
1886.120,-884.988,159.820
1643.584,-544.364,35.136
1441.552,-187.880,-236.680
1334.924,-193.248,-269.864
1445.700,-321.836,-97.844
1742.160,-504.836,156.648
1717.760,-471.896,140.788
1255.136,-367.708,175.436
1070.184,-181.780,171.288
1008.696,-109.556,151.768
923.296,-18.544,147.864
881.084,-4.148,162.016
999.668,-8.540,134.932
982.588,62.464,80.032
954.528,83.936,36.112
941.840,58.072,40.748
850.096,68.076,16.836
784.948,51.240,94.672
752.496,40.504,87.108
821.548,1.220,71.736
663.192,-19.764,36.600
637.816,8.540,42.944
634.156,39.772,39.040
617.808,98.088,-6.832
497.760,51.728,80.764
432.612,22.936,50.752
677.832,5.856,69.540
648.552,-15.616,76.128
685.884,9.272,90.280
505.080,55.632,117.364
569.740,-17.812,196.664
835.944,-145.912,174.948
900.604,-189.100,66.856
790.804,-145.424,72.956
712.968,-112.972,251.320
593.652,-145.912,392.840
773.236,-256.688,350.384
1085.068,-311.100,229.360
969.168,-301.340,185.196
922.808,-296.948,186.904
1031.876,-378.688,215.696
1100.928,-431.148,266.204
1239.032,-458.232,356.240
1136.796,-532.408,353.556
1029.924,-532.408,314.760
964.532,-493.856,322.568
1062.132,-539.972,356.972
1117.032,-632.936,574.376
1169.736,-767.380,693.204
1327.604,-747.372,602.924
1304.180,-697.108,525.576
1267.824,-663.680,476.288
1289.784,-696.132,489.464
1307.108,-692.472,406.504
1336.632,-696.376,366.488
1265.872,-691.984,373.076
1199.748,-666.608,321.348
1074.332,-622.688,284.504
1052.128,-584.380,272.060
984.540,-589.992,326.716
980.392,-593.896,359.656
911.584,-599.752,366.732
803.248,-579.012,346.236
823.500,-570.228,361.364
836.188,-571.204,368.440
797.880,-582.672,379.908
830.332,-596.580,400.648
837.896,-587.796,386.252
832.040,-586.332,392.108
840.336,-589.504,408.212
833.748,-594.628,419.192
819.108,-575.108,420.900
814.472,-566.324,428.708
823.256,-547.780,442.128
874.984,-552.904,444.812
888.892,-551.440,434.320
929.152,-556.320,433.100
1002.352,-581.208,476.776
1287.100,-633.668,499.468
1169.248,-698.816,626.836
966.484,-681.004,737.856
1106.296,-549.976,595.360
1705.560,-682.224,350.384
1798.036,-848.144,430.660
1386.164,-997.472,788.364
922.564,-726.876,877.912
472.384,-313.540,686.616
223.992,334.280,455.060
1095.072,577.792,-245.952
515.328,514.352,43.188
495.320,681.980,-50.508
380.640,584.868,41.480
202.520,547.048,56.364
156.892,506.788,40.504
-3.172,577.792,79.788
-7.320,655.140,-83.448
-0.244,801.540,-244.488
-122.732,845.460,-151.524
57.340,848.144,-211.060
9.028,831.796,-75.640
186.660,843.264,-128.100
107.360,843.264,-9.028
220.332,817.156,-50.752
398.208,876.692,-173.972
245.220,871.080,33.184
355.508,854.244,-42.700
542.656,941.596,-173.972
442.128,929.152,30.012
543.632,913.780,-29.036
537.044,928.420,-7.564
425.536,884.500,84.668
575.352,828.136,-50.996
650.016,911.584,-104.432
415.044,910.608,111.508
431.392,884.744,38.308
379.420,852.536,31.720
605.120,870.592,-175.192
509.228,931.592,-74.908
533.384,987.956,-59.536
519.720,966.972,-12.932
461.648,956.480,12.200
504.104,920.856,-28.304
609.268,937.936,-113.460
528.992,977.708,-36.356
541.436,976.488,-51.484
540.460,959.164,-80.276
563.884,955.504,-156.648
470.676,956.724,-123.952
500.444,948.184,-147.620
467.748,965.020,-136.640
470.920,973.804,-101.260
475.068,965.020,-97.600
429.928,930.616,-28.060
358.192,936.228,-22.692
379.664,972.584,-120.780
303.292,980.636,-111.508
329.888,979.904,-148.352
241.072,949.648,-102.236
262.788,970.144,-155.916
244.488,972.584,-154.940
182.268,946.232,-99.796
100.772,919.392,-5.124
163.724,889.624,-25.376
190.320,875.228,-31.232
134.444,880.840,41.968
125.172,914.024,25.376
117.120,952.088,-17.080
103.456,947.452,-62.952
149.572,931.592,-86.620
155.184,932.080,-90.768
174.704,933.056,-46.116
160.064,936.716,-22.692
91.012,957.456,33.184
102.724,937.936,51.484
102.968,912.072,86.132
128.100,917.684,106.384
93.452,922.320,113.948
120.780,925.980,65.392
114.924,956.480,8.540
10.248,947.940,55.388
-15.860,928.420,96.380
51.240,969.412,85.156
63.196,992.592,82.472
83.936,979.660,68.808
182.512,998.204,-59.536
120.048,989.176,-18.300
88.328,1003.816,-22.692
21.960,1021.140,44.408
35.136,998.936,86.376
23.180,966.240,108.824
95.404,985.028,40.748
51.972,1027.240,13.664
75.152,1047.248,-22.204
37.576,1109.956,-43.676
11.468,1185.352,-83.448
14.396,1238.056,-101.260
-9.272,1187.792,-34.648
54.168,1153.388,-52.460
18.544,1175.592,-30.500
-31.476,1207.068,-8.784
-10.736,1180.472,-6.832
-60.268,1170.712,-14.640
-75.152,1158.268,-39.772
-102.236,1129.476,-32.696
-87.352,1087.508,-14.884
-50.508,1074.088,-40.016
-78.568,1106.296,-22.692
-45.628,1077.504,1.464
4.148,1025.044,21.716
35.380,975.268,37.088
-45.140,1022.116,29.768
-13.420,1025.288,-10.248
50.508,998.204,-5.856
10.736,977.220,68.808
57.096,935.008,73.444
92.720,905.972,57.828
21.472,929.884,69.784
3.904,929.640,64.416
51.484,906.460,25.376
71.736,922.564,-26.352
4.392,914.756,38.308
46.360,864.736,93.940
42.700,863.516,54.412
-48.800,899.628,12.444
-79.056,951.112,-44.164
-98.820,975.756,-99.064
-97.112,957.944,-128.588
-228.872,983.564,-106.628
-253.028,929.640,-17.568
-308.660,915.244,50.996
-361.364,958.676,33.184
-427.244,999.912,-82.472
-566.812,973.072,-170.556
-1152.412,1098.976,-145.668
-1025.776,1103.612,-208.864
-649.284,807.640,-154.208
-1486.936,776.164,28.060
-818.132,206.424,217.404
-500.932,-245.708,538.020
68.564,-491.416,629.032
1135.332,-504.592,149.084
1835.612,-415.532,-259.616
1058.472,22.448,-239.608
731.756,-128.588,-326.228
1101.416,-427.976,-147.864
1711.904,-853.268,163.480
1770.464,-821.060,297.924
1330.288,-552.904,390.156
1205.116,-334.280,280.356
1149.484,-311.344,181.780
1357.372,-345.504,64.416
1374.696,-298.656,72.956
1131.916,-233.508,187.636
1019.432,-112.240,280.356
891.332,-16.592,207.888
1014.796,25.132,211.304
1052.128,12.688,56.852
1145.824,5.612,32.696
1084.824,-12.688,42.456
1031.388,-24.400,61.488
1018.456,12.200,58.560
976.000,1.220,108.336
1035.048,-8.540,75.640
999.180,-43.432,112.728
930.128,-45.140,166.164
887.916,-18.544,116.876
852.048,21.716,108.092
808.860,64.904,9.760
851.316,57.096,12.932
820.572,48.312,21.472
709.796,47.336,23.424
728.584,43.432,85.644
743.224,-10.248,95.404
673.928,5.856,44.652
591.700,45.140,80.520
667.584,12.444,7.320
693.936,-56.364,-8.052
754.936,-46.604,-41.480
669.780,36.356,58.804
663.680,-24.156,120.780
756.888,-52.216,-12.932
723.216,-61.000,-106.628
660.264,-68.564,19.520
652.212,-82.228,91.012
569.984,-140.300,168.604
728.340,-194.224,234.728
951.844,-255.224,133.956
1064.328,-315.980,100.284
765.428,-302.804,131.516
870.104,-282.308,248.636
862.540,-316.468,214.232
796.416,-365.512,197.152
918.904,-450.668,290.116
939.888,-438.224,259.616
635.620,-394.304,181.536
698.328,-419.924,200.080
945.256,-501.420,158.356
1152.900,-723.704,110.044
1178.764,-817.156,132.248
1144.604,-784.216,191.784
1162.172,-778.360,280.600
1333.460,-783.972,302.072
1437.892,-810.324,310.612
1354.688,-783.240,322.080
1275.632,-733.220,381.372
1230.248,-731.268,470.432
1230.980,-745.420,459.208
1325.408,-707.600,283.528
1279.292,-653.676,165.188
1243.424,-653.432,230.092
1127.768,-652.456,299.876
1142.652,-648.064,253.760
1135.576,-634.400,194.712
1081.652,-607.804,171.288
1099.220,-586.576,153.476
1056.032,-595.116,187.148
1020.164,-609.512,245.952
1010.648,-590.236,260.348
926.224,-557.052,235.216
846.436,-544.852,238.876
892.552,-566.324,288.164
1013.576,-555.344,261.080
1073.356,-561.932,277.184
1178.276,-503.616,206.424
1271.484,-612.684,286.700
1490.108,-719.068,453.596
1762.656,-810.080,547.048
1807.796,-790.316,509.472
1902.224,-883.524,537.532
1644.560,-883.524,593.164
964.288,-648.552,533.384
666.852,-243.512,395.524
1193.648,-106.872,130.296
889.868,178.364,53.192
636.352,245.952,50.264
313.296,354.044,-42.456
175.192,371.612,16.836
161.772,448.228,-71.980
52.948,464.332,-123.952
43.188,585.112,-219.844
-64.904,744.200,-163.724
-89.548,714.188,-194.468
-39.040,792.024,-280.600
-74.908,815.204,-201.300
189.344,844.728,-327.204
228.384,937.204,-214.476
91.988,938.424,6.344
240.096,851.072,17.812
454.084,964.044,-20.984
285.724,977.708,68.564
108.824,921.344,103.212
89.060,914.268,-6.344
35.380,888.160,-19.764
107.360,878.156,-69.052
183.732,885.232,-105.408
131.760,937.692,-91.012
115.900,979.172,-114.680
70.272,961.116,-101.992
304.024,873.032,-200.080
297.436,954.528,-123.220
250.100,982.588,-10.736
225.212,973.560,1.464
335.500,912.804,-60.268
314.028,955.992,-23.424
240.340,955.992,31.720
325.252,901.580,-33.916
274.988,931.592,-59.048
217.160,937.936,-45.384
255.712,906.460,-81.740
301.340,949.648,-109.312
285.724,973.072,-59.292
271.572,965.996,10.980
247.416,959.164,54.168
433.344,891.820,-65.636
412.116,963.068,-67.588
325.740,990.152,2.928
296.216,952.820,20.008
356.240,931.104,-45.140
329.156,936.472,-64.416
415.288,1004.792,-126.392
347.456,1011.136,-62.220
401.380,999.424,-96.380
375.760,1029.680,-84.668
338.916,1022.604,-11.956
419.680,1085.068,37.576
544.120,1141.432,-1.220
572.912,1158.268,-63.928
536.800,1138.016,-94.428
448.716,1087.508,-68.808
434.320,1081.652,-142.008
353.800,1050.908,-130.540
384.300,992.592,-155.672
326.716,954.772,-91.744
245.220,914.268,-22.936
242.048,890.112,-6.344
219.600,918.904,-12.200
207.644,949.404,0.976
172.752,940.132,12.932
88.572,906.948,32.208
71.980,917.196,9.516
-13.176,933.056,1.708
-17.568,940.132,-19.764
28.060,924.028,-118.584
70.272,922.564,-110.044
98.088,942.572,-120.292
-28.304,974.292,-26.108
14.152,950.868,-20.008
-40.016,945.744,40.992
12.200,932.080,76.372
86.132,875.716,77.592
5.612,946.720,61.976
-16.104,983.320,48.312
44.896,993.568,-17.324
32.940,1013.332,-30.012
66.856,996.252,-70.516
15.128,1024.068,-46.604
-8.784,1049.444,-53.192
-85.644,1100.684,-22.448
32.696,1045.784,-0.488
29.768,1009.672,21.960
-33.916,1005.524,27.816
73.932,1000.644,-101.504
6.344,1033.828,-67.832
30.988,1007.476,-47.824
-18.300,1016.016,-1.464
-29.768,1021.872,20.252
-45.628,1009.672,17.324
11.712,993.080,3.904
56.120,1008.696,14.396
21.228,1019.920,87.840
-29.524,1026.752,96.868
-137.860,1038.952,116.388
-88.572,1025.776,71.980
-97.600,1070.184,-21.716
-100.040,1086.288,-103.456
-154.452,1086.044,-100.528
-121.756,1044.076,-86.620
-74.420,1034.316,-133.468
-115.656,992.592,-59.048
-141.276,941.596,47.092
-121.024,892.552,82.960
-115.412,876.692,72.468
-133.712,896.456,46.848
-168.848,903.044,37.088
-203.008,915.244,-26.108
-241.316,886.940,4.636
-214.232,864.492,28.060
-167.384,851.804,5.856
-156.404,876.692,-25.864
-152.744,881.084,-24.156
-181.780,892.552,-23.180
-145.668,910.608,-98.576
-136.396,911.340,-114.680
-147.864,899.384,-97.600
-208.620,905.484,-54.412
-172.264,896.700,-61.732
-146.156,917.684,-109.800
-139.324,934.032,-134.688
-195.444,956.724,-116.632
-203.496,940.132,-95.648
-181.536,936.716,-89.304
-187.636,944.036,-65.148
-175.192,960.628,-75.396
-243.756,966.728,-50.996
-241.072,958.432,-60.756
-229.604,962.824,-98.332
-287.676,970.144,-84.180
-319.152,960.628,-82.716
-396.500,987.468,-57.828
-402.600,994.544,-45.140
-368.684,998.692,-93.208
-415.532,1016.748,-128.832
-514.108,1020.896,-80.764
-721.264,1066.280,-71.248
-961.604,1072.136,-127.124
-1163.148,1052.128,-127.368
-1165.832,1034.316,-91.500
-1185.108,977.952,-69.052
-1043.344,888.648,-163.968
-1316.136,677.344,-124.684
-1191.208,195.932,-8.052
-479.948,-484.828,322.324
169.336,-928.420,579.256
734.196,-1023.336,468.724
1753.140,-929.152,50.508
2314.096,-509.228,-531.676
1339.316,-95.404,-800.564
707.844,-253.272,-226.920
1068.476,-524.844,-84.424
2071.560,-844.728,38.064
1981.524,-878.400,392.596
1356.152,-628.788,640.500
1077.504,-317.200,412.116
1216.828,-151.768,196.420
1248.304,-112.240,48.068
1251.720,-46.116,-8.052
1151.436,7.808,-52.948
1057.008,64.416,-57.340
1034.316,101.260,0.244
933.300,95.892,65.148
594.140,122.976,41.480
790.560,103.456,144.448
789.340,93.452,64.904
702.232,101.504,20.496
784.460,89.304,7.808
772.992,72.712,15.860
736.636,74.908,-3.660
687.348,101.016,30.988
518.500,103.212,-88.084
596.580,82.228,36.356
621.224,92.476,32.452
724.436,61.000,48.312
849.364,-13.664,132.248
707.844,7.808,30.500
344.284,33.672,19.032
681.980,-15.860,38.308
899.628,-114.680,0.244
1011.624,-176.412,-0.488
875.716,-175.924,139.080
552.172,-159.576,172.752
709.308,-172.020,237.412
924.516,-226.432,143.228
897.676,-242.048,101.260
764.696,-243.024,212.036
697.840,-218.136,204.228
785.680,-287.432,238.876
947.696,-348.920,189.344
979.660,-403.820,175.680
962.336,-449.448,203.740
957.700,-450.424,265.228
1014.796,-470.188,271.328
1124.596,-507.032,238.144
1199.016,-610.488,274.500
1262.456,-676.124,300.608
1296.860,-668.804,283.284
1244.400,-648.796,257.420
1214.876,-643.672,254.248
1237.080,-628.788,257.176
1248.792,-610.976,269.376
1212.680,-622.444,305.244
1223.172,-611.464,267.668
1303.692,-574.864,167.872
1316.868,-603.412,144.448
1306.864,-584.868,118.096
1282.220,-597.068,140.788
1209.752,-615.124,196.176
1174.128,-607.072,259.372
1102.636,-619.516,295.484
1111.908,-609.268,241.072
1136.552,-623.908,211.304
1115.324,-622.932,201.300
1074.576,-615.124,225.456
994.300,-608.780,254.248
904.264,-596.580,292.312
866.444,-585.600,299.876
854.488,-585.356,298.656
891.576,-583.892,241.316
926.956,-586.576,207.644
907.436,-588.040,221.796
907.680,-559.736,210.084
949.160,-576.816,245.708
1022.604,-606.828,293.776
1176.568,-674.416,360.144
1107.028,-664.412,452.132
1423.740,-701.500,295.240
1726.056,-716.872,149.328
1978.596,-968.680,224.480
2150.860,-1179.740,335.988
1224.880,-1075.552,831.308
541.680,-279.868,549.976
1054.080,210.816,74.664
1579.412,203.984,-250.100
1154.120,356.240,-207.644
893.772,424.804,-247.172
425.536,433.344,8.052
270.108,385.520,-115.412
182.512,439.200,-270.108
65.636,580.232,-272.548
-127.124,703.208,-233.264
-302.316,676.368,-126.880
-290.360,698.572,-170.800
-353.556,623.176,-125.416
-355.508,622.932,-144.936
-513.132,603.168,45.384
-425.292,609.756,-0.244
-370.636,668.072,-67.100
-221.064,643.428,-106.384
79.788,750.056,-234.240
61.488,860.344,-71.004
37.332,885.232,-3.904
363.560,896.212,-191.784
391.376,963.556,-87.596
318.908,1001.620,19.032
299.876,1014.796,-68.076
331.352,1009.184,-174.948
227.408,1018.456,-132.248
150.304,957.944,-87.108
285.724,943.548,-237.656
153.232,954.040,-131.760
221.552,1041.880,-182.268
215.452,1082.872,-142.252
204.716,1027.484,-90.280
305.732,1020.652,-180.804
212.036,981.124,-69.784
269.864,946.232,-57.340
247.904,956.480,0.732
295.728,949.648,10.004
418.460,981.612,-56.608
316.956,1009.428,33.184
364.780,1046.028,-38.308
319.884,1046.760,-22.448
265.472,999.424,51.240
388.448,979.904,-0.244
285.724,970.876,78.324
187.148,939.644,127.856
131.272,923.052,127.612
204.228,911.340,26.596
298.412,988.200,-139.812
253.760,1067.256,-147.864
222.284,1082.628,-85.156
192.272,1036.512,-17.812
144.692,981.368,53.436
132.248,912.804,99.064
168.604,898.408,41.236
177.632,954.040,-28.060
219.356,1035.048,-130.540
144.448,1059.448,-61.732
153.232,1013.088,9.272
177.876,982.344,21.960
207.888,990.640,19.276
215.940,1024.312,-0.732
175.192,1058.472,-4.880
212.768,1081.896,-117.608
154.208,1082.628,-124.440
143.472,1063.596,-77.348
148.596,1041.636,-72.468
150.304,1004.792,-64.172
159.576,1006.500,-71.004
70.760,987.956,-13.908
97.112,959.408,-40.748
120.292,925.004,-100.040
89.060,918.172,-108.824
51.728,926.712,-90.768
48.312,919.636,-78.080
40.260,911.096,-69.784
21.472,933.056,-56.608
11.468,939.400,-29.524
21.228,928.176,-19.764
21.960,953.064,-22.204
15.860,985.028,-15.128
-15.372,1030.412,-12.932
-32.452,1069.452,-4.392
3.416,1113.128,3.172
-10.980,1138.992,37.576
-24.888,1151.924,51.728
22.692,1150.460,9.760
-25.132,1153.144,15.372
-57.828,1159.244,-1.464
-60.512,1174.128,-40.260
-70.516,1155.340,-24.644
-35.136,1117.520,1.220
-11.956,1095.560,8.784
-30.256,1149.484,-34.160
-77.104,1173.396,-59.048
-117.120,1132.404,-27.328
-144.204,1097.268,16.836
-98.820,1028.948,45.140
-63.684,1002.352,45.140
-106.628,1011.136,71.248
-168.360,997.228,97.356
-233.264,976.000,103.212
-202.764,884.500,108.824
-131.028,849.852,60.268
-213.500,863.028,78.080
-252.540,864.004,45.140
-244.488,834.724,-2.684
-234.972,801.052,-52.460
-261.812,768.112,-78.812
-252.052,713.456,-45.628
-327.448,700.768,48.068
-350.872,716.628,37.820
-369.172,730.780,4.392
-363.804,750.056,-36.356
-402.600,784.948,-72.468
-498.980,788.120,-53.924
-530.944,820.572,-74.176
-610.488,850.096,-65.392
-655.872,851.072,-40.992
-672.220,859.368,-9.272
-687.348,886.208,-2.440
-691.984,900.116,-24.888
-746.640,943.548,-78.568
-720.776,915.976,-86.620
-763.476,912.560,-71.248
-784.460,896.700,-27.328
-788.120,856.196,12.200
-1105.076,911.584,29.036
-1378.844,740.784,-48.068
-977.464,126.392,-64.172
-103.700,-525.820,81.984
485.804,-786.656,390.400
920.368,-854.244,465.796
1761.924,-796.416,211.792
1872.944,-447.008,-311.588
1657.248,-223.260,-271.084
1339.316,-319.152,-29.280
1457.900,-363.316,-56.852
1758.508,-354.532,-14.640
1593.808,-322.812,170.312
1080.432,-231.312,357.216
823.012,-58.072,505.080
793.976,-7.564,350.628
999.180,-10.248,242.048
1136.064,25.132,111.020
1095.316,60.756,59.292
1022.848,157.380,-23.424
1003.816,154.940,81.740
887.916,113.704,94.184
1062.864,70.272,142.008
1056.276,14.396,159.088
1026.752,-8.052,130.540
1011.380,18.788,158.356
846.924,73.444,105.164
879.132,101.016,35.136
886.208,101.992,10.492
773.480,113.948,4.148
664.168,53.436,38.552
821.792,-27.084,24.888
789.828,-23.424,-9.760
573.644,38.552,25.620
489.220,94.916,57.584
469.700,80.764,74.664
605.852,52.948,60.268
643.184,-39.040,8.540
546.316,2.684,-43.676
498.980,13.664,73.688
557.784,2.684,143.228
624.396,-44.408,114.680
703.940,-63.684,61.488
685.396,-26.596,50.020
618.296,-8.052,180.560
724.436,-123.464,209.352
771.772,-204.716,172.508
858.636,-213.988,103.700
862.052,-246.196,104.676
1058.716,-319.152,138.348
1220.000,-330.376,108.824
1266.116,-332.572,109.068
1254.160,-331.352,127.368
1092.632,-376.980,193.004
994.300,-465.064,315.004
1129.720,-569.496,412.360
1302.228,-674.416,382.348
1369.816,-760.792,396.988
1321.260,-740.540,412.604
1289.784,-651.480,355.996
1249.524,-625.616,348.432
1265.872,-630.740,315.736
1326.872,-661.972,307.440
1350.296,-683.200,314.760
1349.564,-665.388,308.172
1277.828,-627.080,316.468
1181.204,-608.292,349.408
1172.908,-607.316,375.760
1263.676,-604.144,335.744
1249.036,-563.396,268.644
1185.840,-523.136,230.092
1124.840,-500.200,220.820
1090.680,-490.684,258.152
1019.676,-496.540,307.684
1045.052,-512.400,353.556
1213.900,-577.304,408.456
1453.996,-672.708,466.284
1584.536,-705.404,358.192
1580.632,-679.784,400.160
1405.928,-759.084,673.196
1342.000,-736.392,755.424
1463.024,-545.096,587.796
1145.824,-313.052,559.248
1248.548,-65.636,489.220
1150.948,40.748,575.352
1102.392,188.856,498.248
1120.692,202.764,544.120
1370.548,376.980,291.580
937.692,408.456,345.992
571.204,500.932,344.772
195.932,360.632,212.036
92.232,331.596,-71.492
-161.040,556.076,-173.972
-354.044,454.816,-137.372
-356.484,495.564,-175.192
-375.760,641.476,-184.464
-395.524,609.268,-180.072
-417.484,697.840,-168.848
-378.444,721.752,-133.956
-305.000,773.724,-134.932
-329.888,814.716,-72.468
-230.580,846.436,-70.516
-113.704,951.600,-108.824
-59.048,941.108,-79.056
136.640,1006.744,-142.008
41.236,1012.356,-25.132
104.432,917.440,16.836
213.500,989.908,29.036
121.512,986.248,156.648
19.276,968.680,160.552
108.336,888.404,110.532
237.412,943.060,-3.172
56.608,972.584,57.828
91.500,907.192,74.176
290.116,951.600,-75.884
167.628,1044.564,-36.844
142.252,1000.888,-25.620
204.716,1014.308,-27.816
250.832,961.360,30.744
314.272,954.528,17.568
231.800,968.924,88.816
311.588,991.128,59.048
232.532,1011.136,95.648
239.120,1013.820,93.452
239.120,983.808,78.080
125.660,982.832,112.972
254.004,949.160,52.948
182.512,962.824,55.876
93.696,953.064,92.476
129.076,942.572,61.488
191.784,939.644,-3.172
104.188,957.456,0.976
78.568,951.112,6.344
219.844,943.060,-15.128
319.640,1009.428,-58.560
281.820,1029.924,-31.720
293.776,1007.232,3.416
241.316,990.152,60.756
250.100,958.188,88.328
240.828,953.552,101.016
198.128,973.560,110.288
245.220,970.876,47.092
254.492,1011.624,-6.344
227.408,1008.940,10.492
233.752,969.412,36.600
207.400,956.724,55.876
207.156,952.576,45.628
198.860,957.212,39.528
234.728,998.692,-10.492
151.280,981.612,21.960
191.540,961.604,-7.808
