acc_x[mg],acc_y[mg],acc_z[mg]
70.760,986.492,-33.428
70.272,975.024,-24.644
68.808,980.880,-30.988
76.128,982.100,-30.012
95.404,988.932,-37.088
105.896,990.396,-48.800
115.412,982.832,-51.972
100.772,986.248,-29.280
94.184,977.708,-9.272
104.676,997.716,-1.952
127.368,970.876,-25.620
90.280,982.832,-17.080
71.736,996.496,-10.736
65.636,995.276,-2.684
90.280,981.124,-17.324
86.864,981.856,-14.884
71.980,988.444,-8.784
59.292,981.368,-21.472
76.616,982.100,-27.084
90.768,992.104,-37.088
61.488,990.884,-22.692
60.024,1003.084,-27.572
65.148,1000.644,-40.748
82.960,992.348,-48.800
78.324,1002.108,-52.460
83.692,1001.620,-48.556
84.424,1000.644,-41.724
80.032,994.788,-22.936
88.084,986.248,-29.524
87.352,986.736,-23.424
91.256,984.052,-22.448
84.180,984.052,-13.908
76.372,981.124,-3.416
69.784,986.248,-5.368
74.176,995.764,-20.252
77.592,993.324,-29.524
80.276,989.420,-28.060
74.420,991.128,-31.232
75.884,997.716,-30.744
90.768,998.936,-45.628
93.696,999.424,-38.796
97.600,993.568,-30.744
84.912,995.276,-18.300
94.672,989.176,-17.324
84.668,988.200,-6.832
84.912,991.860,-1.708
82.472,984.296,1.220
88.084,985.272,-13.664
76.128,991.128,-10.004
82.228,986.004,-21.472
81.252,1000.156,-25.132
73.200,999.912,-25.620
69.540,984.784,-24.888
71.004,982.100,-21.472
102.480,987.712,-51.240
87.108,998.204,-43.920
106.384,1001.132,-58.316
93.940,1010.892,-34.160
67.832,999.668,-13.420
62.952,996.252,-6.100
76.616,990.884,-15.860
90.768,992.348,-30.256
83.448,993.080,-20.252
79.788,986.004,-27.084
65.636,989.420,-13.420
76.860,990.396,-23.668
72.956,988.444,-20.008
60.024,987.224,-24.888
62.952,983.564,-26.840
84.912,978.196,-34.648
67.588,986.248,-25.864
63.928,987.712,-27.572
57.828,994.300,-10.736
62.464,992.104,-13.176
55.388,991.616,-18.056
68.076,995.764,-23.912
74.420,991.616,-23.180
80.276,990.884,-22.692
72.468,993.812,-16.348
94.428,986.980,-26.108
93.452,989.420,-19.764
99.796,994.056,-27.328
97.112,994.544,-27.328
101.504,998.448,-22.204
89.548,996.496,-26.108
83.936,990.884,-24.156
81.008,989.908,-28.304
89.548,988.444,-36.844
90.768,990.884,-32.208
81.740,985.760,-25.620
71.492,985.028,-17.568
77.104,985.760,-19.276
83.692,991.616,-39.528
98.088,992.348,-39.528
81.740,989.176,-39.772
74.420,987.224,-24.888
71.248,991.860,-23.668
74.420,998.204,-21.716
90.280,991.372,-47.580
79.544,991.860,-33.184
88.084,993.080,-35.380
84.424,993.080,-33.184
85.644,994.788,-29.768
82.228,991.128,-31.232
74.176,989.908,-22.936
82.472,992.592,-32.940
78.324,993.080,-35.380
75.396,990.396,-32.452
67.832,987.468,-30.012
81.740,983.808,-32.696
75.396,989.908,-30.744
83.448,991.372,-42.456
73.444,995.032,-31.476
87.108,991.128,-40.504
88.572,992.348,-46.360
88.084,993.568,-47.092
82.960,995.032,-45.384
82.716,998.936,-59.048
71.736,993.812,-43.188
79.788,981.124,-37.576
74.908,980.148,-17.324
93.696,987.224,-32.696
70.272,1004.792,-30.988
67.100,1018.456,-27.328
71.736,1021.384,-39.528
83.692,1029.924,-49.288
93.208,1036.756,-56.608
103.212,1046.760,-68.564
96.380,1056.520,-69.540
81.008,1072.136,-43.188
81.252,1085.068,-37.088
108.824,1079.700,-26.596
117.120,1071.648,-5.856
174.704,1056.032,-49.532
183.488,1070.184,-33.428
213.744,1071.892,-3.904
254.736,970.388,-47.580
346.480,897.188,-53.192
391.620,849.364,-7.320
383.324,759.572,14.152
337.696,668.316,10.736
590.724,598.288,-1.464
674.904,440.176,76.616
713.456,319.152,274.012
498.492,94.916,440.664
747.860,8.052,287.188
1093.608,-4.392,-59.292
1128.744,13.420,-95.648
1268.068,75.884,34.892
1172.664,-75.640,180.560
1231.712,-107.604,173.972
1245.620,-98.576,180.804
1189.256,-25.376,152.012
1240.008,86.376,104.920
1162.904,116.144,113.948
1152.656,183.244,179.828
1103.612,205.936,263.764
1123.376,252.052,304.512
998.692,288.164,378.688
983.564,275.232,458.476
920.368,210.816,545.340
856.928,146.156,587.552
858.636,79.544,544.120
816.668,63.196,510.936
776.408,23.668,425.780
742.736,31.720,330.864
624.396,58.316,253.760
584.624,66.368,138.836
569.008,24.888,43.432
694.424,46.848,-42.456
638.060,63.196,-131.516
584.624,91.256,-158.112
580.476,118.828,-223.016
608.292,91.012,-268.644
690.764,36.600,-292.800
710.528,-11.224,-331.352
810.324,-38.552,-381.860
845.216,-46.116,-435.296
996.252,-23.180,-567.544
906.704,11.224,-606.096
938.912,6.344,-682.224
966.484,-30.012,-697.352
1046.272,-50.752,-741.028
1175.836,-117.120,-850.584
1188.280,-157.136,-860.344
1255.868,-178.608,-885.476
1273.924,-190.320,-861.320
1275.144,-185.928,-790.804
1242.936,-207.644,-698.572
1251.964,-274.256,-617.564
1256.600,-320.128,-482.876
1190.476,-304.024,-397.720
1166.564,-298.168,-256.932
1110.688,-331.596,-154.940
1079.944,-362.340,-69.296
1035.536,-394.548,-46.360
969.168,-397.232,87.596
816.912,-393.328,195.932
733.952,-348.920,283.528
751.276,-319.884,371.124
621.468,-325.740,467.748
658.068,-341.600,551.684
739.564,-357.460,690.520
681.492,-396.500,816.668
764.940,-459.452,878.400
917.196,-452.620,822.036
1001.376,-418.460,794.952
1139.236,-415.044,707.600
1188.280,-431.148,623.176
1271.240,-412.604,526.308
1080.188,-494.100,583.648
1641.388,-302.072,466.528
1347.612,-455.792,422.852
1549.156,-369.172,364.536
1588.196,-594.628,84.912
2273.836,-833.748,-434.808
1601.128,-652.212,195.200
1274.900,-264.740,-34.404
1116.300,45.872,-225.700
1111.908,236.192,-305.000
636.840,67.832,-54.168
410.408,-168.604,441.640
489.952,-287.188,640.256
951.112,-384.300,279.380
1128.500,-387.716,-85.644
993.568,-244.732,-184.220
1132.160,-230.092,-286.700
1130.452,-258.396,-261.324
1315.404,-267.424,-373.564
1196.820,-246.440,-318.176
1102.636,-225.700,-225.700
987.468,-227.408,-139.324
1068.476,-188.124,-143.960
991.128,-181.780,-96.868
989.420,-158.112,-83.692
898.652,-174.704,-13.420
976.976,-151.036,-48.800
940.620,-148.352,-37.820
941.352,-143.472,-15.616
887.184,-162.260,-9.516
941.840,-129.320,38.552
965.020,-141.276,20.984
1046.028,-142.984,2.928
1062.376,-122.976,66.124
1090.192,-120.780,76.860
1193.160,-121.024,91.256
1279.292,-146.156,165.188
1231.224,-176.412,213.012
1281.000,-196.664,264.496
1382.260,-233.996,252.540
1349.076,-215.208,297.680
1309.548,-134.688,204.228
1420.568,61.732,111.996
1351.028,12.932,14.640
910.608,133.956,216.184
894.016,279.136,128.832
534.116,355.020,153.232
20.252,558.028,233.996
-145.912,809.592,173.728
132.492,958.920,-0.732
13.420,969.412,-6.100
-70.760,872.300,-168.360
-83.936,831.796,-185.196
-44.408,868.640,-204.716
-89.548,911.340,-115.412
-14.396,933.544,-92.964
5.124,897.676,-50.996
56.852,869.860,-105.408
77.104,882.304,-22.204
93.452,858.148,-15.616
112.972,854.000,-51.728
102.236,921.832,-29.280
146.156,950.624,-73.200
146.644,955.748,-128.344
136.396,987.468,-95.404
166.896,991.616,-88.816
211.548,996.496,-99.796
185.684,1012.112,-43.920
255.468,997.472,-93.696
260.104,1000.400,-116.144
256.688,1032.852,-45.628
247.904,1016.016,-12.932
237.168,986.980,-6.588
203.984,979.416,38.552
206.668,965.020,38.308
219.844,955.260,-10.492
167.384,954.284,-5.124
163.968,946.964,-44.408
194.468,966.728,-131.760
176.900,1001.864,-91.988
175.436,1004.304,-81.496
172.996,1003.328,-45.140
133.224,968.436,1.708
178.608,935.984,-28.060
208.620,943.792,-84.912
200.568,962.092,-60.512
173.240,955.260,-52.460
179.828,949.892,-62.464
170.312,952.576,-42.456
165.676,968.680,-27.084
180.804,973.560,-32.696
226.432,973.804,-47.336
282.064,983.076,-53.680
302.316,999.424,-44.164
310.612,1017.968,-9.760
274.012,1013.332,13.420
260.592,996.008,-6.100
270.108,986.980,-30.988
300.364,979.172,-81.252
297.192,974.048,-72.956
303.536,968.924,-90.036
296.704,955.748,-69.540
293.532,939.400,-63.196
251.808,926.712,-62.464
261.324,935.252,-70.028
259.616,935.252,-96.868
254.492,942.084,-95.160
264.252,934.276,-73.932
256.200,914.268,-87.840
243.756,923.296,-60.512
277.672,940.376,-58.560
267.180,949.892,-44.408
268.156,959.408,-69.296
247.172,981.612,-43.920
240.584,987.224,-48.068
239.120,986.004,-84.668
243.756,993.812,-77.836
259.128,997.716,-60.756
253.760,990.396,-67.344
261.568,987.712,-88.816
235.216,993.324,-53.680
222.284,993.080,-45.628
202.032,985.760,-42.944
203.252,974.292,-40.748
221.308,975.512,-79.788
207.400,981.368,-67.100
174.216,997.472,-48.800
163.236,1002.840,-38.552
159.820,1005.524,-44.164
172.020,1015.528,-102.236
172.508,1014.308,-113.460
175.924,1013.820,-133.712
177.876,1013.332,-157.380
165.188,1021.384,-120.048
150.060,1005.768,-113.704
145.668,982.832,-95.404
145.424,971.852,-110.044
140.788,979.172,-111.264
148.840,989.420,-92.476
125.660,1005.768,-81.252
155.184,1016.260,-80.032
166.408,1024.312,-83.692
177.876,1040.660,-102.236
147.376,1087.996,-111.996
132.980,1125.572,-121.268
140.300,1161.196,-153.232
128.832,1202.676,-174.704
127.856,1209.508,-175.680
116.144,1185.596,-171.288
117.364,1155.584,-156.404
102.236,1161.684,-153.964
91.988,1172.176,-173.972
69.540,1184.864,-207.156
91.012,1179.740,-210.816
101.260,1176.080,-185.196
124.440,1147.288,-146.400
185.196,1108.980,-70.760
183.976,1071.892,2.684
193.004,1045.052,7.320
164.944,1040.172,23.424
233.508,1021.384,-50.996
225.212,1005.524,-106.628
205.936,977.952,-79.544
216.428,938.668,-13.664
224.724,904.508,47.824
181.292,896.212,135.420
193.980,892.308,73.444
132.736,903.776,64.660
146.156,902.312,76.128
109.312,895.968,87.108
157.136,890.600,73.688
195.688,871.324,67.588
223.016,828.868,57.828
180.072,808.372,97.112
190.320,814.960,79.788
162.992,840.092,101.016
150.792,861.076,115.168
168.848,859.612,70.272
143.472,870.836,56.608
124.684,861.076,53.436
93.696,859.368,88.328
55.388,851.560,140.788
36.600,830.820,133.224
60.024,827.404,125.416
107.116,833.504,91.256
83.448,849.120,99.796
84.180,864.736,117.120
58.560,874.740,123.952
35.380,905.240,128.100
40.504,922.808,89.060
50.508,940.864,40.016
39.528,955.504,40.260
30.012,971.852,36.844
12.200,974.048,33.428
15.616,980.636,25.864
30.012,972.828,18.300
47.092,976.488,28.548
44.164,963.800,57.096
66.612,953.308,62.220
35.868,954.772,68.564
60.756,975.756,35.624
77.348,990.396,23.180
61.976,995.032,19.764
54.412,998.448,36.600
37.820,996.740,45.384
33.428,1001.864,67.100
44.408,999.668,52.460
55.876,1010.160,28.792
48.556,1023.580,43.432
45.872,1037.244,68.320
24.888,1043.588,70.272
8.784,1045.296,76.372
-23.424,1056.520,82.472
0.732,1090.192,39.528
-28.792,1128.256,26.108
5.612,1128.744,-14.396
194.956,1061.156,-120.048
311.832,996.496,-146.400
70.516,963.556,-75.396
-90.768,983.808,-37.088
92.720,1021.140,11.468
100.528,1037.244,75.152
124.684,922.808,140.300
49.532,736.636,156.160
34.404,550.708,141.520
256.688,367.952,257.420
954.528,394.792,104.920
986.980,281.820,31.720
540.216,234.972,348.676
685.152,206.668,462.624
920.612,66.612,123.464
1424.716,132.980,-176.900
1372.988,150.304,84.912
1382.992,150.304,166.408
1174.616,42.456,297.680
1145.824,48.068,426.024
1188.280,158.356,463.600
1233.664,199.104,588.040
1117.032,188.368,808.372
799.588,48.068,1069.940
981.612,13.908,1212.924
685.152,-194.712,1214.388
512.156,-220.820,1133.624
297.680,-313.296,952.820
209.596,-402.112,724.924
314.272,-410.164,296.460
394.548,-138.348,99.064
278.160,-98.088,-249.612
523.136,-56.608,-778.604
590.968,91.744,-1119.228
652.944,187.880,-1154.852
1013.820,73.688,-1402.512
1175.836,-1.220,-1533.052
1289.784,-0.976,-1740.940
1401.292,-12.688,-1880.508
1461.560,-62.708,-1868.064
1403.488,-83.692,-1729.716
1227.808,-68.808,-1355.908
1050.420,-138.348,-1051.152
995.276,-222.528,-716.384
885.964,-265.960,-420.168
828.136,-243.268,-140.544
839.604,-309.148,19.032
780.556,-423.096,271.084
717.360,-488.732,611.952
558.028,-442.860,870.348
546.316,-417.972,1092.144
646.600,-465.308,1305.400
840.824,-550.464,1300.520
1035.292,-605.120,1305.400
1192.916,-532.164,1285.392
1120.204,-539.728,1400.560
1331.752,-569.008,1219.756
1450.092,-559.492,1065.060
1481.812,-500.932,991.128
1465.708,-461.648,942.328
1477.420,-517.280,773.724
1605.276,-566.324,587.796
1677.500,-512.644,464.332
1643.096,-550.464,281.088
1575.264,-570.960,23.912
1564.528,-519.232,-240.340
1403.976,-507.764,-320.616
1382.748,-454.816,-514.108
1298.080,-366.732,-620.980
1137.284,-309.636,-543.876
1079.700,-329.400,-506.056
1076.284,-313.784,-486.292
982.344,-295.484,-450.424
914.268,-266.936,-371.124
882.060,-279.380,-270.596
945.744,-271.084,-212.524
929.884,-281.088,-195.688
969.168,-241.316,-160.064
981.612,-224.480,-130.784
984.296,-223.016,-37.576
972.584,-229.116,48.068
938.424,-246.928,129.320
1033.340,-259.128,171.288
1053.592,-267.912,184.464
1111.664,-288.164,207.888
1298.324,-325.984,262.056
1501.088,-376.736,303.048
1465.708,-431.880,426.756
1487.668,-453.596,416.508
1568.676,-432.856,375.028
1667.008,-391.864,364.048
1590.636,-353.556,371.368
1397.144,-378.200,324.520
1099.464,-290.848,243.512
884.500,-68.564,276.940
644.404,41.480,261.080
318.420,137.616,164.700
-202.276,389.424,311.588
104.188,631.716,130.052
254.492,628.300,-100.528
70.272,727.608,-50.996
172.996,759.328,-91.012
22.692,767.380,-53.680
-49.044,806.176,6.344
-32.452,817.888,9.516
32.452,858.148,-41.724
18.544,893.040,-4.880
46.604,917.196,-25.376
18.544,920.368,10.492
55.388,903.532,10.492
211.792,917.684,-193.004
162.260,1007.720,-47.824
224.968,1025.288,-48.800
144.692,1000.156,-3.172
192.272,986.980,-16.348
197.396,1002.840,-6.100
305.976,1004.060,-111.020
319.884,1025.288,-120.292
300.364,1049.200,-56.852
242.292,1044.808,-27.816
210.084,1040.416,11.956
234.484,1001.864,24.644
296.216,974.048,-65.392
236.924,968.192,-11.224
228.872,971.364,10.980
209.352,959.652,29.524
188.124,939.644,45.872
231.800,931.104,6.100
256.688,945.744,-66.856
254.004,958.920,-35.136
217.648,942.084,-29.036
172.020,931.348,7.808
230.824,925.980,-51.484
177.876,950.868,-34.404
233.996,965.996,-64.416
211.060,971.852,-30.988
231.312,969.168,-20.252
246.440,973.804,-29.280
287.188,996.252,-60.756
322.812,1007.232,-37.820
299.876,989.176,-6.832
288.164,962.580,1.708
274.012,942.084,28.304
247.172,924.760,29.280
242.048,925.004,-11.712
242.292,926.712,-66.368
227.896,945.256,-80.520
244.976,979.904,-111.264
207.644,1006.012,-119.316
172.996,1027.972,-132.492
197.152,1043.344,-206.180
178.608,1080.920,-249.124
175.680,1137.040,-274.012
183.244,1209.996,-306.952
155.428,1244.400,-349.408
163.236,1248.792,-352.824
210.084,1251.720,-348.676
202.764,1235.372,-294.264
226.432,1225.612,-267.424
229.604,1212.924,-215.696
195.200,1198.284,-210.328
192.760,1205.116,-234.728
215.696,1228.052,-274.988
275.232,1218.048,-252.540
329.156,1185.596,-236.680
311.832,1133.624,-161.772
279.380,1076.772,-94.428
266.936,1031.876,-104.676
241.804,1010.648,-136.640
210.084,1017.480,-108.580
271.084,989.420,-148.840
272.792,965.508,-156.892
261.324,942.328,-102.724
221.552,903.776,22.204
214.720,850.340,58.560
257.176,814.228,30.500
262.788,836.188,6.588
209.840,864.248,19.520
211.548,884.988,-10.492
136.396,908.168,10.004
130.052,907.924,5.612
164.456,907.436,3.904
162.992,897.432,-8.052
152.988,926.956,-11.712
151.280,980.636,-5.368
201.788,1003.816,42.944
208.864,975.024,90.280
208.620,945.744,75.152
238.632,919.148,56.120
263.276,898.896,118.340
356.484,862.540,45.628
345.504,865.468,124.196
309.392,865.956,160.552
195.444,866.200,197.396
125.660,858.148,226.432
162.260,826.184,178.364
168.848,816.180,162.260
168.604,806.420,167.140
146.888,811.788,175.436
125.904,808.860,188.368
58.316,825.940,233.508
76.616,811.788,200.568
115.656,824.720,123.952
99.308,852.780,112.240
102.968,854.488,74.664
85.888,854.732,49.532
61.488,880.108,77.348
42.212,900.604,64.416
10.492,916.220,97.356
18.300,924.272,91.012
110.776,938.668,53.924
106.872,960.628,93.208
82.960,971.608,77.348
51.972,985.760,72.956
54.900,998.936,36.600
94.916,1023.824,-10.248
70.516,1035.780,-5.124
40.260,1036.512,10.004
-20.252,1015.284,14.152
-154.208,1033.096,41.236
40.260,1027.484,-41.968
-9.272,1008.452,-26.352
-57.584,977.708,8.540
-38.308,897.676,-48.312
-8.540,846.924,-38.308
-32.696,773.724,-27.084
17.080,615.612,-48.312
60.756,505.324,-48.800
513.620,444.080,88.084
707.844,401.624,213.012
466.528,127.856,405.772
858.148,-22.204,400.892
1169.492,-44.652,-39.528
1342.976,54.168,-80.520
1630.896,126.392,-1.952
1599.420,20.008,-7.320
1460.828,28.548,124.440
1273.436,27.816,177.632
1258.796,100.528,191.784
1115.568,149.816,262.788
1058.228,212.768,363.560
1023.824,174.704,525.576
1074.332,210.328,721.752
1041.392,217.892,790.316
1237.568,310.612,849.364
1274.412,273.036,921.832
1282.708,147.376,972.828
1225.856,-19.032,1031.876
965.996,-158.844,1086.288
800.076,-191.784,1090.680
477.996,-326.716,1044.564
359.656,-338.916,911.096
346.480,-331.596,464.820
212.280,-239.608,85.400
109.312,-117.364,-247.660
42.212,50.752,-406.260
213.500,76.128,-560.224
409.676,-55.144,-799.344
768.844,-86.376,-931.104
752.740,-55.144,-894.992
758.596,-97.844,-911.096
785.680,-151.524,-953.308
1056.276,-143.472,-1139.968
1055.300,-155.184,-1130.208
1114.836,-72.956,-1220.488
1280.024,-70.760,-1329.068
1526.464,-101.992,-1449.604
1778.760,-188.368,-1582.828
1736.060,-296.216,-1541.104
1667.740,-341.112,-1424.472
1399.340,-379.908,-1106.296
1089.460,-415.532,-801.296
786.168,-523.624,-354.288
478.484,-554.856,-8.540
301.096,-476.044,241.072
205.692,-383.568,532.896
223.504,-400.892,790.316
322.812,-520.940,1040.660
531.920,-645.624,1204.384
690.032,-748.104,1244.888
718.092,-655.628,1383.236
750.056,-525.088,1490.840
917.196,-555.100,1405.684
1214.876,-605.608,1390.068
1355.908,-614.148,1446.432
1522.804,-562.664,1313.696
1457.900,-485.804,1271.728
1794.620,-500.932,971.852
1916.376,-537.288,846.192
1822.680,-567.544,724.680
1644.560,-541.680,799.588
1606.008,-619.028,754.936
1524.756,-680.516,511.180
1633.824,-562.664,13.908
1541.836,-510.692,-191.784
1414.224,-495.564,-410.164
1378.844,-403.088,-601.704
1235.128,-340.868,-690.520
1162.172,-293.776,-822.524
1012.356,-249.856,-792.512
824.476,-220.088,-607.072
795.684,-244.000,-604.388
829.356,-233.020,-518.988
829.600,-237.412,-472.384
835.700,-261.812,-375.760
952.820,-279.868,-235.704
1035.048,-274.256,-152.256
1076.528,-258.152,-45.628
1099.464,-235.704,41.724
1217.560,-211.060,107.604
1411.784,-235.704,184.464
1606.984,-364.780,366.976
1888.316,-504.836,246.684
1714.832,-542.656,476.288
1617.476,-485.316,290.604
1264.896,-387.228,393.084
1012.112,-216.428,279.136
482.388,-3.904,436.028
234.240,184.952,340.624
0.244,400.404,323.056
28.060,642.940,86.376
64.172,787.876,76.128
278.892,786.412,11.468
156.160,784.704,-136.396
92.476,810.812,-3.416
55.876,827.648,20.496
42.212,839.116,29.524
45.384,892.552,23.180
51.484,905.728,43.676
99.308,895.480,16.836
95.648,887.672,-8.296
155.916,906.948,-113.460
164.700,957.944,-133.956
225.212,997.228,-38.308
260.836,993.812,-80.764
226.432,988.444,-38.552
258.884,1005.036,-77.592
216.672,1014.552,-83.448
239.120,995.520,-81.740
241.316,982.344,-108.824
207.644,997.960,-82.472
212.036,993.324,-98.088
229.360,951.844,-95.648
277.916,921.344,-124.440
285.968,921.344,-131.272
270.840,916.952,-76.128
284.992,910.364,-81.984
277.916,916.220,-71.736
304.512,930.372,-63.196
304.756,923.052,-61.732
303.536,900.604,-73.932
284.992,906.704,-60.268
263.276,938.912,-37.088
262.544,977.952,-62.464
263.764,1010.648,-103.212
240.584,1032.120,-79.544
261.080,1034.072,-106.384
264.252,1020.652,-133.956
286.700,1016.260,-145.912
310.124,1018.456,-128.344
326.716,998.448,-83.448
329.888,962.336,-40.748
342.820,940.620,-75.152
312.808,948.184,-50.508
315.980,950.868,-37.576
294.752,936.472,-41.480
270.840,929.152,-27.328
292.800,931.348,-46.116
311.832,935.252,-76.860
299.876,932.080,-70.028
285.724,923.296,-72.712
303.048,931.592,-57.828
295.972,935.496,-67.344
291.824,960.872,-98.820
284.992,982.344,-111.996
307.440,989.176,-152.500
300.364,1000.400,-179.096
294.996,1021.872,-168.116
288.164,1057.740,-168.116
272.304,1106.052,-206.912
241.804,1144.116,-207.156
252.784,1155.828,-188.368
304.024,1147.532,-211.792
269.132,1155.584,-194.468
311.100,1176.568,-208.620
283.528,1173.152,-187.392
237.168,1149.728,-171.044
265.228,1151.680,-223.504
286.700,1180.716,-236.436
296.460,1204.872,-270.840
265.960,1203.896,-271.328
264.496,1172.664,-215.940
271.328,1139.480,-201.300
268.644,1110.444,-143.716
281.088,1076.284,-65.392
265.228,1033.828,-72.468
255.468,1023.092,-98.820
225.700,1023.092,-103.212
174.704,1005.524,-134.688
131.272,972.828,-83.692
241.804,945.988,-144.448
230.580,946.720,-110.288
271.328,954.040,-28.792
272.548,896.212,72.712
242.048,833.748,155.428
261.324,822.280,120.780
245.952,884.744,19.764
226.920,975.024,-50.020
166.652,1004.060,-30.744
188.856,985.272,-49.776
229.116,942.572,-62.708
179.828,936.960,-10.248
186.172,931.348,8.540
152.744,891.820,35.380
120.292,845.704,84.912
184.952,804.468,39.528
162.016,812.520,42.700
186.904,839.604,34.404
157.380,842.532,24.156
158.844,813.496,72.468
172.020,779.336,98.820
197.884,752.984,106.628
212.280,766.892,106.628
167.384,813.252,133.956
126.148,839.360,129.564
103.212,837.408,105.652
76.128,848.876,99.064
107.848,867.420,68.564
142.496,916.952,1.464
101.504,945.744,11.224
81.496,941.108,34.648
81.252,931.348,32.696
72.468,923.784,40.992
84.424,946.964,48.068
84.180,963.800,22.692
132.736,1002.352,-44.408
35.624,1038.220,23.668
14.640,1046.516,23.668
-18.056,1039.440,23.912
-25.132,1045.540,40.016
-38.796,1071.648,24.888
8.784,1072.380,-23.912
-8.784,1025.776,-86.620
61.000,957.944,-101.504
-83.692,811.544,-98.088
8.296,686.128,-140.544
6.100,449.936,-123.952
337.208,340.380,93.208
523.380,184.220,227.408
323.788,-154.452,214.476
637.816,-140.300,347.212
935.740,-8.540,72.956
1084.580,29.280,-141.520
1413.004,213.256,71.492
1573.556,143.960,102.724
1654.564,-23.668,111.752
1569.408,-34.160,338.672
1520.364,77.836,530.212
1503.040,200.812,620.004
1537.444,286.944,742.980
1696.776,214.720,814.472
1702.876,43.432,865.956
1535.736,-101.260,983.320
1235.128,-237.412,999.668
989.664,-272.792,920.612
627.568,-272.060,770.308
323.056,-220.332,680.272
183.000,-220.088,470.676
34.892,-196.420,260.104
208.864,-82.716,-31.720
335.012,-27.816,-364.292
390.888,59.048,-610.244
232.044,113.460,-645.624
233.996,121.024,-624.640
354.044,47.824,-612.928
444.568,36.356,-635.132
506.056,48.800,-606.828
677.588,44.408,-752.008
866.200,84.668,-871.324
1128.256,80.276,-991.372
1202.432,83.692,-992.104
1491.816,14.396,-1117.520
1820.484,-24.400,-1266.116
1951.268,-19.764,-1300.276
2038.620,-52.216,-1282.220
1881.728,-138.104,-1158.268
1636.020,-256.200,-936.228
1305.644,-328.424,-687.104
1002.596,-338.672,-460.184
781.532,-310.124,-275.232
603.168,-285.724,-42.212
527.040,-245.952,96.136
419.680,-311.832,353.068
434.320,-434.808,548.268
449.204,-508.740,765.428
499.712,-546.804,989.176
510.936,-604.876,1203.164
716.628,-674.416,1295.396
867.420,-732.488,1276.364
1021.872,-646.356,1216.584
1094.584,-614.636,1280.756
1153.144,-640.012,1301.496
1264.652,-618.540,1142.896
1425.692,-598.532,1124.352
1570.384,-602.680,1044.320
1626.748,-614.636,762.500
1742.648,-550.220,558.760
1771.440,-478.484,386.740
1780.224,-385.032,199.348
1673.596,-383.080,156.404
1585.512,-424.072,46.360
1507.432,-367.708,-52.948
1368.840,-365.268,-86.376
1157.292,-349.896,-47.092
1316.136,-301.584,-221.064
1246.352,-312.564,-294.996
1168.516,-259.616,-421.144
1179.984,-160.064,-572.668
1016.260,-149.572,-420.900
907.192,-250.588,-341.112
904.752,-288.164,-350.140
898.652,-287.676,-305.000
788.120,-260.592,-201.056
853.756,-238.632,-188.856
833.260,-236.192,-129.808
880.840,-243.024,-115.412
881.816,-204.716,-70.516
923.296,-165.920,-51.972
928.908,-157.380,15.860
962.336,-174.460,88.572
977.708,-178.852,206.668
982.588,-217.892,274.988
1028.460,-256.200,378.932
1149.240,-262.056,338.672
1220.976,-254.736,408.700
1321.504,-262.056,415.532
1365.424,-266.204,392.596
1602.348,-224.480,341.600
1591.612,-261.324,320.860
1504.992,-289.384,309.636
1565.260,-279.136,234.484
1288.564,-278.892,250.832
1110.932,-179.340,147.132
696.864,-11.956,224.724
472.140,131.272,189.588
98.576,310.124,138.592
-274.012,572.424,209.840
41.724,807.152,55.388
46.116,858.636,23.424
53.924,884.012,-126.880
113.460,867.908,-146.644
91.744,842.532,-65.392
88.084,814.960,-14.396
56.852,811.300,60.268
114.436,852.048,-19.032
97.844,916.464,1.464
103.700,959.164,-46.848
145.424,982.588,-90.524
121.024,982.344,-95.648
145.668,1012.356,-175.192
99.552,1026.996,-153.720
149.816,1025.776,-230.092
59.048,1018.944,-150.060
25.864,986.736,-99.308
137.128,971.608,-182.268
95.648,982.832,-107.360
160.796,987.712,-108.580
170.068,986.004,-141.032
182.756,991.860,-92.476
227.164,988.444,-76.616
206.912,978.928,-56.852
247.172,969.656,-66.612
250.100,974.292,-75.884
239.120,979.660,-37.332
250.344,970.388,-63.440
238.632,964.288,-40.260
232.288,945.256,-21.472
253.516,929.396,-41.480
231.556,929.396,-18.056
262.056,933.544,-37.088
243.512,942.816,-31.476
232.044,952.576,-16.836
224.968,953.308,-18.544
239.364,955.016,-33.916
249.612,955.016,-53.192
267.668,960.384,-62.952
290.116,961.604,-106.384
245.952,962.580,-85.888
272.792,961.116,-115.412
257.908,979.172,-134.932
252.784,995.032,-121.512
264.008,991.372,-135.176
249.124,993.080,-129.564
251.564,999.424,-110.532
262.788,991.372,-120.292
260.836,979.416,-136.884
260.836,979.172,-136.152
249.368,982.100,-139.568
252.540,986.980,-184.952
247.660,991.128,-174.704
254.736,999.668,-182.024
230.580,988.688,-171.532
222.772,990.884,-175.680
207.156,1018.212,-242.292
249.612,1068.720,-273.768
359.656,1086.776,-281.088
324.764,1101.660,-274.256
238.388,1089.460,-273.036
211.304,1067.988,-302.072
127.368,1077.992,-314.760
144.936,1107.272,-323.788
158.112,1123.376,-332.084
153.476,1114.104,-357.704
189.832,1093.608,-352.580
195.688,1080.676,-297.924
198.372,1072.624,-281.576
193.248,1051.396,-257.664
228.140,1033.096,-264.496
216.184,1022.360,-235.948
181.536,1033.340,-199.836
158.112,1004.548,-147.376
212.036,950.380,-119.804
260.592,914.024,-117.608
257.176,954.284,-104.188
220.820,1022.604,-115.412
210.572,1009.184,-85.888
276.208,959.652,-56.852
300.120,931.836,-45.140
329.400,939.156,-47.336
307.928,965.508,-57.584
269.132,948.916,13.420
271.816,934.032,11.468
249.368,948.916,-24.156
216.916,974.780,15.616
194.468,956.236,34.404
201.788,924.760,15.128
154.696,910.364,40.016
114.680,903.044,29.768
118.340,909.632,10.492
102.968,909.144,4.392
129.320,929.396,-27.328
165.432,927.932,-19.276
169.336,906.460,33.184
163.236,873.520,72.956
172.508,856.684,69.052
186.904,902.556,40.504
155.428,926.712,87.840
146.400,932.812,74.908
69.540,932.568,123.464
79.788,919.392,131.516
62.464,940.864,117.608
64.904,919.880,105.408
100.040,901.824,86.376
56.608,896.212,114.924
96.136,882.792,99.308
115.412,924.028,92.476
101.260,930.616,103.212
65.148,952.332,99.552
51.972,961.848,72.468
62.952,984.296,52.216
60.512,1022.848,19.520
71.736,1027.484,-7.564
60.024,1034.560,13.664
76.372,1013.332,3.416
63.928,992.836,49.532
46.604,980.880,110.532
68.320,941.352,111.020
76.860,930.860,131.516
65.148,964.044,107.116
108.336,976.976,39.772
107.116,1024.068,10.248
88.572,1044.076,-8.540
54.900,1029.192,16.104
31.964,998.692,27.328
90.768,996.740,-7.808
96.624,1037.244,-24.644
66.124,1046.272,32.452
22.448,1019.432,35.868
-19.764,988.444,17.568
-49.532,996.740,81.496
-76.128,975.512,83.204
-183.244,938.668,98.576
-160.796,916.464,111.752
-131.516,857.660,61.000
-80.032,817.888,73.444
-157.868,699.792,128.344
-92.964,588.772,154.208
-29.280,424.560,111.996
343.308,393.084,60.024
450.912,319.640,16.104
905.728,402.356,-90.768
700.280,341.356,38.552
1034.560,284.260,21.472
1066.524,215.208,21.960
1409.344,218.624,-63.440
1438.136,178.364,-63.684
1514.996,200.080,56.608
1345.904,161.040,142.252
1369.572,171.532,264.252
1389.580,227.408,325.008
1455.460,331.596,345.016
1401.536,362.828,461.892
1508.408,384.056,528.260
1527.196,320.372,629.764
1439.112,184.952,831.064
1349.320,44.652,949.892
1193.892,-89.304,1004.792
991.860,-181.048,1013.820
767.380,-224.968,960.872
449.204,-274.988,811.300
230.092,-270.596,609.756
8.052,-262.544,372.588
86.864,-205.692,131.028
100.284,-161.528,-190.076
17.080,-75.152,-351.604
42.212,27.084,-467.260
252.784,94.428,-654.652
471.408,77.592,-964.776
526.308,91.012,-987.712
689.300,142.496,-1108.248
746.396,139.080,-1023.824
881.816,78.568,-1009.916
1027.728,17.812,-1106.052
1181.936,0.732,-1101.416
1385.188,0.488,-1162.172
1584.780,10.980,-1144.848
1690.432,-33.428,-1084.580
1707.024,-131.272,-1022.604
1538.908,-197.396,-944.036
1405.440,-227.896,-804.224
1094.096,-279.868,-524.844
755.424,-334.768,-204.716
501.176,-334.768,186.416
582.184,-317.688,370.148
672.952,-387.472,629.032
624.152,-577.060,915.488
751.764,-735.172,1156.560
874.252,-832.284,1472.296
1225.856,-881.328,1542.812
1490.840,-921.344,1444.968
1620.892,-833.016,1316.868
1667.496,-702.964,1172.664
1711.416,-599.508,1037.000
1685.064,-559.736,853.024
1741.672,-485.560,552.904
1465.952,-433.588,507.520
1252.452,-459.940,420.900
1190.964,-477.508,297.680
1188.036,-395.036,152.012
1101.416,-429.684,107.604
1093.852,-430.904,29.280
1058.960,-409.432,-96.868
1171.444,-341.356,-356.240
1240.496,-303.536,-384.788
1321.748,-309.392,-481.656
1262.700,-290.848,-521.916
1175.348,-231.068,-481.900
1161.440,-182.756,-474.580
1067.256,-159.576,-552.904
1092.632,-33.672,-489.952
1120.692,-72.468,-396.744
1206.824,-95.404,-308.660
1081.164,-175.436,-190.320
984.052,-196.420,-226.676
932.568,-132.492,-189.100
779.092,-113.704,-55.876
679.784,-129.076,-1.952
735.416,-149.084,28.060
783.240,-189.344,99.552
769.088,-189.588,201.056
729.560,-190.564,262.544
824.720,-175.924,283.528
963.556,-164.700,276.940
1085.068,-180.804,262.544
1351.272,-229.604,353.312
1717.760,-313.296,502.396
2307.020,-405.284,328.668
2129.876,-513.132,477.752
1942.240,-430.904,300.120
1711.172,-328.424,81.740
1103.368,-209.352,268.888
816.424,-64.904,209.108
-389.424,117.608,141.032
-507.520,640.256,81.496
397.720,853.268,-308.904
-303.536,835.944,-56.852
-223.016,695.888,-288.896
-379.176,645.868,-87.108
-292.556,611.464,-159.332
-203.740,622.688,-64.660
-48.556,672.464,-38.064
110.532,712.480,-72.956
245.708,813.740,-122.488
301.828,898.896,-74.908
349.652,930.372,-179.340
246.684,1027.972,-121.756
264.740,1075.064,-134.200
268.156,1045.784,-155.184
276.696,1017.480,-218.624
269.376,1050.908,-157.868
287.188,1032.852,-162.504
290.848,1042.124,-120.780
280.356,1030.412,-60.512
276.696,996.496,-38.552
210.816,965.264,22.692
245.220,906.704,-28.792
284.748,897.188,-159.088
243.268,918.416,-73.444
196.176,911.340,-86.864
146.156,910.608,-64.172
238.388,952.820,-97.844
269.864,975.024,-91.256
274.988,955.992,-99.064
284.992,924.760,-105.164
248.880,920.612,-57.828
275.232,924.028,-71.004
298.168,931.104,-101.260
298.900,962.824,-111.020
260.104,977.708,-86.132
273.768,971.608,-92.232
288.652,964.776,-92.720
307.196,964.044,-86.132
316.468,970.388,-109.068
343.796,986.004,-102.480
327.204,977.464,-81.008
292.556,974.292,-57.828
305.488,941.840,-87.108
283.528,922.320,-92.232
298.900,935.008,-111.508
309.880,938.912,-111.996
284.748,912.316,-102.968
301.340,900.848,-151.280
270.840,936.960,-102.236
292.068,949.892,-92.232
272.548,936.228,-85.400
291.824,926.468,-82.472
288.652,935.740,-71.736
306.220,938.912,-71.492
333.792,939.888,-84.668
363.560,947.940,-101.992
336.476,964.532,-76.372
333.548,969.168,-82.960
324.032,975.756,-74.176
337.452,977.220,-69.052
345.748,958.188,-94.916
362.584,943.304,-142.008
368.684,948.184,-148.352
362.340,966.728,-153.232
335.988,967.948,-130.540
336.232,970.388,-139.812
310.856,963.312,-113.216
292.312,968.680,-79.544
327.204,959.652,-120.780
327.692,955.992,-129.320
354.776,969.168,-138.836
365.756,984.296,-166.408
334.036,996.496,-154.696
297.680,1008.940,-151.524
276.208,1018.944,-152.500
306.708,1034.072,-179.584
322.080,1049.688,-215.940
333.792,1067.988,-237.412
311.344,1086.288,-207.644
290.848,1091.412,-192.516
284.260,1092.144,-197.640
300.608,1103.612,-223.016
299.632,1103.368,-216.672
281.088,1092.632,-181.780
300.364,1056.276,-187.636
303.536,1052.128,-183.000
259.128,1067.988,-208.132
252.784,1108.736,-253.516
280.844,1109.956,-262.544
280.844,1106.784,-254.492
304.756,1101.416,-217.160
236.436,1062.864,-157.136
247.172,1035.780,-185.684
295.728,1031.632,-235.216
264.984,1049.200,-219.356
237.900,1054.812,-194.468
223.992,1051.396,-161.040
174.704,1055.300,-135.176
175.680,1054.080,-149.816
146.400,1048.712,-178.120
187.148,1047.980,-216.916
169.336,1052.616,-219.600
145.668,1041.148,-218.868
107.604,1001.864,-153.964
102.480,953.308,-111.508
69.784,910.120,-55.632
163.480,887.916,-47.336
158.356,933.056,-57.096
176.412,951.356,-64.172
130.784,941.596,4.148
139.324,915.244,46.360
144.692,877.668,64.904
142.740,860.344,80.520
215.940,810.812,54.900
195.444,784.460,130.296
231.556,748.104,158.356
218.136,730.536,162.992
191.784,753.716,201.300
178.608,770.064,184.220
138.104,779.092,192.516
127.856,747.128,163.968
126.636,743.468,151.768
149.816,774.700,134.932
118.096,792.512,128.100
92.964,805.932,126.636
83.448,823.744,134.200
105.408,833.748,80.032
100.040,859.124,82.228
121.756,879.376,100.040
112.484,886.452,73.688
85.644,912.804,82.716
94.184,939.156,92.720
104.432,959.652,66.612
60.024,970.144,50.508
69.540,984.784,37.332
60.512,993.568,44.164
95.648,997.228,-6.344
68.564,1014.552,24.400
48.312,1018.944,56.608
46.360,1012.112,57.096
69.540,1021.872,24.888
68.564,1050.908,-11.468
50.752,1065.548,-21.472
64.660,1061.888,-52.216
76.128,1059.936,-52.216
70.272,1048.712,-35.136
86.132,1030.656,-22.448
60.268,1027.240,14.640
64.416,1027.484,10.004
76.372,1042.856,-33.672
41.724,1051.884,-7.564
14.640,1041.636,11.956
-24.644,1049.688,33.672
-42.212,1053.592,6.588
-50.752,1064.816,-80.520
-79.788,1062.620,-70.760
-120.292,1014.064,-167.384
-167.628,917.196,-212.768
36.844,851.560,-182.756
-208.864,648.552,-158.600
-206.424,576.328,-70.272
57.828,332.816,55.876
542.168,325.984,289.140
528.260,69.296,320.860
763.476,-34.160,245.952
1055.056,165.920,288.408
920.856,218.380,421.388
1317.112,324.520,478.240
1608.204,232.776,728.340
1705.316,-6.832,1058.472
1557.696,-389.912,1190.720
1243.668,-555.832,1417.152
989.664,-545.340,1405.684
569.984,-397.964,1241.716
470.920,-234.728,908.412
486.292,-168.360,492.636
444.568,-138.836,131.760
395.768,-150.060,-198.860
537.776,-40.992,-475.556
264.008,16.348,-509.228
116.876,65.148,-488.732
300.364,31.964,-584.136
560.712,-8.784,-804.712
772.748,29.280,-960.140
820.328,2.440,-1012.844
944.768,-0.976,-1138.748
1166.076,-23.912,-1306.132
1273.436,-26.352,-1408.856
1541.836,-26.840,-1650.172
1594.296,-41.236,-1659.200
1601.128,-95.404,-1625.528
1495.964,-188.124,-1501.088
1242.936,-242.292,-1201.212
877.180,-228.872,-765.184
660.264,-257.664,-328.912
677.344,-360.632,-107.360
681.980,-476.776,118.584
788.852,-614.392,421.144
586.820,-755.180,856.928
547.780,-910.852,1324.432
748.348,-1009.672,1576.728
810.568,-1013.332,1718.736
1021.872,-990.884,1657.248
1351.516,-955.260,1622.844
1438.136,-846.924,1633.092
1499.136,-806.664,1458.388
1535.248,-798.368,1258.064
1821.948,-653.188,837.896
2029.836,-544.852,562.420
1893.928,-523.624,518.012
1693.604,-606.584,386.252
1510.360,-625.860,312.320
1461.072,-647.576,218.380
1608.936,-672.708,137.860
1851.716,-630.740,-224.480
1574.532,-652.944,-190.808
1197.796,-571.204,-203.008
1049.688,-438.712,-368.684
944.768,-261.568,-451.400
902.800,-164.212,-515.328
958.676,-107.360,-389.424
876.448,-210.328,-530.456
911.828,-98.332,-524.600
1475.468,-70.028,-503.616
1798.280,-119.804,-403.820
1682.136,-247.172,-228.384
1218.048,-216.184,-246.928
661.240,46.604,106.384
300.608,349.896,75.640
-416.508,606.340,110.288
196.176,1010.160,-193.980
-130.540,1035.780,-95.160
103.212,957.944,-220.332
114.192,838.140,-118.340
142.984,728.584,40.016
132.980,681.736,59.536
78.080,749.080,134.200
231.312,822.036,87.108
287.920,848.876,44.896
289.384,831.064,8.296
200.324,891.820,-61.244
144.448,950.624,-33.672
191.052,961.848,-126.880
254.248,957.212,-261.568
261.080,990.640,-150.060
202.764,961.604,-120.780
220.820,936.228,-141.764
191.296,1011.380,-112.484
229.848,1038.952,-86.376
225.456,1023.092,-87.596
220.332,986.492,6.344
225.456,907.924,22.692
364.048,884.500,-75.884
240.584,909.876,21.472
230.580,913.048,5.612
241.560,901.336,-37.576
217.160,903.532,-61.732
252.296,953.064,-36.112
330.864,965.508,-85.400
287.920,938.424,-74.908
356.728,939.644,-120.292
295.240,956.968,-76.372
265.472,952.576,-39.772
234.972,952.332,-34.648
216.916,948.428,16.592
312.076,945.988,-52.460
311.100,964.776,-40.748
274.988,970.388,7.564
261.568,959.164,2.196
276.940,952.332,-34.160
309.148,976.732,-73.688
357.704,997.960,-164.212
345.504,1003.816,-146.156
358.192,999.668,-88.084
337.452,968.192,-63.928
334.524,966.484,-36.356
344.284,959.896,-49.776
379.664,960.872,-93.696
349.896,967.216,-33.184
355.264,943.304,-37.820
345.992,926.224,-30.744
341.844,922.808,-47.092
308.416,915.244,-40.016
333.060,907.680,-67.832
290.848,892.796,-76.860
267.180,890.356,-48.556
286.944,884.744,-61.000
288.164,886.208,-62.220
351.360,913.292,-115.900
350.140,951.112,-100.772
372.588,965.996,-73.932
371.856,958.432,-67.832
341.112,941.840,-44.652
337.452,934.032,-73.444
327.448,950.624,-94.672
349.896,986.004,-112.728
376.492,993.812,-123.464
376.980,992.104,-120.292
385.032,987.956,-98.820
397.232,971.364,-86.864
383.568,946.476,-79.300
365.024,929.884,-60.024
364.292,920.368,-56.120
371.124,901.092,-55.388
395.280,890.356,-64.416
362.096,882.304,-54.900
358.680,895.968,-51.728
367.952,906.704,-95.160
389.180,929.640,-132.980
378.688,959.164,-171.044
361.852,1022.848,-166.408
367.708,1060.668,-161.528
334.768,1085.068,-167.140
341.356,1116.300,-185.684
373.564,1162.904,-178.120
390.888,1202.676,-208.376
435.052,1230.736,-199.348
451.400,1241.960,-204.472
448.716,1242.204,-204.472
458.476,1250.256,-225.944
486.780,1270.752,-217.160
494.100,1257.576,-204.472
456.280,1244.156,-227.408
497.760,1225.124,-260.348
433.344,1195.356,-200.080
433.100,1154.364,-174.460
470.676,1113.128,-170.068
366.732,1093.608,-114.924
360.388,1100.196,-134.444
334.768,1083.116,-99.796
404.308,1044.320,-103.944
395.036,1000.644,-60.268
427.488,958.432,-51.484
360.388,954.528,-21.472
263.032,963.800,-0.244
242.048,951.600,-10.980
193.248,903.532,-19.032
222.528,878.644,-80.276
194.956,877.912,-65.148
259.372,850.096,-66.124
234.484,808.372,40.016
239.852,765.672,76.616
170.800,729.316,135.908
126.392,732.732,115.168
99.308,756.156,79.300
31.964,759.328,56.852
61.000,742.004,47.824
81.984,724.680,101.748
33.184,727.852,161.528
126.636,749.568,48.556
43.676,760.304,114.436
32.940,749.080,139.080
92.720,764.208,137.128
130.784,775.188,111.264
91.744,800.320,92.476
41.724,816.912,111.752
-29.280,843.752,125.416
-26.596,846.192,136.152
28.548,829.356,79.544
45.384,866.688,85.156
-29.768,891.088,122.000
-46.848,893.284,81.984
-70.028,921.344,85.644
-73.688,956.724,76.372
-78.812,961.848,20.740
-102.724,999.668,28.304
-112.728,1017.480,48.556
-119.316,1019.920,28.548
-142.008,1025.288,-28.792
-118.340,1036.268,-25.864
-120.536,1061.400,-14.640
-46.848,1034.072,-103.944
3.172,1051.884,-147.620
-101.992,967.216,-133.712
-192.516,898.164,-106.140
194.468,817.156,-84.912
65.636,720.532,9.760
-87.352,665.876,-22.204
-12.444,506.544,12.688
703.452,435.540,158.844
854.488,367.220,372.588
666.852,272.060,472.628
715.652,193.492,488.976
945.256,289.628,309.392
1075.308,360.144,298.656
1482.788,542.168,466.528
1820.484,499.712,542.656
1736.060,311.832,625.128
1547.692,166.408,758.352
994.300,-19.520,1092.388
840.336,-84.180,1275.632
548.756,-153.720,1168.760
332.572,-106.384,1024.800
282.308,-29.036,818.376
223.748,-40.748,508.008
170.800,-26.596,258.884
29.036,-18.056,-32.452
-108.092,31.964,-180.316
-159.820,10.004,-285.968
121.024,-61.976,-537.532
571.936,-25.620,-903.532
606.340,14.396,-987.712
775.432,72.224,-1056.276
938.668,30.744,-1127.280
1014.308,17.080,-1216.828
1155.096,19.520,-1181.936
1439.844,16.592,-1308.572
1658.468,7.320,-1332.728
1764.120,-32.940,-1291.736
1845.616,-18.056,-1336.876
1780.956,-22.204,-1230.980
1697.264,-50.020,-1098.732
1605.520,-152.256,-965.752
1341.024,-287.432,-738.588
943.060,-405.284,-533.872
610.976,-417.972,-306.220
293.776,-322.080,-18.056
1.708,-283.528,176.412
-153.720,-304.268,443.104
20.252,-308.660,605.120
165.188,-425.536,783.728
507.276,-539.728,789.584
661.240,-625.860,856.196
590.480,-570.228,1034.072
753.960,-627.568,1189.744
1036.512,-754.204,1144.360
1400.560,-752.496,1116.788
1464.488,-784.704,1189.744
1309.060,-808.616,1313.208
1598.688,-762.012,1161.928
1870.016,-707.112,955.504
1988.356,-639.280,764.696
1748.748,-620.492,582.428
1587.708,-603.656,473.604
1482.788,-559.736,435.540
1415.200,-554.856,494.588
1439.112,-588.040,355.752
1350.052,-614.392,69.540
1240.008,-511.912,-252.540
1424.228,-318.420,-438.712
1470.832,-274.744,-293.776
1480.592,-484.584,-191.540
1047.492,-607.560,-243.268
1134.600,-385.520,-457.744
1549.400,-80.520,-499.956
1127.524,-47.336,-330.620
1296.372,-93.940,-340.868
1445.944,-233.020,-144.692
1576.484,-335.012,-0.488
1674.084,-345.992,-66.368
1551.596,-268.156,-170.800
1505.236,-215.208,-194.468
1020.164,-37.820,11.956
218.380,269.376,188.368
-286.944,541.680,260.836
421.144,840.336,37.088
200.324,855.708,86.620
92.720,775.676,-76.128
69.296,733.708,-50.264
-61.488,656.604,-14.884
-126.880,660.264,-55.388
-98.576,681.980,-50.752
47.336,719.800,-90.768
31.232,773.480,-84.912
57.584,771.284,-81.496
106.872,834.968,-123.464
137.860,911.340,-70.028
176.656,919.636,-69.052
292.312,925.004,-146.156
228.872,965.752,-31.964
241.804,933.300,-22.936
276.940,920.124,-62.220
298.900,955.504,-42.700
294.020,964.532,-8.052
243.512,924.760,-6.100
359.168,918.172,-122.732
373.564,972.340,-81.984
355.996,989.176,-62.952
330.132,993.568,-41.236
284.992,976.244,3.416
344.772,967.460,-22.448
368.684,967.216,-32.452
417.728,961.604,-59.536
381.372,973.072,-52.216
356.972,962.580,-35.868
356.972,988.200,-58.804
353.312,1036.756,-60.512
366.488,1028.948,-85.888
309.148,990.396,-79.056
273.524,963.312,-106.140
282.552,956.968,-117.364
248.392,937.204,-87.108
272.060,907.192,-132.980
257.664,929.640,-104.920
269.864,926.468,-76.128
276.208,902.068,-87.108
254.004,896.700,-78.080
272.792,886.452,-70.272
271.816,900.360,-78.568
271.572,904.752,-103.212
278.404,930.372,-94.672
331.840,965.264,-149.084
322.080,988.200,-151.768
295.728,1005.280,-124.440
337.940,999.424,-141.520
335.012,982.344,-139.324
306.952,966.240,-106.872
329.156,945.744,-95.404
315.248,907.924,-91.012
308.904,884.012,-89.792
332.816,886.452,-107.848
309.148,893.284,-93.208
305.488,915.244,-109.800
308.660,924.272,-120.048
263.032,942.084,-87.840
280.844,949.160,-118.340
325.252,959.896,-137.860
344.040,970.632,-146.888
342.088,975.512,-159.332
355.752,1003.328,-165.676
380.396,1021.628,-185.196
365.268,1027.728,-157.136
357.460,1027.484,-152.744
348.432,1033.340,-159.820
316.712,1035.292,-187.392
326.960,1053.348,-269.132
337.696,1114.348,-315.004
357.216,1163.636,-330.864
351.116,1171.932,-327.448
359.900,1151.192,-294.508
327.204,1133.136,-237.656
332.816,1126.792,-220.088
343.796,1121.424,-204.228
350.628,1124.596,-198.128
357.216,1132.892,-165.188
318.908,1135.088,-149.816
280.112,1121.912,-150.304
297.680,1115.324,-160.064
325.740,1127.036,-235.216
319.396,1143.872,-241.316
294.264,1117.032,-225.944
274.500,1094.584,-194.956
254.736,1066.036,-153.476
229.604,1043.100,-120.536
294.752,1023.824,-157.380
308.416,991.128,-248.636
185.928,983.076,-132.248
194.956,948.672,-107.604
136.396,944.280,-69.296
98.820,949.160,-37.088
103.700,944.768,-57.828
119.072,942.328,-73.200
108.580,945.256,-47.580
125.660,916.708,-81.496
96.380,918.416,-57.340
78.812,899.872,-7.320
117.608,871.812,48.068
127.368,867.664,33.428
121.756,869.616,28.792
119.560,885.232,68.564
103.212,893.284,122.732
77.104,894.748,153.232
72.712,875.228,141.520
105.408,831.552,101.016
86.376,816.180,161.284
126.148,785.924,142.496
93.696,796.172,163.968
87.596,806.420,163.236
78.324,835.944,144.448
75.396,839.116,83.448
66.368,851.560,99.796
91.012,868.396,55.632
60.024,875.716,86.132
48.312,857.172,81.008
24.156,840.336,66.368
11.224,844.240,91.744
7.320,875.960,100.284
26.352,898.896,63.928
-5.856,903.776,67.100
-65.880,919.148,117.608
-106.384,949.404,124.196
-80.276,959.896,74.176
-118.340,999.180,57.096
-55.144,1017.724,5.612
-26.352,1005.768,-24.156
51.484,981.856,-101.748
25.620,958.432,-48.312
9.028,917.684,6.832
56.608,826.184,-14.396
4.636,735.904,-45.384
128.832,680.272,-4.880
386.008,674.904,82.716
173.240,503.860,227.896
383.812,308.660,274.500
998.692,205.936,152.988
528.992,83.692,304.268
837.652,216.672,261.812
1044.564,157.136,-84.912
1005.036,232.532,17.324
1270.996,354.776,84.180
1129.232,185.684,102.724
1054.568,175.436,168.360
1236.592,188.368,188.124
1229.760,164.700,282.796
1286.856,218.624,415.288
1585.756,287.188,528.016
1738.988,231.800,703.208
1887.340,115.168,788.608
1874.652,-41.968,827.404
1517.680,-139.080,931.592
1053.348,-152.988,943.060
786.412,-131.272,882.304
495.564,-114.924,769.332
196.664,-60.024,650.504
46.848,15.616,483.120
135.176,84.912,179.096
145.180,125.172,-53.192
132.736,141.520,-244.000
217.160,129.076,-376.980
352.336,107.360,-420.656
320.128,25.132,-501.176
472.384,73.932,-650.260
436.516,119.804,-667.584
250.344,152.256,-588.528
424.316,76.128,-673.928
651.236,-1.708,-865.468
788.852,25.376,-970.876
842.532,-15.616,-1073.356
1099.952,-28.060,-1140.456
1407.636,-96.624,-1202.920
1799.012,-143.960,-1378.112
2000.068,-124.684,-1382.992
1953.952,-123.952,-1315.892
1853.668,-217.404,-1134.600
1582.828,-310.612,-769.088
1281.488,-369.172,-370.880
1018.700,-432.856,10.004
709.308,-467.504,300.364
648.796,-470.188,341.112
584.868,-423.340,377.956
731.756,-374.052,334.524
643.916,-433.588,541.680
367.464,-531.676,708.820
296.216,-503.616,823.012
250.100,-476.532,889.868
429.440,-504.592,988.688
841.068,-538.996,1088.728
883.524,-653.188,1100.684
852.292,-697.596,1165.100
1063.596,-710.284,1315.404
1374.940,-737.368,1345.660
1570.628,-796.660,1126.060
1813.652,-705.160,869.616
1771.440,-578.280,851.072
1809.992,-505.080,774.456
1744.356,-563.640,620.004
1599.420,-585.356,635.376
1640.656,-604.632,487.024
1468.148,-604.876,354.044
1532.564,-518.744,48.312
1441.552,-442.128,-209.108
1330.532,-367.220,-325.984
1230.736,-310.856,-372.832
1079.700,-326.716,-294.508
1181.936,-369.660,-216.428
1442.528,-464.820,-261.568
1339.316,-542.656,-208.376
1319.552,-438.956,-257.420
1479.860,-301.096,-405.040
1479.616,-163.236,-453.596
1357.128,-73.688,-378.200
1349.564,-56.608,-378.444
1356.884,-79.056,-397.232
940.376,19.276,-344.040
114.436,528.260,-116.388
218.136,1150.948,286.700
-146.400,793.244,309.148
-93.208,778.604,-520.940
-107.116,866.200,-44.896
-296.216,682.224,-122.488
-46.848,574.132,-66.124
-81.740,544.364,60.756
-13.420,620.248,-30.256
112.972,774.700,-120.292
177.144,867.908,-68.564
226.188,886.940,-0.488
203.008,859.856,-63.196
125.904,854.976,6.588
177.876,940.132,-80.520
228.628,1035.292,-149.084
298.900,1051.884,-136.884
353.800,1017.724,-109.068
316.224,971.608,-125.904
272.548,965.264,-35.868
262.300,961.116,-52.216
243.512,981.368,-92.232
252.540,970.388,-114.680
279.136,985.516,-188.612
268.400,998.448,-113.216
313.052,974.536,-130.296
238.144,950.624,-80.032
222.772,927.932,-57.096
256.200,932.568,-99.552
215.452,934.520,-48.068
251.808,917.928,-80.764
210.816,909.388,-59.048
184.952,884.012,-22.204
249.612,880.108,-45.140
298.412,889.380,-119.804
251.320,911.828,-63.684
254.736,944.280,-97.600
295.728,963.068,-172.508
235.948,990.152,-141.032
320.372,1016.992,-255.224
262.544,1045.052,-207.888
238.388,1024.556,-177.876
233.996,1003.328,-145.180
223.504,966.240,-113.460
231.556,929.640,-92.232
331.840,948.916,-149.816
314.760,975.512,-86.620
318.176,958.920,-110.044
299.144,968.192,-97.356
326.960,970.632,-137.372
278.404,974.780,-104.188
303.536,982.832,-134.200
285.236,966.972,-115.168
288.652,948.428,-119.316
280.844,944.524,-91.500
308.904,956.968,-88.328
294.996,954.528,-62.220
309.392,939.400,-82.716
315.248,936.960,-98.576
299.632,945.744,-83.692
307.440,973.804,-114.436
274.744,989.664,-102.236
282.064,997.228,-113.460
297.436,1015.284,-171.044
309.148,1045.052,-207.156
302.316,1115.080,-266.692
283.772,1141.676,-233.752
277.184,1132.160,-187.636
250.100,1118.008,-176.656
277.184,1116.056,-181.048
288.896,1138.992,-199.592
325.984,1151.192,-229.360
341.600,1171.932,-226.676
322.080,1186.816,-243.268
270.596,1203.652,-237.900
270.352,1199.016,-239.852
244.732,1160.464,-247.172
267.912,1146.800,-262.056
290.848,1169.980,-256.444
280.600,1188.280,-208.132
242.536,1159.732,-190.076
212.768,1127.280,-172.508
229.604,1087.508,-174.460
243.756,1048.712,-193.492
261.568,1055.300,-227.164
225.700,1057.984,-203.496
140.300,1059.448,-151.768
93.940,1025.532,-189.588
80.276,994.788,-181.780
108.580,996.008,-208.376
67.344,1018.944,-144.692
83.692,1008.452,-140.788
118.828,975.756,-120.536
113.216,946.964,-56.608
223.504,916.952,-63.196
203.252,900.848,-45.140
172.508,889.868,39.528
146.400,861.320,150.548
116.144,814.960,154.940
160.552,782.264,110.288
187.148,780.312,111.020
131.028,770.552,136.640
104.676,729.072,150.548
117.364,656.604,153.964
113.216,641.720,155.428
82.472,671.732,193.492
50.996,683.688,228.140
28.304,689.544,202.032
23.668,691.496,146.888
10.492,744.444,145.912
-41.480,791.292,171.532
-41.724,819.352,139.080
-46.848,852.536,108.092
-29.280,899.628,101.016
-16.104,925.736,77.348
-46.360,944.280,70.760
-82.716,944.524,80.520
-105.896,926.468,74.176
-116.632,900.116,76.616
-130.784,913.780,88.328
-110.532,895.236,47.824
-55.876,890.600,17.812
-79.300,804.468,46.116
-64.660,718.336,39.284
151.524,625.128,-20.740
304.024,549.976,66.124
295.728,487.268,110.288
355.996,450.912,238.876
740.540,448.716,189.344
882.060,337.452,261.080
972.584,323.788,263.764
1042.124,338.672,336.476
1208.776,371.368,371.856
1525.244,358.192,358.924
1752.652,306.952,321.104
1725.080,339.404,556.808
1684.820,264.496,709.064
1535.248,114.436,809.592
1554.036,40.992,849.608
1377.380,-53.924,809.104
930.128,-60.024,877.668
606.584,-39.040,857.416
279.136,-90.280,780.068
126.636,-117.852,688.568
166.896,-106.140,456.768
240.096,-84.180,248.880
392.108,-26.352,-94.672
290.848,-2.928,-289.384
160.064,22.448,-380.396
279.624,84.180,-532.652
521.184,124.196,-663.924
641.476,137.616,-780.556
682.712,162.504,-808.372
740.540,174.704,-816.668
726.388,164.212,-837.896
796.904,138.836,-885.964
936.960,135.908,-1004.792
1003.084,119.804,-975.512
1100.440,51.240,-942.572
1451.312,-17.080,-1059.936
1670.180,-44.164,-1079.456
1801.452,-9.272,-1046.028
1965.908,-42.212,-943.060
1931.748,-152.256,-749.080
1824.876,-243.512,-492.392
1601.128,-337.452,-210.084
1274.656,-358.192,4.636
1084.092,-356.484,67.832
982.344,-350.140,161.528
748.592,-369.660,336.476
574.376,-417.240,451.156
464.088,-457.500,575.352
449.936,-459.452,639.036
588.284,-445.300,744.932
590.236,-493.612,872.544
569.008,-530.944,1009.672
695.156,-528.260,922.076
893.528,-508.740,903.776
948.184,-500.932,955.260
885.964,-521.184,1017.968
1024.800,-576.084,1046.028
1173.884,-606.340,1059.204
1373.964,-595.604,912.804
1417.152,-569.008,917.440
1396.412,-579.012,830.088
1512.556,-545.340,745.908
1686.528,-485.316,529.724
1753.628,-423.828,300.608
1598.932,-375.516,224.968
1590.148,-350.872,61.000
1532.320,-337.940,-26.352
1383.236,-360.388,-60.512
1345.904,-343.308,-93.208
1301.008,-294.508,-225.944
1226.832,-154.696,-352.336
1095.316,-53.924,-361.120
909.144,-63.684,-376.736
860.100,-74.908,-309.636
841.068,-78.812,-332.328
855.220,-95.648,-339.648
888.404,-117.364,-242.048
925.492,-200.812,-58.316
1100.928,-327.448,166.164
1293.444,-409.188,254.248
1574.288,-377.956,274.988
1479.616,-325.252,355.020
1592.588,-192.272,143.472
1540.860,-66.368,150.792
1416.176,96.868,175.924
1311.744,151.036,114.436
1060.912,99.796,201.300
826.428,219.112,261.080
478.728,256.932,164.944
-200.080,469.944,172.508
-123.952,747.860,98.576
126.148,830.332,-52.216
0.732,796.660,-34.892
41.968,723.216,-135.908
23.424,689.544,-107.848
54.168,703.696,-72.468
57.584,732.000,-52.460
129.320,784.216,-52.460
115.656,839.604,-9.760
193.248,862.052,-54.168
242.536,914.024,-96.624
212.768,931.592,-46.360
237.168,941.596,-84.180
255.712,968.680,-153.232
222.528,981.612,-103.212
236.924,975.024,-136.396
233.020,982.832,-199.348
195.200,1000.400,-155.672
181.780,976.732,-162.748
254.248,974.536,-232.776
269.132,978.196,-237.900
248.636,969.656,-187.636
272.304,973.072,-189.832
333.548,954.284,-211.792
306.952,940.864,-147.864
323.300,938.668,-114.680
360.388,925.980,-97.112
393.816,929.884,-91.256
412.116,931.592,-76.616
353.068,940.864,-30.500
330.376,929.152,-33.428
310.368,940.620,-34.160
319.640,962.092,-65.880
298.656,972.584,-63.440
314.760,972.340,-95.404
340.380,963.556,-158.112
315.736,965.752,-124.684
342.576,953.796,-124.440
355.264,945.988,-129.564
321.104,947.208,-88.084
325.008,931.592,-69.296
317.200,897.188,-69.052
323.056,892.064,-88.084
290.360,897.432,-90.280
300.364,906.460,-116.388
287.920,933.788,-131.028
321.104,958.676,-142.496
347.944,1006.744,-181.780
338.672,1022.604,-162.016
385.032,1053.836,-253.272
334.768,1088.484,-230.580
348.920,1094.096,-214.476
324.764,1101.904,-231.068
313.784,1102.880,-224.968
344.284,1130.452,-253.028
302.316,1137.772,-273.036
286.456,1149.728,-301.828
323.788,1160.464,-344.528
314.028,1143.384,-330.864
340.624,1128.744,-337.208
312.320,1153.144,-350.628
248.636,1161.440,-325.008
273.036,1155.096,-311.344
291.336,1139.968,-286.456
314.272,1121.912,-263.032
320.128,1079.944,-267.912
268.644,1064.328,-290.604
252.296,1051.396,-345.748
271.084,1072.380,-333.304
323.544,1052.616,-385.764
233.508,1054.812,-335.012
147.864,1067.988,-286.944
137.128,1036.024,-256.688
244.000,968.924,-245.708
237.412,920.856,-156.160
264.740,891.820,-119.316
249.612,876.692,-120.292
140.056,860.100,-53.924
127.124,847.412,-44.896
117.608,866.444,-55.388
132.492,901.824,-163.236
67.344,920.368,-79.300
87.108,902.556,-46.848
70.760,892.796,-38.308
59.048,866.200,54.900
101.748,848.388,78.812
73.688,859.856,60.024
51.728,865.224,78.812
54.412,863.516,106.384
54.656,873.520,87.840
87.352,844.972,28.060
47.092,844.972,73.932
51.728,875.960,89.304
87.840,860.100,72.468
32.452,847.656,97.600
56.364,867.176,78.080
44.164,868.152,53.192
62.708,884.012,48.312
105.164,848.876,49.776
26.108,858.148,139.568
12.200,839.360,136.152
52.216,867.908,80.276
65.148,891.088,53.192
71.248,879.132,63.684
45.628,873.032,122.488
-6.344,874.740,178.608
10.492,890.112,187.392
16.592,893.772,156.648
27.816,904.508,156.892
41.724,939.888,127.856
-5.856,965.996,152.744
-15.372,973.072,134.444
-2.196,977.464,96.136
-17.812,992.592,100.040
-40.260,1008.696,120.292
-31.476,1010.892,97.356
-28.792,1020.408,81.252
-21.716,1056.520,60.268
-49.044,1086.044,65.636
-27.328,1085.312,5.368
-51.728,1092.876,-18.056
-98.332,1101.172,-57.096
-118.096,1076.040,-55.876
-211.060,1022.116,-58.316
-230.092,999.912,-100.772
-337.208,930.372,-126.636
-163.968,851.316,-83.936
-205.936,749.568,-56.608
-341.112,613.172,30.988
-183.976,466.040,196.664
207.156,324.032,330.864
376.248,260.836,660.020
917.928,265.472,681.492
823.500,115.412,752.740
804.468,19.276,810.812
1319.308,181.780,737.856
1639.192,252.296,810.324
1846.348,167.140,965.508
1849.520,24.888,1022.360
1662.372,-101.260,1013.820
1272.948,-215.452,990.396
1105.808,-193.004,937.204
780.556,-151.036,891.576
455.304,-68.076,731.024
48.556,-4.880,658.556
-97.844,-19.520,488.488
148.596,-40.992,187.636
244.488,10.004,-35.380
230.580,71.492,-122.976
152.012,29.036,-266.936
124.196,-15.616,-406.016
460.428,-41.236,-654.164
622.444,-44.164,-785.924
470.188,47.336,-621.224
435.540,-2.928,-721.752
668.072,29.768,-878.156
926.712,19.764,-1034.560
992.592,53.924,-1205.116
917.928,50.996,-1121.668
1103.612,-26.108,-1217.804
1381.772,-41.480,-1385.920
1525.000,37.576,-1436.916
1544.520,67.100,-1398.364
1606.984,10.492,-1369.084
1717.516,-73.444,-1283.440
1698.240,-173.972,-1102.148
1613.816,-244.000,-857.904
1392.020,-334.036,-534.360
1135.088,-425.780,-262.788
942.328,-448.472,-10.980
837.408,-455.548,200.080
698.084,-560.956,367.220
757.864,-597.556,519.964
650.748,-623.908,714.920
549.732,-601.216,739.564
561.200,-590.968,712.724
570.960,-501.664,890.600
429.928,-472.140,1274.412
476.044,-606.584,1284.416
815.692,-681.736,1002.352
1137.040,-660.020,776.408
1173.396,-484.584,987.468
997.228,-555.344,1181.204
1352.248,-649.772,1043.344
1594.784,-728.340,947.208
1826.828,-684.176,791.780
1726.788,-625.616,712.724
1608.936,-578.768,659.288
1555.988,-554.856,554.612
1574.776,-549.244,419.192
1557.208,-502.152,267.180
1324.188,-548.268,212.524
1189.256,-541.680,183.244
1072.624,-531.676,124.440
1111.420,-426.024,20.252
1102.880,-374.052,-110.044
1060.668,-355.996,-190.320
822.768,-392.108,-152.988
981.856,-325.984,-167.140
937.448,-343.552,-230.580
1144.116,-259.616,-425.292
1135.088,-246.684,-458.964
1073.112,-158.844,-388.448
887.916,-142.496,-276.940
762.500,-149.084,-240.584
872.300,-116.632,-211.060
901.092,-115.412,-175.924
1014.796,-123.464,-207.644
1130.696,-113.216,-137.616
1188.036,-111.996,-69.296
1194.868,-160.064,74.908
1561.356,-224.236,138.348
1707.268,-264.740,268.156
1741.672,-260.348,299.876
1706.292,-194.468,312.076
1703.608,-137.128,268.888
1549.156,-150.304,266.204
1452.288,-160.552,244.976
1122.400,-198.128,256.444
958.432,-81.740,270.840
757.376,-82.960,200.568
254.980,118.584,353.556
-66.612,277.428,310.124
-115.656,560.712,218.136
107.604,757.864,218.136
131.760,764.208,137.616
48.556,708.332,-68.320
-4.636,724.924,-79.056
71.736,763.232,-89.548
26.840,796.416,-78.568
-43.920,810.812,-33.428
-53.436,831.308,-21.228
-54.168,840.092,-28.304
20.496,873.032,-87.840
10.980,896.700,-103.700
51.728,925.980,-113.704
158.844,950.624,-218.380
49.776,965.020,-134.200
101.992,986.004,-131.516
124.928,1004.792,-147.132
180.316,1033.584,-178.120
211.792,1061.888,-171.044
223.992,1066.524,-188.368
247.904,1055.300,-182.756
232.044,1037.976,-122.732
233.020,1011.868,-108.824
204.716,974.292,-77.104
207.156,941.596,-97.600
226.920,932.080,-127.368
226.432,932.812,-93.696
221.064,931.836,-97.600
247.904,930.616,-107.360
251.320,936.472,-85.156
249.368,945.500,-90.036
251.320,954.040,-96.624
259.128,970.388,-116.632
256.444,987.956,-101.748
274.256,985.760,-118.096
253.516,991.128,-105.408
270.352,986.980,-130.296
253.272,985.516,-117.852
266.936,966.728,-129.320
195.200,965.752,-105.652
178.852,965.020,-117.364
183.488,971.120,-127.124
202.764,978.196,-142.008
237.656,981.856,-174.704
237.168,980.880,-166.164
269.620,977.220,-168.604
278.404,977.220,-182.268
265.960,973.560,-157.868
255.956,965.508,-136.152
255.468,941.840,-130.540
287.188,912.804,-119.560
294.752,901.336,-88.816
301.584,905.240,-97.600
223.016,916.952,-42.212
212.524,930.616,-41.480
191.540,952.088,-66.612
197.152,985.760,-79.300
205.204,1013.088,-57.828
217.892,1017.236,-103.944
225.212,1013.088,-126.636
213.744,1009.672,-146.400
206.424,1009.672,-138.348
219.112,994.788,-155.916
190.564,1007.476,-147.864
197.640,1004.548,-134.688
205.448,984.784,-127.856
220.576,976.000,-141.276
241.804,968.680,-164.456
220.820,961.116,-121.512
251.808,953.064,-119.316
218.624,955.016,-117.364
201.788,943.792,-82.228
195.932,955.016,-85.400
