acc_x[mg],acc_y[mg],acc_z[mg]
7.076,993.812,-9.028
12.688,993.080,-24.400
6.588,991.372,-14.396
6.100,993.080,-11.224
9.760,992.592,-22.936
1.952,995.520,-18.788
-8.784,989.420,-13.176
-15.860,987.224,2.684
5.368,983.564,-4.880
10.004,979.904,-2.684
8.052,986.980,3.172
12.200,989.420,-1.220
8.784,988.932,5.612
3.172,986.248,5.124
-2.196,988.688,11.224
1.952,989.176,2.684
2.684,987.956,3.660
0.732,990.396,4.392
-6.100,993.568,11.712
-2.928,990.640,13.664
1.220,988.932,16.592
13.908,984.296,10.980
16.104,986.004,14.884
20.984,990.884,15.372
16.592,993.080,19.520
15.616,995.764,19.520
27.816,996.496,-0.488
38.796,1001.132,-5.368
43.432,1003.816,-4.148
35.136,1005.036,8.296
34.160,1001.376,21.960
38.064,992.592,19.764
27.816,990.396,20.008
30.744,992.592,8.540
25.620,994.788,6.100
13.176,997.228,9.516
18.788,995.520,1.952
6.588,991.616,3.660
-1.220,992.104,11.468
1.708,1000.644,8.296
0.000,1000.400,5.856
-1.708,994.056,6.832
14.396,994.788,-5.856
18.056,991.372,-8.540
27.816,987.956,-10.248
38.552,995.032,-5.124
28.060,991.128,13.664
23.668,991.860,29.280
24.888,993.812,31.720
21.960,988.688,32.696
18.544,990.884,28.304
20.252,986.980,14.152
29.768,981.856,3.904
32.940,993.324,1.708
23.668,994.788,6.588
9.516,988.688,19.032
8.540,984.296,19.764
9.516,983.076,17.080
15.128,993.080,1.220
9.516,995.276,-0.732
11.956,992.104,-0.488
12.444,989.908,3.416
13.176,988.200,10.248
29.524,999.668,3.904
27.328,1002.596,1.952
17.812,1000.400,6.344
22.204,1001.376,7.564
28.060,995.276,8.296
51.240,993.080,6.344
61.000,989.176,7.564
48.068,984.784,17.568
34.404,982.100,30.256
33.672,980.148,27.572
34.892,987.224,15.372
26.840,997.716,12.444
32.208,998.204,0.488
27.816,993.812,2.928
19.520,983.564,11.956
28.304,991.860,14.640
25.620,998.692,18.788
27.084,994.056,16.348
32.696,991.860,12.200
42.700,994.056,5.612
35.624,991.128,12.688
42.700,990.640,8.540
49.288,993.568,9.272
40.992,988.688,15.616
35.868,987.224,14.640
37.820,989.908,5.856
35.136,999.668,2.440
28.060,1000.644,3.660
32.940,999.912,2.440
32.696,1000.400,5.856
37.088,993.324,9.028
40.260,985.516,8.540
44.896,993.568,9.028
36.844,993.324,10.248
45.872,990.152,7.808
41.968,993.324,15.128
47.580,988.444,14.640
38.308,986.004,20.496
36.356,992.348,20.008
30.256,999.180,15.616
40.260,1003.816,7.564
31.232,1010.648,2.684
31.964,1017.236,2.440
20.984,1036.268,-5.124
-0.732,1054.568,9.028
-20.740,1057.984,9.272
-49.776,1060.180,21.716
-40.992,1057.008,5.124
-86.376,1077.260,-26.596
-116.632,1102.148,-53.192
-22.204,1093.120,-112.972
-77.836,1083.848,-125.660
13.908,1039.684,-112.240
-27.816,980.392,-53.680
-131.760,864.492,-5.856
44.896,777.628,-25.132
66.368,695.400,4.636
216.428,641.476,-37.332
203.740,491.904,-77.592
558.516,463.844,-69.052
839.848,329.888,-48.068
760.060,196.908,126.636
815.936,115.900,157.624
1060.912,88.084,59.292
1083.116,79.788,161.528
1099.952,9.760,191.540
1298.568,-57.828,259.616
1364.204,-126.880,282.552
1369.816,-113.460,264.984
1350.296,-29.524,230.092
1344.684,48.800,181.780
1314.428,114.680,171.288
1262.700,180.072,201.056
1176.080,213.988,315.736
1207.556,268.644,377.468
1206.580,311.344,503.616
1223.416,372.344,689.056
1190.232,366.000,876.448
1146.556,199.592,1054.080
1072.136,28.060,1156.072
1063.108,-118.096,1062.620
959.896,-173.728,946.476
727.120,-244.244,911.584
457.988,-340.624,854.488
357.216,-410.896,721.996
212.524,-399.428,529.968
144.936,-378.444,245.708
151.768,-302.316,-15.372
147.376,-264.008,-184.952
268.644,-249.368,-310.856
410.652,-242.048,-521.672
518.256,-212.036,-695.888
546.316,-205.692,-848.144
638.792,-193.248,-999.180
740.784,-147.132,-958.432
716.628,-144.692,-834.968
774.212,-194.712,-879.376
890.844,-223.016,-1006.500
1118.984,-170.556,-1192.916
1309.548,-104.920,-1382.992
1426.912,-92.476,-1470.588
1611.132,-159.088,-1463.756
1633.824,-298.412,-1366.644
1594.052,-275.720,-1204.628
1459.120,-236.680,-1031.632
1373.720,-264.984,-922.564
1290.272,-398.940,-722.484
1160.708,-543.144,-511.424
968.192,-510.448,-299.876
836.188,-375.272,-139.324
739.320,-499.468,-25.864
590.724,-646.844,145.180
833.260,-718.580,267.180
723.460,-673.440,460.184
717.360,-646.112,673.440
590.480,-782.264,766.404
784.704,-790.560,855.464
1098.732,-847.900,1115.080
1012.112,-919.636,1503.528
823.744,-1075.308,1625.284
1156.072,-1138.992,1449.116
1333.460,-1048.224,1263.432
1537.200,-900.360,960.872
1478.152,-847.168,851.316
1597.712,-824.476,736.636
1545.252,-876.204,705.892
1357.128,-981.856,801.052
1415.932,-1055.056,687.836
1514.752,-1090.924,403.576
1654.076,-1077.748,57.340
1467.904,-1038.464,-97.600
1296.616,-1016.992,-164.456
1503.284,-875.472,-498.736
1585.512,-653.432,-770.308
1365.424,-494.832,-809.104
1070.428,-383.812,-738.344
976.732,-392.840,-726.876
853.512,-347.700,-707.112
716.628,-283.284,-596.092
844.484,-200.568,-620.004
818.620,-147.376,-620.492
660.996,-117.852,-594.140
559.736,-177.144,-412.604
706.380,-245.220,-332.572
728.828,-239.852,-266.692
847.412,-202.520,-169.092
1030.656,-209.352,-185.196
1289.784,-219.600,-83.692
1563.552,-305.488,182.512
2006.900,-503.860,110.776
2053.260,-494.588,307.440
2019.100,-444.324,328.424
1670.912,-317.444,459.208
1219.512,-205.692,442.860
814.228,50.752,348.188
328.668,413.824,208.376
282.552,660.996,50.264
278.404,671.000,-184.708
386.496,634.156,-247.904
393.816,569.252,-206.424
175.680,513.132,-100.040
250.588,532.652,-64.904
403.820,595.604,-167.628
464.820,657.092,-115.412
406.992,646.356,-37.332
318.664,627.324,53.192
343.796,661.728,-20.008
384.300,757.864,-78.812
397.232,805.688,-125.172
460.428,813.740,-194.468
426.268,840.336,-136.640
373.564,858.880,-65.880
421.876,850.096,-169.580
395.280,908.900,-126.880
375.272,913.048,-126.880
343.064,872.544,-124.928
371.856,867.420,-121.756
368.684,868.884,-67.832
399.672,824.964,-111.996
431.392,835.944,-109.556
434.320,842.288,-87.596
402.356,864.248,-118.584
374.540,898.652,-84.912
396.500,891.088,-160.308
463.356,927.200,-192.760
444.324,933.788,-135.908
430.660,906.704,-130.540
465.064,908.900,-149.328
459.452,916.952,-124.684
482.876,914.268,-177.144
471.164,924.272,-116.876
465.064,898.164,-103.944
512.644,896.700,-130.540
545.584,937.204,-58.072
546.804,921.100,-72.224
484.340,887.428,-29.524
447.252,855.464,-31.476
473.848,854.000,-152.012
441.152,874.740,-148.596
409.432,874.252,-170.800
417.728,883.280,-181.292
437.736,902.068,-155.428
453.352,913.780,-140.300
471.164,922.808,-152.988
478.484,954.772,-193.492
464.576,1008.452,-234.728
421.876,1062.864,-271.572
430.172,1105.808,-301.828
433.344,1139.480,-340.868
442.372,1173.152,-381.128
434.320,1207.068,-394.060
423.340,1211.948,-398.208
385.032,1210.240,-397.476
384.300,1200.480,-403.820
384.788,1198.040,-442.860
365.268,1203.896,-402.844
383.568,1181.448,-351.360
406.016,1141.188,-345.260
429.196,1114.104,-285.480
472.872,1067.988,-240.340
478.240,1026.264,-195.932
446.276,996.740,-140.544
411.384,983.808,-97.600
403.332,971.120,-86.132
374.540,932.568,-93.940
376.248,891.088,-83.936
373.320,877.668,-46.604
353.800,869.616,-23.912
321.592,848.632,16.592
265.716,831.064,44.408
224.968,817.888,40.016
232.776,811.788,13.908
209.352,817.888,39.284
218.624,820.328,44.896
166.652,821.792,77.836
148.596,832.284,97.112
136.884,852.780,73.444
133.712,877.912,72.224
120.536,893.772,87.840
134.932,890.356,71.980
121.268,908.412,54.656
148.108,930.128,40.016
122.244,935.496,89.060
133.468,914.024,94.428
131.516,908.656,104.920
117.608,912.072,67.832
91.012,927.444,66.368
85.400,923.052,67.588
112.240,896.700,40.260
79.056,888.160,80.520
83.936,875.472,79.300
77.104,866.688,78.812
78.080,875.960,75.884
52.216,886.940,102.480
31.720,879.132,94.184
17.080,870.348,120.048
2.440,864.004,127.368
25.864,874.496,105.408
23.180,909.876,114.924
-7.320,927.444,132.248
-38.552,949.160,147.376
-37.820,959.164,156.404
-20.496,962.580,92.476
-45.384,999.912,92.964
-61.976,1039.684,84.912
-84.912,1061.400,56.852
-130.784,1067.012,55.388
-126.636,1061.644,35.136
-189.344,1069.452,4.636
-222.772,1040.416,-16.348
-338.184,1021.384,8.784
-281.332,983.076,-15.616
-397.476,919.392,30.256
-261.812,851.804,31.476
-93.940,757.620,-0.732
-72.224,650.016,-39.528
88.084,543.388,-57.584
36.112,379.908,-37.820
206.912,247.660,25.620
804.224,187.148,-140.056
561.932,116.388,227.652
904.020,118.584,334.768
1004.060,23.180,312.808
1052.372,109.556,505.324
1364.448,227.408,475.556
1558.184,232.532,676.612
1704.096,145.912,989.420
1815.360,-51.972,1264.164
1801.696,-290.360,1456.436
1724.104,-414.312,1517.924
1380.308,-487.268,1501.332
1061.400,-514.108,1350.540
732.244,-510.936,1152.168
514.840,-537.044,884.988
422.364,-534.360,591.456
434.076,-418.216,209.352
316.224,-299.876,-143.228
157.868,-197.640,-331.352
115.412,-198.128,-488.244
204.472,-200.568,-601.460
342.576,-166.164,-655.872
482.144,-203.984,-932.080
578.036,-152.012,-998.204
624.884,-99.796,-1126.792
790.316,-24.156,-1201.212
796.172,-50.752,-1044.564
903.532,-34.404,-1045.296
1240.496,-24.644,-1425.448
1409.832,77.104,-1626.016
1585.024,101.992,-1822.192
1766.072,-3.904,-1927.356
1715.564,-165.432,-1718.736
1572.092,-276.696,-1453.020
1330.288,-317.932,-1145.824
1131.672,-422.364,-933.788
910.364,-550.952,-616.588
785.192,-528.748,-358.680
640.500,-565.104,-87.596
563.396,-666.120,35.624
598.776,-753.228,316.956
593.652,-902.556,562.664
494.100,-928.908,756.156
539.972,-965.020,831.552
463.112,-971.852,1006.012
575.840,-992.348,1187.792
865.712,-1053.592,1253.184
585.844,-1147.532,1408.612
1101.660,-1250.256,1384.944
1384.212,-1346.392,1409.588
1834.636,-1377.380,1291.980
1960.784,-1388.116,1274.656
1445.700,-1463.024,1332.972
2035.692,-1291.248,1088.728
2150.128,-1211.460,855.952
2065.460,-1155.584,689.056
1664.324,-1222.684,490.928
1740.452,-1174.128,86.376
1761.924,-1112.152,-221.308
1830.732,-1011.136,-503.860
1761.924,-921.100,-639.280
1520.120,-809.592,-775.920
1578.436,-594.872,-1084.092
1375.916,-449.692,-1085.556
1256.112,-371.612,-960.628
953.308,-347.456,-857.660
813.496,-250.832,-664.900
638.304,-191.296,-477.752
575.352,-176.656,-452.864
565.104,-146.888,-391.376
529.968,-183.976,-390.400
616.588,-204.228,-232.044
792.512,-236.924,-131.516
1115.812,-340.868,-59.536
1439.844,-436.516,50.996
1683.356,-524.844,54.656
1651.636,-495.076,138.836
1549.888,-386.740,201.544
1202.676,-122.000,275.232
805.688,214.476,119.804
269.132,599.752,233.996
413.092,823.988,12.444
270.596,868.396,-93.940
248.148,794.708,-178.852
127.124,742.004,-109.800
113.460,693.448,-110.776
218.624,702.964,-70.516
270.108,723.948,-120.048
254.248,772.992,-78.080
261.568,782.020,-88.572
226.432,768.600,-29.768
208.620,746.152,-53.436
180.072,761.768,-74.420
170.068,789.828,-112.240
218.868,840.824,-214.232
173.972,860.100,-194.224
224.724,873.520,-312.076
208.864,967.460,-208.864
228.628,973.316,-228.628
148.596,942.816,-158.112
168.848,879.620,-160.064
219.600,878.400,-198.616
211.792,917.928,-120.292
211.792,921.100,-137.616
236.680,960.140,-172.020
337.452,1028.704,-192.516
320.616,1055.056,-180.560
310.612,1018.700,-146.156
285.724,955.748,-123.708
295.728,921.100,-147.620
327.448,941.108,-241.072
328.912,971.120,-185.684
341.112,963.312,-197.152
338.916,951.844,-205.204
319.884,949.160,-200.324
292.068,965.264,-227.652
258.152,959.408,-223.992
203.252,913.780,-200.324
197.884,875.228,-196.176
223.260,893.528,-201.544
227.652,903.532,-170.312
206.912,884.744,-152.500
211.304,892.552,-129.808
234.972,925.736,-144.204
249.856,933.544,-156.892
287.676,911.828,-194.712
317.444,926.712,-215.940
355.264,948.428,-199.104
340.136,936.228,-205.692
315.980,948.184,-198.616
292.068,965.020,-171.776
280.600,949.892,-175.192
306.952,942.084,-191.052
307.684,949.648,-170.312
296.704,938.668,-172.020
293.044,953.796,-201.056
284.748,978.196,-213.500
270.352,1008.452,-226.188
287.188,1027.240,-260.104
295.972,1029.436,-274.256
268.888,1027.728,-326.716
226.188,1067.500,-353.556
188.612,1110.444,-381.128
179.340,1144.848,-438.468
182.268,1156.316,-422.608
202.032,1136.064,-396.988
226.188,1108.980,-417.484
224.236,1092.388,-392.596
220.332,1085.068,-388.204
240.828,1098.488,-374.052
206.424,1134.844,-379.420
231.556,1168.516,-390.888
217.892,1157.048,-360.144
202.032,1126.792,-317.444
244.732,1108.492,-276.940
244.488,1094.096,-310.856
291.336,1091.900,-311.832
253.028,1098.488,-289.628
196.176,1073.356,-215.208
253.516,1024.556,-197.640
275.476,980.880,-260.104
257.420,975.268,-259.128
273.280,991.128,-229.848
277.428,963.068,-191.296
294.752,929.640,-187.880
267.668,927.444,-121.024
241.804,946.476,-90.036
209.840,921.100,-46.360
221.064,886.940,-48.556
199.104,895.480,-84.668
207.400,919.148,-60.756
214.232,915.244,-48.068
241.072,887.428,-39.040
196.420,913.780,16.104
173.240,926.712,12.688
175.436,946.964,-4.392
169.092,937.448,-4.392
114.436,903.776,35.380
94.428,883.036,72.468
65.880,851.804,78.812
73.932,827.892,90.036
133.956,823.500,74.176
83.204,845.460,63.196
80.520,876.204,87.108
56.608,866.200,123.464
34.648,829.112,159.088
68.076,824.476,149.816
34.648,838.872,183.488
50.752,847.168,146.888
40.260,845.704,124.440
-2.440,827.648,146.888
-21.228,812.032,183.732
-45.384,813.740,197.152
-64.660,816.180,198.372
-65.148,820.084,173.484
-62.464,836.432,139.568
-92.720,855.952,121.756
-81.740,881.328,119.072
-86.132,917.440,94.672
-83.692,958.188,51.728
-79.788,985.028,39.040
-77.104,996.984,14.884
-43.432,1006.500,-7.564
-11.956,1014.064,-3.660
-40.992,1017.236,42.700
-49.776,1030.168,68.320
-79.300,1050.908,87.352
-61.000,1053.348,61.244
-63.684,1080.188,56.852
-77.348,1111.908,45.872
-80.520,1138.260,23.912
-72.224,1154.852,7.808
-77.592,1172.664,-4.148
-14.396,1139.236,-76.128
24.644,1115.568,-91.256
108.824,1043.832,-157.380
45.872,989.664,-169.580
-39.040,886.208,-109.312
-49.776,752.252,-21.472
-50.508,600.972,-2.684
247.416,436.760,-63.684
178.120,233.508,44.164
70.272,61.976,132.492
311.100,-68.076,75.152
314.516,-91.012,200.080
485.804,-61.000,307.928
723.460,52.460,433.100
1108.980,173.972,742.736
1480.104,18.788,841.800
1779.492,-123.220,968.680
1737.768,-120.048,1293.200
1551.840,-249.124,1682.136
1565.260,-409.188,1761.680
1335.900,-557.540,1558.916
903.776,-626.836,1381.040
579.744,-643.428,1162.904
331.108,-674.416,902.068
313.296,-541.192,601.216
187.392,-494.344,15.128
38.064,-423.828,-365.756
116.144,-301.828,-739.564
322.812,-106.628,-814.960
454.328,-126.148,-965.752
859.612,-221.308,-1254.160
1273.192,-290.360,-1650.660
1463.512,-248.636,-1722.396
1750.944,-227.896,-1704.584
1972.008,-231.800,-1901.980
2084.248,-247.904,-2044.476
1872.456,-273.036,-1966.640
1509.140,-276.940,-1647.976
1115.568,-381.860,-1325.652
648.308,-456.768,-911.828
463.356,-487.512,-602.192
308.172,-557.296,-345.992
216.428,-612.684,-84.180
111.264,-610.732,300.608
27.816,-625.860,800.320
177.632,-777.140,1032.852
539.728,-1027.484,1124.108
882.304,-1271.728,1358.836
843.264,-1309.792,1452.288
652.456,-1358.348,1721.176
1069.940,-1467.660,1742.404
1451.068,-1624.796,1701.656
1703.608,-1669.936,1513.776
1555.256,-1657.004,1373.476
1635.776,-1648.220,1202.676
1874.652,-1628.456,1094.340
2149.396,-1553.060,679.540
2275.788,-1455.460,211.304
1914.912,-1324.676,-15.860
1938.824,-1130.452,-252.296
1870.992,-1021.872,-408.456
1729.472,-931.836,-615.368
1669.204,-770.552,-752.740
1567.456,-647.088,-897.920
1712.148,-410.652,-998.692
1336.388,-276.696,-726.144
1113.860,-298.168,-648.308
831.064,-322.080,-538.020
463.844,-269.376,-403.088
422.608,-192.516,-270.108
308.904,-220.576,-195.200
460.916,-253.760,-309.148
480.680,-236.436,-136.396
688.812,-224.724,-55.388
1153.388,-305.732,8.052
1432.524,-437.980,272.548
1746.552,-501.908,255.224
1913.936,-491.416,101.016
1830.000,-392.108,275.964
1751.188,-388.448,237.656
1675.548,-397.964,350.140
1306.132,-419.924,443.592
796.904,-355.752,376.004
147.376,-33.672,361.608
-496.296,571.448,526.552
-38.064,799.100,98.576
-139.568,761.280,48.556
-25.376,633.180,-131.272
-15.860,528.016,-84.912
-61.488,549.244,4.636
10.248,606.584,-59.292
45.140,690.276,-44.408
8.540,739.564,-91.012
-13.908,737.368,-69.540
8.052,753.716,-113.216
-10.980,804.468,-75.640
-40.504,816.180,-70.516
42.456,877.912,-155.428
42.212,971.364,-116.144
76.616,985.760,-173.972
133.712,983.808,-294.508
133.224,1051.152,-192.272
125.416,1037.488,-190.808
17.324,1010.404,-95.404
47.092,1006.256,-151.036
-11.712,1024.556,-149.328
58.316,1034.560,-258.152
45.384,1046.760,-222.528
15.128,1029.192,-148.596
72.956,1018.456,-111.752
153.232,986.492,-162.260
220.576,1000.644,-210.084
271.328,1022.116,-241.316
210.084,1014.064,-181.292
151.524,975.268,-149.816
105.896,928.420,-120.292
92.720,893.772,-123.464
97.844,903.776,-159.088
100.772,909.144,-124.440
85.644,897.676,-119.804
140.544,927.932,-144.204
141.276,962.580,-130.296
160.796,959.408,-148.352
168.848,937.204,-155.672
145.668,975.268,-122.000
167.140,1005.524,-109.312
181.048,1020.164,-154.696
222.772,1050.176,-206.668
201.544,1055.544,-171.532
190.808,1021.140,-159.820
206.668,1003.572,-141.520
194.956,985.028,-95.404
157.868,959.896,-71.004
172.508,926.712,-92.232
166.896,912.072,-135.908
139.812,925.004,-109.556
162.504,935.984,-154.696
171.044,944.768,-172.020
148.108,976.976,-142.252
162.016,986.004,-144.204
146.156,993.324,-134.444
166.896,995.276,-147.864
154.696,1024.312,-205.692
149.328,1046.760,-209.352
157.624,1062.620,-249.612
149.572,1070.672,-263.764
157.380,1071.404,-282.552
113.704,1059.692,-288.408
78.812,1055.544,-289.872
77.836,1062.864,-314.028
70.272,1086.044,-355.020
81.496,1118.008,-384.788
67.100,1133.136,-380.640
66.368,1135.820,-386.008
59.536,1135.088,-352.580
131.516,1128.744,-376.248
140.056,1124.596,-340.868
173.484,1122.156,-315.980
172.752,1118.008,-269.620
158.844,1126.548,-260.104
142.252,1143.628,-278.892
141.520,1144.848,-299.632
215.696,1106.784,-279.624
285.724,1070.672,-266.204
217.648,1073.600,-200.568
194.468,1092.876,-200.080
199.104,1097.512,-232.044
271.816,1102.636,-256.200
272.548,1079.212,-197.396
211.792,1041.636,-116.876
195.444,1008.696,-74.176
158.600,980.880,-89.304
167.628,998.204,-67.100
156.648,1020.896,-59.780
118.340,1005.036,-48.556
164.944,994.788,-95.648
164.944,947.696,-77.836
166.164,916.220,-29.280
197.396,920.612,12.932
130.540,939.400,55.632
97.844,955.504,95.648
117.852,916.464,85.644
114.680,839.604,132.980
221.796,764.940,111.996
264.252,725.656,140.300
201.544,727.120,182.268
135.420,701.988,242.536
144.936,657.336,272.548
147.620,644.404,270.352
152.500,669.292,256.688
127.124,699.548,248.148
99.308,742.492,211.304
84.424,812.764,141.032
51.728,864.004,97.112
19.276,874.740,134.200
-2.196,851.804,162.504
14.884,878.156,144.936
30.012,987.468,92.720
-72.712,1078.968,116.388
-130.052,1121.180,93.696
-120.292,1103.124,54.656
-135.420,1074.820,55.388
-106.384,1000.888,-4.392
-221.308,918.660,14.152
-315.248,842.288,-12.932
-218.624,778.360,-94.184
-395.280,727.852,24.156
-457.988,630.008,49.776
-25.376,498.492,-40.992
131.272,364.780,-3.416
-19.520,214.232,247.904
315.736,137.616,400.160
722.484,27.084,440.420
903.044,-29.280,650.260
1508.652,0.732,709.308
1688.724,-44.164,801.052
2014.952,-9.760,938.668
2286.280,-28.060,792.024
2339.228,-56.120,696.376
2009.340,-80.276,764.208
1598.932,-71.736,819.352
1108.736,-126.880,822.280
843.752,-199.348,722.484
412.116,-278.892,631.960
116.632,-303.780,501.664
53.436,-301.584,228.384
147.376,-249.124,-129.320
122.000,-208.620,-358.192
313.784,-56.364,-458.232
325.496,-63.440,-721.020
456.280,28.792,-898.896
510.936,24.644,-1080.432
759.572,125.416,-1124.108
597.312,96.624,-868.152
652.944,28.792,-850.584
1016.260,39.772,-1178.032
1297.592,137.128,-1496.696
1418.372,245.952,-1605.520
1656.516,222.772,-1713.124
1525.732,111.508,-1491.572
1394.704,33.184,-1299.056
1260.260,-22.204,-977.952
1184.376,-121.268,-810.080
1114.836,-188.124,-668.804
982.100,-244.244,-543.144
866.688,-290.604,-340.380
776.164,-363.804,-121.756
701.256,-483.364,108.580
658.556,-545.584,193.004
557.296,-472.384,234.484
638.548,-495.808,227.896
634.888,-607.560,467.504
426.756,-751.520,822.524
442.860,-767.868,926.712
327.448,-654.896,990.152
612.684,-586.820,890.356
852.780,-661.728,976.976
844.972,-692.228,1154.120
932.324,-709.796,1187.792
1049.932,-757.864,1237.324
1293.932,-791.780,1161.196
1551.596,-799.832,1079.456
1663.836,-804.468,977.220
1869.772,-810.568,737.124
1862.940,-844.484,659.532
1697.264,-954.528,554.612
2069.364,-923.540,319.152
2058.628,-864.248,17.080
1964.932,-790.560,-37.332
1798.280,-910.120,-141.276
1614.792,-939.888,-210.572
1596.492,-857.172,-532.408
1697.508,-641.476,-781.288
1616.012,-462.868,-1059.692
1372.988,-345.504,-923.296
1152.900,-375.028,-767.380
840.824,-337.452,-572.180
691.740,-278.404,-432.612
681.980,-259.860,-374.052
851.560,-316.224,-184.708
1176.568,-456.036,-111.752
1470.832,-571.692,22.204
1693.360,-652.456,223.504
1479.128,-744.200,-0.488
1203.652,-544.608,-0.732
1003.816,-241.560,-43.432
461.648,63.196,42.944
-180.316,522.892,202.276
315.004,839.116,33.184
-64.172,752.252,57.828
-85.644,734.928,-192.272
13.664,750.300,-140.788
0.488,754.448,-152.988
43.676,766.648,-98.088
149.328,787.876,-62.708
233.752,782.996,-97.844
306.464,835.212,-156.648
304.512,870.836,-89.548
260.592,834.236,-91.012
274.988,857.904,-179.828
267.912,918.416,-130.296
246.196,906.948,-172.508
303.292,863.028,-305.488
301.584,917.440,-246.196
266.936,920.124,-222.284
292.068,913.780,-274.744
290.116,969.900,-221.796
283.528,981.856,-226.920
223.504,989.420,-165.432
292.068,998.936,-190.564
309.880,1011.136,-181.292
312.564,1036.024,-220.820
304.512,1064.084,-222.772
393.328,1038.952,-284.016
399.916,1001.132,-304.512
350.384,965.020,-223.260
307.196,910.364,-217.404
288.164,880.596,-214.720
266.692,861.076,-188.368
278.892,851.804,-193.980
265.472,839.116,-178.364
260.104,828.136,-142.740
287.432,817.400,-168.848
312.808,841.800,-207.644
313.784,890.112,-196.664
315.248,927.444,-230.336
347.944,929.396,-221.552
335.256,931.836,-163.724
347.212,912.560,-166.408
353.556,904.508,-172.264
376.492,905.240,-195.932
341.356,919.148,-193.736
311.344,920.856,-148.108
306.220,907.192,-179.828
308.660,903.532,-157.380
293.532,912.072,-145.912
288.164,915.244,-172.752
306.220,925.980,-194.224
307.196,951.112,-195.688
352.336,970.876,-226.920
377.224,991.860,-262.544
361.364,992.836,-227.408
349.164,980.880,-217.160
360.876,958.920,-185.440
375.272,938.424,-191.784
416.752,951.356,-247.416
398.452,943.548,-189.344
345.504,921.344,-163.236
337.208,913.780,-183.000
345.260,962.824,-229.360
320.372,996.252,-267.668
268.644,1029.192,-326.960
237.412,1079.700,-367.708
233.752,1148.264,-405.040
253.272,1191.696,-481.900
234.240,1247.328,-573.888
221.064,1310.280,-613.904
222.528,1365.668,-568.520
263.032,1371.036,-555.100
288.164,1348.344,-488.732
365.024,1294.908,-507.276
414.312,1295.152,-507.764
487.756,1296.128,-450.424
498.492,1222.196,-371.856
471.164,1131.428,-332.572
442.860,1077.992,-305.000
461.160,1086.532,-317.200
445.056,1091.412,-293.288
411.628,1042.856,-214.476
405.284,994.544,-171.044
315.004,954.040,-128.344
339.404,992.104,-133.468
443.348,955.260,-140.300
538.752,873.032,-128.100
446.520,846.924,-1.464
378.200,849.364,46.116
288.164,831.552,74.908
291.092,755.912,111.020
313.784,675.392,99.552
334.768,633.180,126.148
298.168,596.580,213.012
229.116,561.200,286.700
149.084,505.568,412.360
145.668,472.872,397.964
170.068,484.096,395.036
200.080,528.016,329.888
113.460,580.964,332.328
81.008,591.456,307.928
53.436,606.584,323.300
62.464,625.616,340.624
75.640,661.972,309.392
56.364,745.664,249.612
-20.984,819.840,226.188
-48.312,845.704,160.796
-20.008,891.088,144.936
40.504,952.088,121.268
7.808,1035.292,157.624
8.540,1071.648,154.696
-32.452,1092.388,161.040
-9.760,1114.592,121.756
6.588,1160.952,52.460
-7.808,1189.012,21.716
-112.240,1154.120,-20.984
-201.056,1085.556,2.196
-166.896,959.896,25.376
-250.832,819.108,60.024
-48.312,674.904,-57.828
-254.492,529.236,-53.924
-313.540,391.620,30.744
-158.356,242.780,94.916
321.348,185.684,103.456
20.984,38.796,443.592
323.544,-99.552,434.320
771.772,-173.728,391.376
655.628,-181.536,560.224
1130.452,-55.144,531.676
1535.492,-86.132,593.896
1954.196,-99.064,956.968
2291.404,-253.516,1072.136
2225.524,-467.992,1202.676
1986.404,-500.688,1306.864
1594.052,-452.620,1159.976
1101.904,-406.748,1044.320
673.440,-309.636,955.504
344.772,-316.468,746.640
168.116,-341.844,429.440
235.948,-325.984,40.260
462.624,-241.804,-371.856
275.964,-191.784,-479.948
5.612,-111.752,-344.772
-26.840,-158.356,-384.544
184.708,-277.184,-706.868
521.184,-228.872,-993.080
428.708,-107.116,-927.200
608.536,-157.136,-1089.216
1094.096,-178.120,-1438.868
1437.648,-185.928,-1673.596
1665.056,-125.660,-1778.760
1829.268,-99.796,-1822.924
1954.440,-158.600,-1867.088
1787.300,-253.760,-1606.984
1592.832,-351.116,-1327.360
1223.660,-455.060,-986.492
952.332,-451.400,-702.964
726.632,-479.216,-403.820
509.228,-532.408,-106.384
344.284,-605.364,288.896
244.488,-681.248,641.964
177.388,-703.452,948.916
326.716,-728.584,1041.636
421.876,-790.804,1097.024
642.696,-914.756,1120.936
661.728,-1022.360,1280.268
941.840,-1114.104,1323.700
1159.000,-1200.480,1361.520
1335.412,-1243.668,1315.404
1529.636,-1192.184,1155.584
1631.628,-1133.624,1033.584
1600.396,-1172.176,1021.628
1589.660,-1250.500,943.792
1560.624,-1331.020,756.156
1505.480,-1342.244,558.028
1640.900,-1226.832,178.364
1689.212,-1037.732,-193.248
1241.228,-925.004,-310.368
1356.396,-727.364,-533.628
1310.768,-706.136,-524.112
1395.924,-734.196,-476.532
1243.912,-733.220,-565.348
1478.884,-558.516,-769.576
1426.180,-470.920,-515.816
1383.236,-521.916,-377.224
1212.680,-575.840,-283.284
1213.900,-523.868,-268.644
1215.852,-492.148,-171.776
1391.532,-494.344,-148.840
1442.528,-485.804,-41.724
1562.820,-373.564,-89.060
1240.252,-127.124,23.180
869.860,144.936,-81.496
508.740,524.844,-49.288
438.956,849.608,-112.240
232.776,901.336,-64.172
200.080,799.832,-232.044
173.240,734.684,-273.524
164.212,705.648,-255.468
60.268,668.072,-181.536
2.928,650.260,-127.856
11.956,663.192,-89.060
34.892,678.320,-68.564
94.672,658.556,-114.924
112.972,654.164,-101.260
70.516,652.944,-82.960
54.168,631.472,-16.348
69.540,619.516,-77.348
90.768,652.456,-68.564
86.376,759.572,-131.516
116.632,792.024,-126.880
190.564,801.052,-152.256
197.884,851.804,-133.712
147.864,885.720,-41.236
133.712,883.524,-23.668
173.484,920.368,-86.864
171.044,976.488,-105.652
157.868,1023.824,-151.036
126.148,1019.676,-147.132
142.008,992.836,-228.872
157.868,1024.068,-260.836
148.352,1037.976,-228.872
107.116,993.568,-203.740
88.328,950.380,-151.524
126.392,945.988,-150.304
174.704,953.308,-133.712
162.016,936.960,-123.952
247.416,927.688,-202.520
254.980,994.544,-191.052
274.256,1026.020,-204.960
206.424,1024.800,-175.436
161.040,1020.652,-136.640
143.228,993.568,-135.664
194.468,983.076,-213.256
195.688,993.080,-185.684
189.344,995.520,-183.732
153.232,1011.868,-175.192
172.508,1026.264,-189.588
154.208,1025.776,-198.372
147.132,1018.944,-213.500
135.664,1017.480,-237.168
151.768,1046.516,-269.864
160.552,1087.996,-306.464
151.036,1118.008,-270.596
155.184,1109.224,-248.636
147.132,1101.172,-240.340
171.044,1109.224,-265.472
182.024,1113.616,-260.348
173.240,1122.644,-284.016
166.408,1137.284,-313.296
152.744,1127.036,-304.268
136.640,1123.376,-339.892
119.072,1136.064,-335.500
161.040,1171.200,-411.628
155.916,1176.080,-351.848
166.408,1145.580,-335.012
135.420,1096.048,-247.660
111.264,1083.360,-222.284
149.328,1073.844,-243.756
144.692,1053.836,-222.284
207.400,1000.400,-209.108
235.216,972.096,-165.432
284.504,952.088,-96.380
266.692,964.288,-33.916
204.960,983.564,-17.324
188.368,991.860,-63.196
219.844,970.876,-111.508
266.204,931.592,-157.868
271.328,930.372,-120.780
208.376,918.660,-34.892
172.752,872.544,37.332
144.448,855.220,72.956
206.668,875.228,21.472
157.136,933.544,19.032
201.544,958.432,-72.468
117.120,966.240,16.348
94.916,964.288,62.220
39.772,957.944,89.060
70.028,953.064,98.576
116.388,943.304,18.300
111.508,956.480,17.080
196.664,961.360,-8.784
146.644,954.040,59.780
141.276,975.268,130.296
108.336,982.588,113.216
98.332,948.672,85.888
84.668,896.456,85.400
68.808,842.776,112.484
53.436,796.660,158.600
45.140,781.776,167.872
-20.008,790.316,201.056
6.588,770.796,142.008
3.416,749.568,130.296
23.180,749.324,135.176
-22.448,769.088,202.032
-28.548,773.724,204.716
-40.992,791.292,197.884
-19.764,808.372,133.224
-53.924,856.928,129.076
-66.856,895.480,113.948
-100.284,918.904,113.948
-112.484,961.360,89.548
-100.040,1027.972,31.720
-127.612,1075.064,10.736
-151.768,1135.088,13.664
-154.208,1171.444,12.932
-142.740,1186.084,-32.452
-134.444,1218.292,-75.884
-152.500,1199.504,-110.532
-265.228,1132.648,-56.608
-268.156,1052.860,-67.344
-297.436,960.384,-4.392
-329.644,844.240,85.400
-233.508,713.700,75.396
-170.556,576.328,14.396
83.692,480.436,-60.512
161.528,305.000,10.492
271.328,228.872,150.548
703.696,131.272,109.556
480.436,93.696,254.492
810.080,165.920,245.952
797.636,143.716,138.104
880.108,167.872,231.800
1163.392,256.932,229.360
1442.040,256.444,226.676
1672.620,300.120,435.296
1740.208,321.836,697.352
1701.656,242.536,1052.128
1826.096,101.260,1279.780
1778.028,-86.864,1362.984
1611.132,-197.396,1360.056
1448.140,-227.652,1283.196
1290.516,-227.164,1065.304
1062.620,-175.924,899.628
798.612,-140.300,702.232
527.772,-104.188,492.392
344.528,-60.512,381.372
263.764,-63.928,193.492
186.660,-69.052,46.116
89.548,-96.380,-80.032
57.340,-100.528,-206.424
172.752,-118.340,-365.512
370.392,-101.260,-533.872
259.128,-74.176,-486.780
303.292,-69.784,-548.756
278.404,-80.276,-520.940
347.944,-73.200,-664.412
391.864,-54.168,-714.676
368.440,23.668,-594.384
488.000,-9.272,-720.044
521.184,-30.500,-762.012
599.264,14.396,-651.724
1009.916,-73.200,-818.620
1514.752,-160.796,-1203.652
1992.504,-143.716,-1541.836
2112.308,-127.368,-1541.104
2161.596,-196.664,-1391.776
2135.488,-294.752,-1174.616
1975.912,-343.796,-982.344
1753.872,-313.540,-820.572
1565.016,-326.716,-718.336
1319.064,-375.516,-572.180
1128.988,-360.388,-384.544
992.104,-380.640,-213.744
885.232,-450.180,-56.852
844.972,-541.924,93.208
800.076,-595.604,169.580
667.096,-552.172,235.948
515.328,-489.464,289.628
375.760,-475.312,338.672
329.156,-480.192,395.768
310.612,-429.684,586.088
288.408,-488.732,881.816
308.904,-675.636,1169.980
470.920,-791.780,1287.100
658.068,-860.344,1401.292
1005.280,-912.072,1357.128
1262.212,-954.284,1345.904
1178.032,-903.532,1396.656
1377.136,-935.496,1308.328
1562.576,-1042.124,1189.256
1868.308,-1109.224,1039.928
1923.452,-1148.020,863.028
1686.772,-1162.172,582.428
2083.272,-949.160,-37.820
1977.620,-884.256,-272.548
1875.140,-834.968,-446.520
1533.540,-821.548,-654.896
1260.748,-778.360,-818.132
1168.516,-674.904,-952.576
1138.748,-563.640,-1249.524
966.484,-388.448,-1283.928
762.988,-211.792,-1099.952
587.552,-92.964,-876.936
731.512,-114.680,-705.648
852.048,-154.208,-561.688
1104.100,-260.592,-386.252
1324.188,-407.236,-19.520
1456.680,-515.572,141.764
1576.484,-583.892,220.332
1806.576,-592.920,337.696
1855.864,-580.476,436.760
1972.740,-573.400,444.812
2030.080,-614.392,430.660
1804.868,-672.220,370.880
1548.180,-528.504,187.392
767.380,-358.924,230.092
-155.428,-44.164,273.280
-503.128,344.040,123.952
-332.084,396.988,73.688
-414.312,325.252,-113.460
-293.776,349.652,-202.764
-136.640,375.028,-158.844
-10.736,397.476,-109.312
100.528,490.684,-83.936
216.672,595.360,-19.764
365.268,722.484,-172.752
324.276,931.836,-156.160
352.824,1015.284,-230.824
347.456,1006.256,-383.080
302.316,1062.376,-355.996
252.296,1064.816,-362.584
226.432,1024.312,-448.960
161.284,1029.436,-414.800
121.512,994.788,-381.860
126.636,924.760,-395.036
101.016,907.924,-385.032
128.588,894.504,-323.544
108.092,875.472,-294.996
213.500,892.064,-307.684
230.580,906.948,-227.408
324.764,895.236,-260.836
406.260,891.820,-207.888
396.500,870.104,-149.572
356.240,879.864,-149.816
316.712,901.092,-138.104
343.308,920.368,-244.488
294.020,971.120,-256.688
286.212,956.724,-261.080
284.016,931.836,-276.940
284.016,947.940,-235.948
284.748,933.788,-218.624
285.480,920.368,-290.848
233.996,944.768,-278.404
240.096,951.356,-305.488
236.192,966.728,-379.664
226.920,999.912,-372.344
211.304,1025.044,-357.948
198.860,1019.432,-335.744
185.684,1015.040,-353.800
163.968,1035.292,-364.048
139.812,1071.404,-385.764
141.764,1086.288,-457.500
126.880,1105.320,-484.096
113.948,1104.588,-477.752
107.848,1087.508,-479.948
141.764,1075.308,-490.440
148.352,1083.360,-499.956
130.540,1106.784,-502.884
128.100,1108.004,-500.200
137.616,1114.592,-496.296
161.040,1130.452,-491.172
182.512,1123.376,-472.628
254.248,1101.660,-452.620
234.240,1110.200,-407.968
212.280,1124.108,-366.976
202.520,1142.164,-362.584
200.568,1150.460,-340.380
224.724,1123.864,-368.684
215.452,1089.216,-307.440
251.076,1059.204,-280.112
208.132,1040.904,-178.364
237.168,1034.804,-197.396
216.184,1031.632,-151.036
275.720,998.448,-179.340
267.668,977.220,-122.488
269.864,952.088,-95.404
239.120,932.324,-55.632
254.004,952.088,-93.452
138.836,939.400,-11.712
175.924,857.172,33.916
240.584,813.496,21.716
244.000,797.636,97.844
297.192,779.336,106.384
189.100,735.660,216.672
222.040,680.516,182.756
146.888,658.312,266.204
168.604,659.044,227.164
91.256,668.560,253.760
99.796,677.832,261.568
101.992,668.560,228.384
43.920,665.144,258.640
35.136,680.516,212.524
20.496,718.336,203.008
21.960,761.768,174.460
-32.696,799.100,157.624
-67.832,804.224,175.924
-53.680,823.012,163.724
-12.688,858.392,142.984
-58.072,909.388,169.580
-80.520,952.332,162.748
-157.136,991.372,150.060
-119.560,1031.388,95.160
-104.188,1082.384,67.100
-85.156,1116.788,74.176
-46.604,1135.576,51.972
-71.004,1171.200,77.104
-74.664,1185.108,61.976
-76.860,1201.212,57.340
-114.680,1208.532,51.240
-8.540,1186.816,-21.960
6.832,1116.056,1.708
-70.516,1035.536,64.660
31.232,943.304,10.980
88.328,814.472,3.660
261.324,699.792,-78.812
269.132,585.112,-120.048
275.232,413.336,-146.644
369.172,366.976,-73.688
265.716,229.604,136.396
616.832,140.544,166.408
879.620,26.840,39.528
811.056,43.188,226.920
1033.340,156.892,256.688
1348.588,225.944,202.276
1581.120,342.820,374.540
1903.444,374.540,542.900
1781.200,210.816,804.712
1559.648,51.484,1077.504
1537.688,-81.008,1263.432
1235.616,-204.472,1339.316
903.776,-281.820,1327.604
603.412,-349.164,1194.136
243.268,-451.644,1038.464
6.344,-447.984,846.680
-123.464,-413.336,609.268
-204.228,-386.252,284.016
-310.856,-366.244,-23.912
-195.688,-284.504,-305.488
-67.100,-186.904,-413.580
162.748,-193.248,-747.372
473.360,-202.764,-1162.660
516.060,-123.708,-1028.216
722.484,-85.644,-998.692
1151.924,-85.888,-1197.064
1580.876,-137.128,-1397.632
2009.828,-158.600,-1838.540
2173.308,-16.104,-1776.320
2175.016,-57.584,-1773.636
2135.244,-173.240,-1712.148
1910.520,-330.620,-1460.340
1428.620,-423.096,-1151.680
1018.212,-476.532,-846.192
643.672,-507.032,-544.364
348.432,-553.880,-334.036
160.308,-623.908,-43.920
56.364,-672.220,112.240
201.544,-699.548,422.364
158.112,-755.180,833.260
150.304,-909.144,1163.636
397.720,-1080.920,1330.288
832.040,-1196.088,1252.940
1203.652,-1197.064,1414.468
1408.612,-1208.288,1455.948
1421.300,-1210.972,1441.552
1538.664,-1205.360,1547.692
1765.340,-1178.520,1596.980
1828.292,-1261.236,1452.532
1832.440,-1221.464,1301.008
1645.048,-1163.148,1145.336
1918.572,-1049.932,796.904
2039.352,-1091.168,316.956
2030.324,-1147.532,-162.016
1855.132,-1098.000,-443.836
1485.228,-932.324,-572.180
1580.632,-770.796,-823.256
1211.948,-689.788,-938.912
1000.644,-518.744,-915.732
748.836,-453.596,-958.188
725.168,-356.240,-909.144
683.688,-313.052,-770.308
622.688,-293.532,-647.332
616.100,-270.108,-522.892
656.116,-211.792,-423.828
811.300,-223.748,-343.064
976.976,-279.868,-249.368
1155.828,-366.000,70.028
1385.676,-511.668,344.040
1508.408,-661.240,542.412
1701.412,-697.108,501.420
1865.624,-600.728,355.264
1731.424,-428.952,388.692
1654.808,-335.012,286.944
1255.380,-192.272,383.080
665.876,160.308,334.524
286.212,609.268,-41.480
90.036,900.116,-116.632
-47.336,852.048,-399.184
-49.776,807.640,-491.416
-147.620,734.928,-441.884
-145.424,654.164,-398.696
-95.648,533.140,-271.572
-50.264,462.868,-122.488
-15.372,473.604,-109.312
100.284,570.960,-164.944
75.396,705.404,-260.592
45.872,815.692,-290.604
113.460,817.156,-301.828
126.392,862.784,-321.592
99.552,858.148,-253.516
170.068,845.216,-294.020
229.360,909.876,-316.956
235.460,947.452,-257.176
193.492,905.972,-234.240
241.072,859.856,-376.248
174.704,925.492,-266.936
170.556,929.152,-277.428
200.324,954.528,-318.664
242.780,1008.452,-279.136
245.708,1019.432,-266.448
286.944,1010.160,-290.604
277.672,997.960,-257.908
272.548,970.632,-271.084
275.720,968.924,-275.964
247.172,968.436,-261.812
215.452,958.676,-265.472
170.556,930.372,-228.628
217.648,917.684,-299.876
213.744,922.564,-274.012
202.276,896.456,-272.792
134.688,864.736,-213.500
166.408,844.728,-275.720
135.908,879.132,-260.836
171.044,910.852,-298.412
218.624,942.816,-351.604
243.024,968.924,-350.384
234.484,980.880,-317.444
219.600,968.436,-300.364
198.372,988.444,-307.684
194.468,1003.328,-302.804
237.656,1000.156,-330.864
229.360,1003.328,-318.176
213.988,975.512,-300.120
226.676,979.172,-366.000
185.684,1025.776,-352.824
164.456,1029.924,-358.192
113.948,1022.360,-339.160
86.132,1017.724,-368.684
66.368,1006.744,-345.016
64.416,1004.792,-373.320
140.788,1046.272,-507.276
124.684,1087.020,-434.808
110.044,1081.896,-437.736
98.088,1085.312,-456.524
135.176,1121.424,-487.268
163.480,1169.492,-545.828
151.036,1178.032,-506.788
157.380,1144.848,-469.212
154.940,1107.028,-424.804
184.464,1082.872,-365.024
198.616,1075.308,-319.640
202.764,1066.768,-282.064
222.284,1056.032,-286.212
231.312,1037.000,-289.872
229.848,1018.700,-237.900
248.148,983.320,-196.420
274.744,951.600,-170.800
292.556,950.136,-153.720
283.284,954.284,-122.488
268.400,937.692,-75.152
246.684,914.268,-7.564
280.356,887.916,-2.928
269.376,901.092,-83.204
214.476,939.644,-43.188
236.680,940.864,-68.076
183.000,951.844,-48.312
189.588,968.924,-37.088
176.900,992.348,-35.624
152.500,996.740,-22.448
166.652,1008.940,-74.420
141.276,995.764,-70.760
197.884,979.660,-72.956
203.740,976.732,3.172
173.972,946.232,89.548
131.028,898.408,154.208
103.944,893.284,194.956
50.020,880.108,212.768
88.572,857.660,134.200
59.292,879.132,87.596
12.444,912.804,124.684
63.684,929.396,59.048
-6.832,924.760,69.052
34.892,922.076,105.896
48.068,909.144,115.900
32.696,879.620,161.528
59.292,848.388,181.292
51.972,822.524,170.312
40.992,809.836,144.692
28.792,826.184,164.212
37.332,825.452,120.048
5.612,844.728,108.580
-9.516,874.496,67.100
-22.204,904.264,55.876
-77.836,905.484,85.644
-52.460,869.128,73.200
-78.080,868.884,128.344
-55.144,872.300,117.364
-50.996,887.916,98.088
-82.716,919.636,127.124
-71.004,922.564,80.520
-98.332,922.808,82.716
-83.448,927.932,84.912
-118.096,938.180,111.264
-78.568,931.836,70.272
-82.472,940.132,66.368
-78.080,955.504,89.060
-64.904,956.724,37.820
-77.104,986.980,74.908
-73.932,1030.168,66.368
-84.180,1086.776,33.184
-127.124,1125.816,46.360
-134.200,1157.536,46.848
-149.816,1189.256,54.412
-175.192,1241.960,60.024
-186.172,1273.924,43.432
-223.260,1276.120,46.116
-199.348,1244.644,4.636
-145.424,1167.784,-49.776
-117.608,1101.416,-50.996
-30.012,942.572,-67.832
-227.652,848.144,27.084
-181.536,702.720,-40.504
-77.836,583.404,-14.152
342.576,510.936,-14.152
48.312,297.436,33.184
170.556,162.016,98.332
446.032,98.820,184.952
528.260,26.840,296.948
549.000,6.588,342.820
785.436,60.756,233.752
844.728,134.200,297.436
1215.608,274.500,364.292
1426.912,317.932,504.104
1623.088,317.200,725.900
1777.296,197.640,950.868
1800.720,68.320,1083.360
1840.004,-30.256,1070.428
1738.012,-86.132,1004.304
1555.988,-102.480,939.400
1277.584,-125.172,873.276
1026.752,-137.860,775.920
772.992,-115.168,665.876
575.108,-76.372,514.352
388.448,-43.676,324.032
366.732,-9.516,107.360
133.956,-11.712,-12.932
47.824,75.396,-33.184
170.556,30.012,-230.092
181.780,3.416,-323.056
152.988,-31.232,-373.320
132.004,-80.032,-443.104
353.068,-85.644,-517.524
440.908,-79.300,-523.624
386.740,-64.660,-478.972
493.856,-64.416,-663.924
513.376,13.420,-663.436
655.628,65.880,-714.188
860.344,20.496,-874.984
872.544,18.788,-862.540
1125.816,24.888,-1033.096
1343.952,7.320,-1215.364
1478.640,-10.492,-1243.180
1638.460,-25.376,-1287.832
1673.596,-93.208,-1252.696
1661.884,-166.896,-1182.668
1569.896,-233.020,-1038.220
1446.676,-300.608,-760.548
1281.488,-379.664,-543.632
1225.368,-424.560,-456.768
1040.904,-449.936,-314.760
925.004,-456.768,-183.976
835.700,-476.532,-26.840
761.036,-511.424,97.356
720.044,-495.320,197.152
786.168,-444.568,187.636
775.432,-474.092,280.112
757.864,-527.040,361.364
592.920,-536.068,527.528
681.492,-538.264,632.692
799.588,-646.600,731.512
820.816,-700.768,847.900
694.180,-752.252,950.868
768.356,-724.680,1089.704
856.684,-775.188,1086.532
1134.356,-811.300,956.724
1211.948,-754.204,884.744
1297.348,-716.140,751.276
1165.832,-735.904,736.148
1463.756,-749.812,624.884
1574.044,-828.380,523.380
1588.928,-833.016,588.284
1499.624,-915.244,732.488
1416.908,-1012.844,627.080
1660.176,-867.908,366.976
1720.688,-821.060,149.328
1667.496,-798.124,34.648
1565.992,-791.292,-32.452
1363.960,-790.560,-27.816
1358.104,-777.872,-105.164
1398.120,-702.720,-190.320
1386.164,-619.272,-314.272
1262.456,-554.368,-347.456
1181.692,-512.888,-405.528
1025.532,-441.396,-366.488
880.840,-387.716,-335.988
675.392,-335.744,-325.252
659.044,-267.912,-329.400
601.948,-222.528,-292.068
527.284,-218.868,-187.880
563.396,-261.812,-170.556
607.804,-281.088,-82.228
708.576,-297.192,11.956
786.168,-372.832,168.848
1060.912,-423.096,228.384
1261.724,-522.648,334.524
1471.320,-609.512,457.744
1767.292,-687.104,372.588
1914.180,-694.180,303.292
1952.976,-634.156,282.308
1801.696,-599.752,374.540
1416.176,-504.104,359.900
922.564,-367.952,111.752
334.768,-89.548,166.408
-399.428,331.352,402.600
-148.108,622.688,20.496
-241.072,643.672,-160.064
-262.300,730.292,-222.772
-154.696,701.988,-260.592
-132.248,648.308,-202.032
-54.412,587.796,-215.696
32.452,613.416,-136.640
152.256,696.864,-128.344
236.924,779.824,-173.484
249.124,836.188,-206.180
265.960,874.984,-169.336
256.200,891.576,-205.692
272.060,900.360,-216.184
292.312,959.896,-279.624
257.176,988.688,-230.824
284.016,959.164,-289.384
308.660,989.420,-315.004
306.220,995.032,-232.288
262.300,946.720,-222.772
280.112,900.360,-249.856
272.060,925.736,-252.540
276.696,931.104,-257.664
285.480,935.984,-280.844
311.100,950.136,-243.512
305.488,936.228,-209.840
335.744,922.808,-201.056
359.168,918.172,-186.416
370.392,937.204,-240.828
332.572,943.304,-191.784
331.840,935.496,-208.620
292.312,935.984,-201.788
266.204,922.320,-201.300
280.600,892.064,-256.200
293.288,915.488,-256.200
284.504,914.024,-221.552
268.156,886.208,-241.316
323.788,888.648,-312.808
289.628,932.080,-249.856
316.468,962.580,-278.892
325.740,980.392,-284.992
330.132,1008.696,-299.144
292.800,1047.492,-331.840
261.812,1083.116,-383.080
230.580,1110.688,-397.232
205.204,1125.328,-432.368
205.204,1140.456,-464.820
205.936,1128.256,-458.232
197.640,1108.004,-465.796
198.616,1113.616,-515.816
177.144,1147.776,-516.548
161.284,1183.888,-517.768
155.916,1199.016,-519.964
165.188,1210.728,-512.156
196.420,1215.608,-507.032
213.988,1201.700,-467.504
244.488,1189.256,-438.712
243.268,1184.864,-383.324
258.884,1158.512,-342.332
291.580,1118.008,-343.796
306.952,1104.100,-298.412
298.656,1089.704,-251.320
249.612,1083.116,-233.752
227.164,1059.692,-238.388
227.164,1017.724,-257.908
261.568,991.616,-258.640
296.704,949.160,-178.608
273.768,905.484,-103.212
289.872,836.676,-59.292
272.548,808.616,-99.308
211.060,846.436,-36.844
186.660,859.856,-12.444
112.240,830.332,25.376
98.820,818.376,82.960
104.432,785.192,117.364
142.252,747.128,129.320
189.832,722.728,147.132
242.780,704.428,183.244
213.012,697.596,276.696
180.316,691.740,313.540
123.708,699.548,344.040
141.276,702.476,298.412
131.028,726.388,250.344
101.748,769.820,236.436
78.568,790.560,229.116
0.976,797.148,247.904
-20.740,798.856,220.576
16.348,796.660,146.156
82.716,815.448,60.268
21.960,855.464,165.432
40.992,858.392,132.248
-0.488,869.860,112.484
23.180,905.484,101.016
13.176,929.640,78.568
-0.732,954.528,5.124
-97.356,965.508,75.640
-168.360,975.512,100.040
-177.388,980.636,35.624
-223.992,1016.992,67.344
-113.948,1023.092,15.372
-27.328,978.684,-52.948
12.932,911.340,-74.664
31.720,820.084,-14.396
43.432,648.064,96.624
335.744,515.084,118.828
490.196,308.172,100.284
966.972,250.588,-164.944
860.344,286.700,110.288
1063.596,212.768,151.036
1266.116,190.076,181.048
1458.144,124.684,292.800
1497.428,227.652,433.588
1653.588,278.404,489.220
1624.308,144.692,613.904
1813.652,55.144,709.064
1684.332,-47.092,834.236
1548.912,-74.176,922.076
1305.156,-123.708,944.036
1108.736,-155.428,892.308
972.340,-130.784,722.728
641.720,-140.544,642.452
416.752,-97.844,604.876
477.508,-152.500,396.744
437.248,-189.344,201.544
324.764,-164.700,19.276
225.944,-102.968,-155.916
-34.404,0.976,-54.412
20.984,-22.692,-207.156
156.648,-113.460,-427.976
390.156,-109.800,-539.240
529.236,-142.252,-667.584
583.648,-122.976,-679.540
521.184,-127.856,-553.880
469.944,-136.640,-476.288
623.908,-142.496,-581.940
858.392,-134.444,-811.544
891.576,-69.540,-792.024
999.912,-36.356,-882.060
1062.376,-85.888,-964.044
1307.108,-116.144,-1094.340
1585.512,-133.224,-1252.696
1601.860,-138.348,-1125.084
1694.092,-169.092,-1083.848
1724.592,-239.852,-1135.332
1694.092,-288.408,-1065.792
1644.804,-323.300,-981.368
1463.756,-339.648,-835.212
1332.240,-380.152,-705.892
1224.880,-460.672,-586.332
1017.968,-588.772,-384.300
795.440,-610.976,-156.160
601.704,-593.652,119.560
474.092,-546.316,303.048
671.244,-596.824,323.300
769.088,-669.780,406.016
776.408,-720.044,477.020
661.484,-706.868,630.984
526.552,-672.952,749.324
546.072,-649.528,816.912
725.656,-671.000,823.744
831.552,-660.996,896.944
860.832,-662.216,1061.888
796.172,-758.352,1202.188
1078.236,-841.800,1116.544
1344.440,-867.420,1063.352
1470.588,-882.304,1029.436
1460.828,-913.780,1022.604
1396.656,-953.796,919.392
1381.528,-933.544,796.172
1508.164,-910.608,571.692
1569.408,-904.752,322.812
1670.424,-787.876,192.760
1492.304,-797.148,29.036
1259.528,-781.776,28.548
1404.220,-795.928,-111.264
1413.004,-793.732,-153.720
1412.760,-747.860,-334.524
1093.852,-648.552,-324.276
1121.912,-551.196,-444.568
1122.644,-480.192,-489.952
1099.220,-429.684,-521.184
1013.332,-386.984,-428.220
816.180,-411.628,-326.228
744.444,-398.452,-233.264
870.836,-396.500,-281.088
870.104,-365.512,-351.116
837.652,-309.636,-270.108
817.156,-319.152,-151.524
838.628,-384.788,-25.376
946.232,-420.656,84.180
1033.340,-420.900,120.780
1222.440,-361.608,36.356
1410.320,-320.128,-2.440
1299.788,-235.460,296.948
1421.056,-233.996,262.544
1700.192,-285.724,71.248
1543.544,-161.528,275.232
1423.252,9.760,211.304
1214.632,145.180,81.252
848.388,359.656,114.192
413.580,595.360,160.552
261.568,798.368,85.400
264.984,854.488,-24.888
271.084,816.912,-184.220
214.476,771.284,-168.116
145.424,662.948,-125.172
66.856,561.444,-79.300
19.520,542.656,-68.808
16.348,557.784,-74.420
7.320,595.848,-60.512
20.252,641.232,-122.244
27.816,699.304,-157.380
29.280,779.092,-181.292
41.724,823.256,-187.880
31.476,856.684,-182.024
32.696,891.576,-197.396
79.300,942.084,-230.580
124.684,974.292,-189.832
207.400,992.348,-269.132
204.228,1028.216,-251.808
216.672,1048.224,-256.688
204.228,1041.636,-257.908
198.616,1007.720,-210.572
210.084,984.784,-254.980
192.760,988.444,-247.904
251.564,986.492,-226.188
222.528,976.000,-243.756
193.980,963.068,-189.832
193.980,944.280,-191.052
198.616,943.060,-206.424
208.132,942.816,-216.916
195.688,950.380,-230.580
218.624,958.920,-231.556
239.852,957.700,-232.776
247.416,957.944,-234.728
258.884,958.188,-226.676
252.784,947.208,-211.060
259.860,939.644,-210.328
282.796,931.104,-227.408
262.788,944.768,-246.440
253.516,972.584,-229.848
219.600,999.424,-241.560
172.996,1029.436,-296.704
151.524,1071.160,-364.048
139.812,1125.572,-409.432
114.192,1150.948,-477.264
96.868,1166.320,-518.988
127.368,1195.356,-555.832
167.384,1245.132,-577.792
240.828,1252.208,-540.704
257.176,1232.932,-459.208
304.268,1200.724,-462.380
258.884,1208.044,-390.644
333.304,1211.460,-376.004
380.884,1214.388,-370.636
380.152,1224.148,-393.816
442.860,1240.740,-460.184
447.496,1250.012,-476.288
492.148,1218.536,-508.984
424.072,1168.516,-410.896
431.148,1084.092,-303.292
521.916,1035.292,-263.520
509.716,977.708,-185.196
514.108,945.988,-69.540
502.884,874.984,-5.368
430.172,826.916,46.360
373.564,811.300,72.712
303.048,810.324,68.320
265.960,818.620,48.068
302.072,822.036,-0.732
265.960,841.068,3.660
229.848,879.620,-6.344
235.460,880.596,9.516
232.288,836.188,86.620
247.904,777.140,161.528
247.416,719.800,219.600
214.720,692.472,281.088
157.868,645.136,294.996
112.728,605.364,333.060
126.880,586.820,345.016
131.516,576.328,367.220
226.920,591.944,300.852
192.272,627.324,289.140
142.496,667.828,295.728
129.808,720.776,241.072
137.860,750.788,178.852
117.120,789.340,184.220
129.808,809.592,150.304
105.164,825.940,160.064
67.588,844.728,167.140
43.676,869.860,159.820
-22.448,874.008,119.316
-13.908,898.896,102.968
3.172,921.588,84.668
-93.208,922.564,32.696
-120.536,942.084,16.348
-56.608,905.240,77.836
-166.652,797.636,120.048
179.584,694.912,-4.392
406.260,602.680,-81.496
293.044,509.960,101.504
521.428,418.460,132.492
989.664,322.568,13.176
821.792,236.192,196.420
923.052,232.044,214.476
1055.544,189.832,39.040
1135.332,160.552,41.480
1327.848,172.996,-2.684
1392.508,148.352,27.328
1365.180,106.628,94.672
1404.220,42.456,171.044
1382.260,50.264,272.060
1315.648,80.764,406.016
1455.704,201.056,546.560
1338.584,284.748,786.168
1456.680,254.736,841.800
1541.592,160.308,914.024
1498.160,35.624,984.540
1382.260,-80.032,981.856
1212.680,-144.204,944.036
1014.308,-172.508,894.016
679.296,-218.380,858.148
358.192,-231.068,824.476
183.488,-281.820,682.468
113.460,-366.976,490.196
202.032,-407.480,214.720
166.896,-345.748,70.516
97.600,-305.488,-84.424
70.516,-300.608,-220.088
345.260,-316.712,-510.204
417.484,-265.716,-659.776
538.264,-199.836,-741.516
422.852,-203.984,-710.772
650.260,-182.756,-866.200
819.108,-195.200,-1027.972
964.288,-188.612,-1080.188
1108.980,-190.320,-1196.088
1108.980,-197.640,-1278.316
1316.136,-195.444,-1492.060
1501.088,-210.816,-1654.320
1550.376,-208.620,-1684.332
1516.460,-268.888,-1670.912
1361.764,-304.512,-1517.192
1200.968,-291.824,-1241.228
1130.940,-375.272,-1043.832
1021.140,-522.160,-846.680
885.964,-672.708,-641.232
808.372,-709.064,-469.944
611.708,-594.140,-248.636
479.704,-651.968,30.256
547.048,-821.792,192.028
692.960,-796.904,357.460
732.000,-620.980,518.988
732.488,-663.924,706.380
663.924,-905.484,904.020
911.584,-935.252,1148.508
1166.076,-1034.316,1355.664
1287.344,-1080.432,1344.684
1338.828,-1067.256,1286.124
1509.140,-1017.968,1236.348
1466.928,-912.316,1284.904
1423.008,-938.424,1152.168
1457.656,-979.660,994.056
1585.268,-940.376,729.560
1647.976,-889.380,549.976
1665.056,-887.428,554.124
1633.580,-1010.892,463.112
1369.572,-1204.872,325.252
1564.284,-1110.932,23.668
1708.976,-982.344,-613.660
1432.036,-729.316,-677.100
1473.272,-581.696,-637.572
1362.984,-593.896,-531.676
1133.868,-698.572,-485.316
836.188,-700.524,-446.520
831.796,-567.788,-516.792
948.916,-461.160,-517.280
979.904,-369.660,-602.680
944.280,-282.796,-500.688
1088.240,-301.096,-458.964
1372.500,-405.040,-432.124
1636.752,-547.292,-254.736
1733.376,-590.968,52.460
1695.068,-612.928,74.908
1406.904,-420.656,2.196
987.956,-135.176,58.072
114.924,300.852,302.072
-16.836,701.500,38.552
347.700,900.116,-210.328
226.188,908.656,-201.788
315.004,828.868,-338.672
300.120,796.416,-229.116
291.824,681.248,-243.024
166.896,606.096,-101.260
109.800,588.040,-112.972
75.884,602.192,-110.532
84.668,650.016,-160.308
144.204,682.468,-211.792
201.544,762.988,-270.108
207.644,796.904,-219.600
240.584,807.152,-308.172
227.652,899.628,-245.708
191.784,925.980,-248.636
152.500,892.064,-243.268
207.156,928.176,-275.232
210.816,946.232,-199.836
223.992,916.708,-254.980
260.348,933.300,-290.848
280.600,973.072,-241.316
291.092,968.924,-300.364
260.348,969.168,-230.824
242.292,950.868,-251.076
283.040,986.736,-291.580
282.796,1008.696,-235.948
278.648,958.676,-247.660
295.972,934.520,-269.864
273.768,932.568,-193.248
264.740,890.356,-208.620
305.976,881.084,-253.272
302.804,909.876,-175.924
282.796,886.940,-180.804
284.504,885.964,-212.280
285.480,942.572,-197.884
294.264,953.552,-212.768
299.388,962.580,-239.120
302.316,954.528,-199.836
286.944,924.760,-204.472
305.732,952.088,-249.612
296.460,979.660,-209.596
245.708,952.332,-213.256
208.132,901.336,-192.516
265.228,894.748,-248.148
262.300,930.616,-211.060
270.840,924.516,-221.308
245.952,924.516,-219.600
255.468,932.080,-233.264
280.112,953.308,-242.048
271.328,950.136,-213.988
271.816,924.516,-209.596
275.476,925.004,-208.376
285.968,946.232,-212.036
308.660,948.916,-212.036
294.020,943.304,-201.544
300.852,936.716,-205.448
291.824,949.404,-195.444
307.928,940.620,-211.792
290.604,937.448,-205.204
275.476,925.004,-196.908
268.644,926.712,-204.228
248.148,923.784,-156.404
236.192,893.528,-158.844
297.924,891.332,-256.688
306.952,952.088,-219.844
321.348,967.948,-232.532
274.988,941.840,-205.448
264.008,909.632,-194.224
286.700,933.544,-206.912
284.748,954.772,-185.196
273.280,945.256,-185.196
294.264,941.352,-186.660
295.240,945.744,-180.072
322.324,946.720,-210.084
323.300,957.212,-192.760
308.660,942.084,-173.972
308.904,928.908,-203.740
296.216,937.448,-200.324
287.188,932.812,-210.816
286.700,933.544,-234.484
272.304,940.376,-213.256
272.792,929.640,-205.204
271.572,919.148,-197.396
276.452,926.956,-204.472
277.428,948.672,-227.652
269.376,951.356,-213.012
256.688,928.176,-193.248
258.884,909.876,-179.096
258.396,900.116,-174.704
304.268,934.276,-235.704
301.584,970.876,-196.664
291.336,959.408,-209.352
260.104,920.856,-181.292
274.500,901.092,-203.496
288.652,928.908,-217.160
295.240,938.180,-238.632
304.268,958.188,-226.920
