acc_x[mg],acc_y[mg],acc_z[mg]
-174.948,979.172,23.912
-198.616,972.096,41.236
-148.840,1004.792,-25.864
-112.972,997.960,-65.636
-146.644,972.584,-34.160
-150.060,959.896,-22.448
-141.520,967.948,-21.472
-124.928,971.852,-34.648
-158.112,972.584,-9.516
-191.296,995.520,-7.076
-189.832,988.688,-10.248
-184.952,974.292,-7.320
-168.360,966.728,-13.908
-177.388,973.072,-2.196
-177.388,982.832,-20.496
-172.508,966.728,-28.304
-171.288,959.896,-9.272
-178.852,953.796,-4.880
-173.972,948.672,-7.808
-178.120,952.576,-5.124
-180.316,948.672,10.736
-173.972,955.016,5.612
-181.292,965.996,14.640
-168.360,973.560,3.172
-132.004,984.296,-47.824
-147.864,989.908,-25.132
-129.808,990.640,-35.136
-125.416,981.612,-38.552
-139.324,991.372,-28.060
-137.372,995.520,-32.452
-130.540,983.076,-42.944
-142.252,985.028,-39.284
-168.116,983.320,-3.172
-147.864,970.144,-16.104
-135.908,971.120,-33.184
-159.088,981.612,-15.372
-172.752,966.240,13.420
-158.356,956.236,1.220
-159.332,969.656,-4.392
-168.116,978.196,-6.832
-153.964,972.828,-25.132
-112.728,976.000,-94.916
-131.028,995.032,-101.016
-164.944,979.660,-47.824
-156.160,955.748,-28.060
-151.768,969.412,-33.428
-124.196,991.860,-81.008
-146.400,989.908,-74.664
-172.996,994.056,-53.192
-165.188,979.416,-46.116
-172.020,967.704,-26.596
-185.928,963.556,-15.616
-180.804,961.116,-27.328
-171.776,966.240,-50.996
-180.316,967.460,-45.140
-159.576,969.168,-64.172
-157.868,964.044,-67.100
-155.916,961.360,-63.928
-149.084,974.536,-77.592
-172.264,978.440,-58.072
-158.844,978.440,-58.072
-129.320,982.344,-97.112
-156.648,974.292,-68.808
-159.088,973.072,-40.992
-145.424,976.976,-66.612
-168.604,973.560,-51.240
-177.632,970.144,-23.424
-160.796,971.120,-39.528
-179.828,970.632,-17.324
-182.756,969.656,-12.200
-173.484,972.828,-13.908
-149.084,984.052,-39.528
-144.204,995.520,-49.288
-141.032,999.180,-53.192
-142.496,1004.792,-68.320
-158.600,1004.060,-62.220
-188.368,990.396,-53.436
-183.976,989.420,-74.420
-190.564,993.080,-78.324
-218.624,1006.012,-71.492
-213.988,1004.304,-78.324
-223.260,990.152,-47.824
-250.100,986.004,-32.940
-283.040,985.272,-54.656
-346.724,1012.112,-111.020
-431.636,1057.984,-169.580
-527.040,1096.292,-227.408
-512.644,1114.836,-292.068
-642.208,1127.524,-335.744
-631.472,1052.372,-311.832
-511.180,893.772,-192.760
-665.388,823.012,-24.400
-996.984,838.140,-138.104
-793.000,413.092,-129.076
-180.316,-42.700,-67.588
-138.104,-283.528,637.572
101.260,-473.360,836.676
843.752,-524.356,112.240
1408.124,-61.244,-483.120
1379.820,-241.804,-190.320
1225.368,-559.980,501.908
1510.848,-653.432,680.272
1581.120,-528.748,455.060
1657.492,-290.604,187.148
1573.800,-300.120,282.308
1439.356,-330.864,399.184
1466.684,-246.440,355.752
1323.944,-115.656,343.552
1388.360,-5.856,289.140
1205.848,74.176,309.636
1135.088,127.124,449.692
1057.008,113.948,553.392
983.320,131.516,613.416
1095.804,137.860,569.496
1020.896,150.060,597.312
1047.004,141.032,588.284
1159.732,91.500,545.340
1018.212,49.532,544.364
903.044,57.340,563.396
872.544,57.340,550.464
781.288,25.864,521.916
676.368,41.724,470.432
581.208,12.444,453.840
558.272,-33.184,421.876
562.908,-42.212,328.912
558.028,-53.192,227.408
539.972,-76.128,208.864
534.116,-100.772,119.560
567.056,-91.744,0.976
502.640,-66.124,-92.232
538.508,-55.388,-99.064
561.444,-100.772,-178.120
690.276,-103.212,-300.852
750.300,-58.072,-433.100
650.504,-91.744,-342.088
703.452,-112.484,-324.764
814.716,-162.260,-383.324
893.528,-209.352,-437.736
1054.568,-210.816,-542.412
1088.972,-190.564,-602.436
1079.944,-232.288,-530.456
1151.436,-301.828,-521.184
1168.516,-340.868,-512.156
1238.544,-356.972,-504.592
1298.568,-391.620,-517.280
1392.752,-444.080,-560.712
1475.956,-504.836,-544.608
1563.552,-542.900,-531.188
1493.524,-519.476,-445.788
1249.524,-544.364,-223.992
1315.160,-565.104,-133.468
1290.028,-594.140,-93.452
1187.792,-562.908,-68.320
1169.004,-529.236,-35.136
992.836,-534.116,140.788
890.356,-504.348,293.776
701.744,-464.088,364.292
609.512,-430.416,380.640
703.940,-466.772,386.008
686.128,-509.960,526.064
636.840,-519.232,723.216
485.072,-490.928,782.508
373.320,-441.152,798.368
582.184,-459.452,743.956
609.512,-478.240,638.060
705.648,-479.460,480.192
727.120,-471.408,528.992
709.064,-528.748,680.516
705.648,-562.908,661.240
776.652,-620.004,576.328
984.540,-641.720,537.776
1016.016,-635.132,567.056
993.568,-722.240,699.792
1171.688,-846.436,732.000
1410.808,-861.320,636.596
1421.544,-856.196,556.564
1413.248,-809.592,495.808
1436.184,-815.204,448.228
1503.528,-769.088,356.484
1514.752,-735.416,242.048
1459.852,-749.568,191.296
1332.484,-782.264,233.996
1366.400,-791.780,144.448
1474.004,-784.704,-13.908
1375.428,-767.136,-87.108
1206.092,-701.256,-79.056
1130.696,-664.656,-121.024
1075.308,-608.536,-165.188
978.440,-542.900,-217.892
848.388,-487.512,-246.196
734.440,-433.344,-212.280
732.732,-386.740,-209.352
729.804,-345.016,-186.416
721.752,-292.312,-170.800
714.920,-274.744,-143.960
715.164,-244.488,-118.340
754.204,-244.000,-37.088
786.656,-242.780,52.460
842.776,-244.244,92.476
886.940,-261.324,170.556
987.956,-261.324,236.436
1107.272,-258.396,243.024
1187.548,-271.328,266.204
1172.176,-254.736,341.600
1312.964,-279.624,398.940
1592.588,-377.956,562.664
1926.868,-526.796,666.608
2063.508,-583.404,526.552
2018.856,-544.852,481.656
1709.464,-626.104,665.388
856.196,-310.124,848.144
62.952,154.208,651.480
-156.160,597.800,321.592
433.832,554.124,-105.164
-191.784,438.712,29.280
-601.460,418.704,-143.716
-648.552,488.000,-396.012
-625.616,594.872,-470.432
-545.828,621.712,-360.144
-397.720,663.924,-266.692
-277.672,691.008,-124.440
-58.316,770.552,-120.536
93.696,867.664,-164.944
186.904,965.752,-170.800
194.224,1040.660,-105.896
213.012,1066.280,-47.824
201.788,1030.900,-2.684
305.732,1009.916,-83.204
219.356,990.396,0.000
173.728,946.964,51.240
310.124,985.516,-77.836
198.372,1005.036,-18.788
112.972,979.660,38.552
99.796,942.816,11.712
293.532,963.556,-191.540
173.484,969.168,-122.488
170.556,966.484,-99.308
242.780,983.808,-127.856
245.952,968.680,-65.392
277.916,959.652,-65.148
275.476,971.364,-96.868
244.244,974.780,-86.132
268.156,990.884,-125.416
264.740,1016.504,-162.992
261.324,1038.464,-181.780
261.568,1058.228,-182.024
313.296,1067.744,-202.520
325.252,1093.608,-216.184
329.156,1104.100,-215.452
328.912,1071.892,-169.580
315.736,1052.616,-122.244
341.112,1078.236,-143.228
312.320,1095.804,-164.944
285.724,1106.540,-147.376
312.076,1070.916,-120.780
384.300,1032.120,-146.156
324.764,1005.768,-89.060
301.340,981.124,-40.260
268.644,1004.304,-51.972
233.996,1040.172,-98.576
310.612,979.904,-138.836
317.200,970.632,-129.564
358.924,985.516,-149.328
363.316,988.444,-111.752
334.280,974.536,-56.852
344.528,996.252,-104.432
344.284,988.444,-125.416
314.272,975.756,-55.632
324.276,998.936,-59.292
261.568,1007.964,-41.480
300.120,969.900,-10.736
315.492,972.828,-16.592
276.696,1011.380,-63.928
256.444,1011.624,-56.852
242.292,1000.644,-26.840
317.200,995.032,-81.252
368.928,968.192,-109.312
291.580,939.156,-6.832
254.980,936.228,62.952
340.136,994.544,-34.160
287.188,990.640,-17.324
247.660,931.104,81.740
345.016,912.316,77.592
269.132,971.364,67.588
198.128,1005.524,68.808
185.440,1008.696,49.532
166.652,1003.328,15.616
142.008,976.976,13.176
198.616,934.032,10.004
223.016,918.416,49.044
185.928,936.716,55.388
179.096,955.992,33.916
130.052,968.924,53.680
129.808,924.516,97.112
170.800,874.984,132.492
244.488,868.884,113.460
183.732,859.612,189.588
161.528,841.800,233.508
170.068,869.372,167.872
228.384,877.668,65.148
119.804,837.652,138.348
10.004,814.472,242.780
-0.732,797.392,286.212
38.308,802.760,268.644
87.108,821.304,183.488
97.112,837.164,102.968
33.672,841.556,141.276
-74.420,834.480,239.120
-88.084,825.208,279.380
-35.868,863.760,211.304
-3.416,902.556,125.416
32.696,886.696,101.016
3.172,900.848,130.784
-8.052,909.388,149.328
8.784,917.440,163.968
80.032,922.564,145.668
18.788,943.304,164.456
9.272,968.680,142.740
47.824,1004.792,91.744
55.632,1037.976,87.108
85.888,1026.508,110.532
95.160,1037.732,123.952
83.936,1051.396,115.412
60.024,1083.848,94.672
43.188,1095.560,76.128
-21.716,1096.780,59.536
-49.288,1082.872,66.368
-42.212,1057.008,65.392
-29.280,1032.608,92.232
24.888,1002.108,88.328
4.148,1003.328,68.808
68.564,1019.432,-51.972
-16.348,959.896,-76.616
-72.712,873.032,-75.884
-245.220,789.584,-103.456
-831.064,676.368,-108.580
-497.760,272.060,-95.160
394.060,-162.016,185.928
521.916,-78.812,794.464
931.348,-419.192,793.488
1243.912,-130.540,-245.464
1669.204,103.700,-644.648
1533.296,-228.384,98.576
1411.784,-306.708,410.652
1399.096,-169.580,373.320
1363.716,-86.376,132.980
1297.104,0.244,134.200
1148.264,-23.668,298.412
1034.804,-8.296,369.904
1049.932,28.792,359.900
1037.000,58.316,382.592
1068.964,78.812,368.440
1127.280,78.080,398.452
1171.444,18.300,442.128
1208.288,3.416,508.984
1229.272,47.092,467.992
1152.900,95.892,528.016
1249.280,120.780,564.372
1176.568,102.968,611.708
1222.440,94.428,665.144
1179.008,91.988,637.084
1177.788,64.416,647.820
1152.656,55.388,597.312
999.668,50.508,638.792
895.480,45.140,646.600
774.944,37.576,629.520
722.728,74.420,556.320
591.944,121.268,476.532
460.184,130.296,501.664
575.840,79.788,449.448
583.404,-4.148,393.816
581.208,-37.088,356.972
524.844,-21.472,298.656
499.712,-21.716,240.096
542.900,-25.376,156.160
518.012,1.708,89.792
598.776,-15.128,-9.028
584.380,-33.916,-82.472
634.400,-37.088,-81.496
655.140,-18.056,-87.596
659.776,-8.052,-147.620
641.476,7.320,-171.776
640.256,-64.660,-81.984
807.640,-135.420,-145.668
908.656,-149.816,-220.332
919.392,-108.580,-285.724
1021.628,-160.552,-348.432
1230.980,-243.512,-472.384
1270.508,-216.916,-502.640
1155.096,-164.944,-498.004
1110.200,-200.324,-518.256
1079.456,-275.720,-450.424
1227.320,-287.920,-463.112
1192.428,-351.116,-386.252
1296.372,-396.256,-440.664
1392.508,-405.040,-511.424
1397.876,-371.856,-509.716
1361.276,-427.976,-442.860
1416.420,-489.220,-372.588
1389.580,-466.772,-305.244
1414.956,-465.552,-273.280
1439.112,-476.288,-265.472
1372.500,-472.628,-183.976
1270.752,-471.896,-65.392
1196.088,-451.888,14.396
1154.120,-432.368,11.712
1071.648,-408.944,32.940
883.280,-386.008,102.968
821.792,-340.136,159.820
810.568,-320.372,135.420
751.520,-266.448,106.628
621.956,-230.336,182.268
525.820,-220.820,264.740
506.056,-260.348,269.132
649.772,-343.308,327.204
612.440,-399.428,486.780
532.164,-373.076,609.024
529.236,-346.236,599.020
627.080,-363.560,559.736
746.884,-375.516,515.572
796.660,-356.484,570.472
779.824,-400.160,587.064
914.512,-443.592,514.352
919.148,-446.520,395.036
1043.588,-393.328,361.120
984.784,-405.528,515.572
995.520,-466.528,676.124
1108.980,-474.092,630.252
1182.912,-462.624,517.524
1301.984,-435.296,411.384
1149.240,-478.240,485.804
1009.184,-525.088,640.500
828.380,-611.708,854.732
1145.092,-633.424,644.648
1217.804,-644.892,474.824
1153.632,-602.680,361.120
1153.876,-577.060,298.168
1077.260,-604.876,375.516
1119.716,-637.572,366.244
1058.472,-680.272,337.452
1199.992,-674.416,230.092
1300.276,-680.760,113.216
1225.856,-700.280,78.568
1260.016,-687.592,27.816
1278.804,-671.244,-34.648
1277.096,-652.944,-38.064
1225.124,-638.304,-35.380
1071.160,-623.420,5.124
1079.700,-599.996,25.376
1161.440,-527.284,-169.336
1029.436,-447.496,-153.232
899.628,-450.424,3.416
851.560,-456.036,52.704
942.328,-411.872,-47.580
809.104,-354.532,-19.764
730.780,-327.204,0.732
778.604,-301.828,-10.492
798.124,-276.696,-16.104
757.376,-275.232,54.412
726.632,-265.960,87.352
790.560,-251.320,86.132
794.464,-281.088,153.232
851.804,-298.412,201.544
897.432,-296.704,207.644
919.148,-307.928,264.740
903.044,-314.028,288.408
979.904,-318.664,307.440
1009.672,-320.860,301.340
1068.232,-305.732,294.264
1177.788,-338.428,318.420
1349.564,-332.084,375.028
1207.556,-388.448,575.840
1185.596,-312.808,414.068
1473.028,-258.152,126.880
1406.416,-276.208,391.620
1256.844,-346.236,713.700
1369.572,-378.200,676.612
1809.504,-406.016,298.656
1634.068,-371.368,324.764
1013.088,-278.160,615.856
702.720,-69.296,407.236
-192.028,523.624,256.932
364.048,563.884,35.868
395.524,432.124,-4.636
-290.848,503.372,114.436
-113.948,519.720,-173.728
-277.428,707.844,-293.776
-374.540,767.380,-255.468
-280.844,927.200,-327.204
-171.044,950.624,-304.024
-71.492,941.596,-159.576
38.552,995.520,-51.972
145.912,1017.236,-47.336
183.488,1050.176,6.100
159.088,997.960,92.720
144.448,989.664,96.136
143.960,950.380,92.720
160.796,954.284,43.920
158.600,959.164,-19.032
162.260,1009.428,-79.544
107.604,1008.452,-66.612
148.108,979.172,-56.608
164.944,939.156,-30.256
265.472,938.424,-109.556
197.152,967.948,-51.240
228.628,1005.524,-78.324
267.668,1012.112,-87.108
282.308,1015.284,-93.208
286.700,1039.440,-98.576
254.980,980.148,-22.936
268.400,976.732,-6.832
258.152,1061.400,-40.992
217.892,1086.044,-98.576
237.412,1122.644,-167.628
233.752,1121.180,-133.956
218.380,1078.724,-95.892
259.128,1112.152,-180.316
191.540,1104.344,-165.432
192.516,1118.252,-218.624
175.680,1151.192,-300.608
137.616,1081.164,-235.948
165.188,1044.320,-170.312
150.060,1034.072,-132.492
131.272,1002.840,-85.156
177.388,1000.400,-122.244
263.520,1063.352,-279.624
199.104,1038.464,-116.388
194.224,975.024,38.064
188.856,992.104,6.588
192.028,1031.144,-96.380
244.488,1022.116,-155.428
181.292,983.808,-78.568
196.420,971.364,-20.252
155.672,993.324,33.184
185.440,1016.992,-27.572
261.812,1026.020,-117.852
289.384,987.224,-64.904
263.032,990.152,-1.708
205.204,986.980,105.164
161.772,1017.480,63.684
175.680,1037.244,-62.464
198.372,1036.268,-122.000
145.912,1010.160,-50.508
167.628,1005.036,-46.360
104.432,968.924,32.208
52.460,935.008,46.116
82.960,949.404,-87.840
71.736,973.560,-146.156
52.948,968.924,-157.868
38.796,985.028,-95.404
52.704,954.040,51.972
82.960,902.068,186.416
192.760,848.144,155.428
213.744,890.356,97.112
183.488,947.208,77.592
139.324,944.524,125.660
185.440,951.112,83.692
194.468,969.168,22.204
198.372,947.452,61.000
151.036,923.296,125.416
206.912,944.036,61.976
209.352,991.616,-29.036
167.872,954.528,23.424
172.264,932.568,78.568
128.344,918.416,148.596
154.940,915.488,126.636
67.588,881.084,164.212
87.108,942.084,61.732
122.000,956.968,-17.812
89.548,909.876,66.368
33.184,851.316,182.024
42.456,796.904,229.116
35.868,795.928,194.956
45.872,823.012,134.932
55.144,855.952,91.500
38.308,893.040,15.128
20.496,885.476,30.500
-20.252,872.056,112.972
7.808,862.052,116.388
44.652,928.420,6.344
47.092,958.920,-55.144
-7.320,949.404,16.592
-14.396,964.776,30.256
11.712,977.952,19.032
13.908,985.028,12.444
30.500,1011.136,-25.376
25.864,1025.776,-22.936
20.496,1019.676,16.592
36.600,1033.828,14.152
76.372,1062.620,-64.660
25.620,1058.228,-48.556
25.620,1049.200,-47.336
52.216,1040.660,-69.784
80.276,1014.552,-44.164
66.124,1035.780,-20.496
37.576,1040.416,-51.728
25.376,1045.540,-57.096
-50.996,1036.268,-30.256
-119.804,1015.040,-27.572
-139.568,1027.972,-43.432
-213.500,1044.808,-125.904
-253.272,1045.784,-111.020
5.856,925.980,-140.544
94.184,805.444,-47.336
-105.408,765.428,105.652
-99.552,646.844,91.256
-193.248,444.568,-36.356
20.008,135.664,28.792
490.928,-148.596,299.144
579.256,-173.484,435.052
758.840,-178.364,184.220
1346.148,-203.740,81.008
1147.044,-40.260,-162.504
1172.176,-42.212,-171.288
1368.840,-94.428,-152.012
1529.880,-288.164,32.696
1325.896,-242.292,217.892
1149.240,-152.500,274.012
1048.956,-88.572,158.356
1274.412,-87.352,220.088
1260.748,-104.432,295.728
1337.608,-84.424,368.928
1461.560,-66.856,410.164
1386.652,-50.996,457.988
1397.632,-25.864,556.076
1458.876,1.952,533.872
1393.972,-17.812,582.428
1325.408,-45.872,689.300
1199.992,-43.920,664.900
1240.496,-13.420,691.496
1239.276,3.172,613.416
1206.824,13.420,574.132
1175.348,27.816,557.296
1070.428,81.496,444.568
1047.492,63.684,395.768
945.256,78.080,361.364
785.192,82.960,368.440
682.224,101.260,378.932
588.772,85.400,392.596
586.332,69.540,412.604
597.556,48.068,369.904
566.324,-14.640,307.196
703.208,-21.472,203.740
705.648,-36.844,106.872
633.912,5.856,105.408
656.116,-0.488,50.996
557.540,-22.448,27.084
607.560,-6.100,-16.592
633.912,61.732,-168.604
656.604,117.364,-213.744
482.388,137.372,-179.828
572.424,128.344,-180.804
640.500,78.568,-287.188
684.664,15.372,-227.408
555.344,95.404,-192.760
561.688,70.028,-130.784
581.208,-5.856,-165.432
853.268,-1.220,-302.072
1030.656,-48.068,-424.804
932.080,-27.084,-382.104
883.524,-50.264,-298.168
1106.296,-52.460,-445.544
1183.156,-61.000,-540.704
1345.904,-97.844,-633.424
1376.892,-149.328,-658.068
1336.388,-171.288,-613.904
1356.396,-204.228,-538.996
1459.608,-248.636,-537.776
1569.896,-294.752,-562.664
1670.668,-322.568,-546.804
1652.124,-349.896,-489.220
1600.884,-378.444,-372.100
1499.136,-383.080,-288.896
1399.096,-394.548,-169.824
1351.516,-408.944,-180.316
1223.660,-374.784,-194.224
1044.808,-332.816,-42.700
852.536,-327.692,74.176
810.080,-339.160,109.800
662.460,-352.092,184.952
691.740,-308.660,165.920
648.552,-277.184,170.312
513.620,-264.496,280.844
460.916,-267.912,406.992
486.292,-355.020,561.932
492.392,-428.708,736.636
499.224,-476.288,895.236
503.372,-428.464,847.656
638.792,-402.112,730.048
856.440,-383.568,608.048
824.964,-345.260,518.988
832.772,-349.896,548.512
852.780,-357.704,473.604
766.160,-340.868,430.416
993.568,-369.416,513.620
968.436,-422.608,534.116
956.968,-488.488,529.724
930.128,-494.100,571.936
1015.284,-471.652,597.800
1263.676,-535.336,670.268
1403.488,-629.520,755.668
1295.396,-672.220,769.332
1098.244,-791.048,836.920
932.324,-919.636,963.800
1092.388,-756.644,844.240
1086.044,-707.600,621.712
1156.316,-640.744,314.028
1232.688,-727.608,192.760
1235.860,-759.328,340.624
1265.872,-722.728,311.588
1181.448,-697.596,180.072
1035.780,-738.832,237.900
1090.436,-795.440,228.628
1113.616,-754.692,136.884
1132.404,-732.000,65.148
1199.016,-717.116,-34.892
1235.616,-677.588,-96.136
1269.288,-637.328,-118.828
1365.668,-602.436,-187.880
1261.724,-574.620,-140.788
1217.804,-540.704,-114.924
1176.812,-524.356,-75.884
1170.956,-489.708,-125.172
1164.124,-458.476,-140.300
1087.020,-426.268,-166.408
942.572,-403.088,-129.076
831.308,-357.216,-50.752
803.492,-334.280,-26.108
726.388,-311.344,26.352
634.400,-272.304,71.248
571.448,-201.300,86.620
569.740,-193.980,141.520
531.676,-202.520,186.660
617.564,-154.940,155.428
723.460,-120.048,148.352
694.180,-146.156,247.416
719.556,-149.084,324.764
899.628,-126.880,275.476
923.784,-158.356,362.340
853.024,-186.172,378.200
909.388,-175.680,335.500
973.804,-213.500,362.584
1025.532,-241.316,396.012
1025.044,-239.364,390.644
987.468,-237.900,402.112
1051.396,-200.324,332.816
1147.288,-210.328,320.128
1210.484,-253.516,374.052
1268.068,-277.916,445.300
1313.452,-274.744,460.428
1397.388,-291.824,494.100
1451.312,-352.092,625.372
1427.156,-297.436,556.564
1675.792,-268.888,219.844
1682.136,-368.196,196.176
1474.736,-385.276,238.388
817.400,-344.528,564.616
496.784,-111.508,386.496
233.020,39.528,194.468
47.580,354.776,-50.508
-640.500,622.200,157.136
-133.468,648.308,-67.344
71.004,597.800,-92.476
-119.804,679.052,-82.228
-12.200,709.064,-133.468
128.100,848.632,-151.036
-30.988,1008.452,3.416
70.272,1015.772,42.700
149.816,1063.108,15.128
215.940,1026.264,22.448
188.856,999.912,115.900
197.396,1053.104,96.136
117.364,1051.152,70.516
199.592,1073.112,-79.544
119.072,1077.992,-111.264
157.136,1004.548,-112.728
371.124,1031.632,-178.852
236.192,991.128,16.592
217.404,972.828,33.184
179.340,1005.524,10.492
305.976,949.404,-48.068
231.556,920.856,18.544
335.256,882.060,-34.648
363.560,911.340,-33.428
279.136,908.412,105.408
285.480,915.244,108.580
294.020,970.876,71.492
241.560,925.980,87.352
306.952,907.680,28.304
301.096,938.424,40.504
282.064,945.012,65.392
347.700,984.540,-2.196
286.456,973.072,22.936
313.784,950.624,19.764
308.904,956.968,-0.244
289.384,955.260,-0.976
301.340,968.192,-24.156
248.880,970.632,-1.220
232.288,971.120,14.884
256.200,992.836,-19.032
248.148,965.020,1.952
371.124,964.532,-29.280
348.676,968.436,-0.488
330.376,976.976,20.740
318.908,976.488,20.008
351.604,942.572,-11.468
393.572,1014.552,-108.336
285.724,1009.184,-42.944
278.892,1003.816,-65.392
291.092,1034.804,-132.980
316.956,1095.560,-246.440
291.092,1211.216,-367.708
272.060,1259.772,-380.640
284.992,1186.328,-273.768
314.028,1140.212,-183.732
452.864,1109.956,-222.040
426.024,1082.872,-218.136
349.408,1109.712,-214.720
309.880,1152.656,-287.676
311.100,1143.384,-296.948
355.508,1074.576,-218.136
398.696,1033.096,-165.676
404.552,998.204,-116.144
379.664,974.292,-72.956
379.420,966.972,-61.732
326.960,951.600,-27.816
285.480,935.008,19.520
389.180,885.232,-28.792
386.740,937.448,-45.628
250.344,962.336,39.284
342.088,977.708,30.012
313.296,976.000,85.644
315.980,949.160,132.492
332.816,904.508,169.336
396.988,924.272,135.908
348.188,963.068,119.804
338.428,967.948,104.920
281.820,939.888,154.208
242.048,908.656,196.908
230.824,914.512,165.432
209.596,939.156,104.188
187.392,946.232,39.528
183.976,964.288,-20.008
138.836,927.932,35.624
58.072,886.452,170.312
32.696,854.000,262.544
95.160,845.948,220.820
123.708,872.544,104.920
134.444,939.400,6.588
67.100,940.132,45.872
119.804,953.308,38.796
103.700,960.384,50.264
112.484,949.892,58.072
113.704,961.604,46.604
162.260,985.028,0.000
155.672,976.976,48.556
119.560,914.024,129.564
217.160,888.892,72.712
248.392,890.600,103.456
159.820,872.788,232.044
197.396,915.488,176.656
144.936,938.180,131.272
107.848,896.944,134.200
120.292,873.520,143.960
46.604,845.948,211.548
-38.064,834.724,264.984
-50.264,844.240,252.540
6.588,842.532,190.808
45.872,884.500,104.188
2.684,921.588,84.668
9.028,930.372,91.500
-7.320,896.212,172.752
16.348,869.616,213.256
104.920,892.064,146.644
98.332,949.648,85.888
78.812,988.688,44.164
68.320,978.440,49.532
81.008,967.460,70.516
80.276,975.024,92.476
55.632,983.320,97.844
90.280,1014.552,17.812
55.388,1023.824,8.784
41.724,1006.744,59.536
81.740,1024.800,55.144
89.792,1046.028,21.716
97.356,1061.156,6.100
74.176,1059.692,35.868
94.916,1032.364,39.284
86.864,995.032,69.052
90.768,981.856,78.568
94.916,965.752,81.984
75.640,978.440,81.496
73.688,997.228,33.428
35.136,1002.108,10.492
44.896,980.636,24.888
44.164,967.216,50.020
60.024,971.608,43.676
55.876,971.608,44.896
-13.908,1016.748,-1.952
-146.888,1026.020,-27.572
-367.708,1027.484,-43.432
-353.556,944.280,-27.816
-125.904,778.604,-55.144
-258.640,600.240,47.580
-353.068,358.924,118.096
160.064,27.084,219.844
831.796,-39.528,314.516
985.760,-5.124,381.128
1282.952,156.160,5.368
1326.872,259.860,-236.192
1260.992,236.924,-142.252
1530.368,126.392,-34.160
1595.028,5.612,61.488
1413.248,20.008,149.084
1311.500,79.300,227.408
1003.328,125.904,192.272
1069.696,207.888,288.896
1132.160,190.320,280.600
1114.104,211.304,273.036
1129.232,231.068,315.004
1224.148,264.496,279.624
1113.616,292.068,289.384
1240.740,332.084,369.416
1164.124,305.488,447.008
1096.536,280.112,590.236
1091.412,256.688,662.460
991.616,266.692,670.024
1106.052,301.584,610.976
1051.640,279.868,582.428
979.660,239.364,608.780
905.728,223.992,563.396
834.968,204.960,533.872
747.616,157.868,524.600
732.732,130.784,449.448
657.580,109.312,391.376
588.772,65.148,376.980
489.220,54.656,303.292
541.680,43.432,214.964
557.052,40.504,91.012
517.524,40.748,25.376
577.304,70.516,-58.316
574.864,81.740,-160.064
521.184,51.972,-173.484
554.124,64.660,-244.732
535.336,50.264,-321.104
607.804,39.040,-335.988
672.464,40.016,-366.732
668.560,-29.036,-326.472
653.920,-49.532,-345.260
560.224,-41.480,-270.352
743.956,-58.560,-376.980
851.072,-62.708,-522.160
934.764,-83.936,-505.812
1003.328,-197.884,-441.640
1159.244,-276.452,-556.320
1243.180,-362.340,-524.356
1382.748,-385.032,-508.008
1449.116,-454.084,-516.060
1626.992,-473.360,-551.684
1784.372,-519.232,-554.856
1856.840,-505.324,-618.296
1731.424,-471.408,-577.304
1509.872,-479.948,-401.868
1433.744,-468.724,-337.940
1341.756,-497.028,-247.904
1200.236,-499.956,-182.268
993.080,-502.396,-68.076
841.312,-466.284,76.616
747.372,-424.560,160.796
627.812,-383.080,206.424
554.856,-341.844,246.196
497.760,-377.956,349.408
481.412,-386.496,381.616
557.296,-405.772,408.456
672.220,-443.104,556.320
693.692,-470.920,651.724
690.032,-427.732,572.668
786.412,-365.024,454.816
765.428,-317.200,411.628
818.864,-297.192,476.532
791.048,-394.792,735.416
787.388,-443.592,799.832
928.664,-425.292,716.140
1056.764,-322.080,608.536
1058.960,-296.948,536.068
1018.212,-353.068,555.588
1088.972,-411.140,577.548
1338.828,-523.136,645.380
1287.100,-606.340,756.400
1153.876,-632.692,751.032
1045.296,-656.360,709.308
911.096,-643.916,589.748
996.984,-565.836,496.052
953.796,-532.652,475.068
837.652,-545.584,360.144
896.944,-530.944,190.076
1042.612,-643.916,227.652
1185.352,-732.244,236.924
1402.268,-834.236,224.724
1400.316,-860.588,254.736
1321.748,-833.992,226.432
1313.452,-814.228,214.964
1344.928,-774.944,100.528
1344.928,-730.048,23.668
1229.272,-685.152,-22.936
1199.016,-640.988,-103.456
1138.992,-609.512,-121.024
1092.632,-580.964,-123.220
1004.792,-533.628,-104.676
926.224,-488.976,-110.044
808.128,-445.788,-89.792
794.708,-401.624,-55.388
734.440,-375.272,-25.864
783.972,-369.660,-4.148
765.916,-341.356,2.440
721.508,-335.256,31.476
666.608,-297.924,66.856
645.380,-293.044,157.624
737.368,-296.460,154.208
736.392,-293.044,157.868
720.044,-288.896,203.496
747.860,-273.036,204.472
828.136,-274.500,240.828
873.764,-309.392,306.708
1027.728,-315.736,273.036
1128.988,-352.336,307.440
1342.000,-431.636,369.416
1393.484,-500.688,531.676
1380.552,-532.896,599.508
1413.492,-471.896,528.992
1480.592,-405.284,468.968
1384.456,-396.012,541.924
1431.060,-312.320,428.708
1498.648,-358.924,465.796
1348.588,-388.936,479.216
1107.028,-273.036,357.704
910.608,-158.356,252.784
719.068,-17.080,192.028
172.996,201.300,269.132
-224.236,542.412,212.524
52.460,509.960,-0.488
295.972,579.744,-201.056
-20.496,603.656,-60.512
-82.472,621.956,-72.468
-45.628,614.392,-108.580
-24.400,675.636,-104.920
-33.916,692.716,12.444
57.340,748.836,16.592
104.432,882.060,-39.284
68.076,926.224,25.864
170.556,946.476,-14.152
160.064,1038.220,-33.916
147.376,1068.476,32.452
186.904,1095.804,28.792
190.564,1147.044,-9.760
181.048,1135.576,-23.424
259.128,1137.772,-105.164
206.912,1096.536,-63.440
269.864,1119.960,-99.552
178.852,1067.500,-3.904
316.956,1032.852,-112.972
226.920,1037.976,-59.048
188.368,1009.184,-17.080
217.160,949.160,-38.552
139.324,895.968,29.768
185.440,839.360,10.004
248.880,827.404,-20.984
319.396,835.456,-35.136
390.888,915.244,-47.092
324.520,945.988,34.648
335.744,942.328,49.288
346.724,955.504,58.316
305.244,924.272,101.504
350.140,922.808,51.484
312.564,961.360,38.308
270.596,984.296,25.620
297.192,1006.744,-24.644
335.012,1006.500,-92.232
296.460,1028.704,-81.740
297.924,1010.160,-71.736
294.264,1014.552,-44.896
296.216,993.812,-8.296
345.260,976.488,-23.912
302.072,998.204,-16.836
307.196,1003.328,-22.448
341.844,1018.944,-55.144
352.092,1037.732,-90.280
332.572,1075.796,-131.760
289.140,1102.880,-125.172
275.720,1104.588,-142.984
254.248,1120.204,-166.408
291.336,1138.260,-233.020
274.988,1116.056,-213.256
278.160,1082.872,-167.628
301.828,1074.576,-156.892
293.044,1066.524,-115.656
296.460,1063.840,-113.704
290.848,1057.740,-136.152
244.000,1068.964,-177.144
219.844,1065.548,-206.180
243.024,1053.836,-245.220
274.012,1056.032,-286.456
223.260,1073.844,-270.840
214.232,1025.288,-186.172
164.212,984.784,-56.608
221.552,930.128,-57.340
255.468,967.948,-83.692
275.720,1063.596,-173.240
201.544,1063.840,-130.784
192.760,1055.300,-130.540
251.808,1018.456,-150.548
215.452,1035.780,-102.968
280.356,1049.200,-164.944
322.568,1024.068,-171.288
225.456,991.860,-51.728
217.404,922.808,62.708
209.596,895.480,93.452
291.336,880.352,30.012
274.744,917.684,-18.056
138.104,947.452,59.536
123.464,952.576,68.808
51.240,959.164,68.320
123.708,953.552,-34.648
145.424,989.664,-117.852
74.420,1011.136,-85.888
73.688,981.612,8.784
75.152,962.092,70.516
244.000,940.864,-44.408
238.388,879.376,-15.128
91.012,893.772,179.096
125.172,837.652,260.348
144.204,864.736,178.608
117.608,858.148,138.836
178.120,843.020,80.032
204.228,810.568,92.720
121.024,762.256,222.284
143.960,728.096,316.224
92.720,733.220,320.128
153.232,758.352,164.212
191.052,786.656,101.260
101.260,792.024,214.232
62.952,799.344,239.852
79.788,807.884,176.900
88.328,867.420,86.620
101.260,921.344,14.640
104.188,905.728,18.544
90.524,915.732,64.660
50.752,919.392,108.580
67.588,938.912,91.012
87.352,944.036,70.028
86.376,993.568,38.796
106.628,1002.840,22.692
139.324,1008.452,7.564
151.768,1000.888,23.668
173.972,1003.084,36.844
141.032,1009.428,49.288
176.168,1003.572,10.248
196.664,1000.400,-21.960
172.020,1000.400,12.200
137.372,989.664,42.456
128.100,978.928,70.028
151.280,972.828,80.276
179.828,977.464,49.044
196.420,997.960,19.032
188.124,1007.232,16.104
174.216,1002.352,29.280
163.480,1001.132,23.424
187.880,997.716,30.012
155.672,993.324,57.828
159.088,990.396,58.560
139.080,1010.160,24.644
132.736,1018.700,10.980
138.592,1020.408,12.200
69.296,1018.212,40.260
54.168,1008.208,50.264
-18.300,1022.604,39.040
-111.264,1037.732,38.796
-146.888,1040.416,-28.548
-119.560,986.980,-73.200
-50.264,898.896,-98.576
-4.880,743.468,-52.216
-37.820,491.660,-26.108
301.340,284.992,185.928
777.628,189.100,397.476
1332.972,155.428,91.500
1383.236,250.344,-245.220
1083.604,316.956,-82.472
1088.972,287.920,164.456
1182.180,216.672,-20.008
1243.424,223.748,-27.816
1232.200,228.140,92.232
1015.772,236.924,161.772
1048.468,266.448,131.028
1144.116,258.152,135.908
1067.988,253.028,185.440
1089.460,233.996,238.388
1101.172,256.444,237.656
1159.732,266.936,247.172
1220.000,307.928,305.976
1151.924,373.076,358.192
1200.480,381.616,439.200
1198.040,328.180,483.364
1235.128,281.332,533.872
1179.252,236.924,537.288
1256.844,199.104,549.976
1079.456,125.660,582.916
1003.328,102.480,599.020
836.676,91.012,565.104
732.000,61.244,554.856
581.696,41.968,463.600
575.352,65.148,332.572
524.112,82.472,200.080
470.676,124.196,92.720
393.328,171.044,-22.448
280.356,249.856,-89.792
292.800,298.412,-155.184
391.132,258.152,-218.624
381.128,203.984,-235.216
402.356,187.148,-231.556
509.472,160.796,-318.908
516.548,130.540,-341.356
609.756,106.140,-404.064
605.364,82.228,-454.084
667.340,10.492,-402.600
909.144,-26.352,-509.472
1010.892,-20.496,-690.276
1086.532,-17.812,-736.148
1105.808,-44.408,-736.392
1168.760,-55.388,-751.520
1153.144,-72.712,-690.764
1189.744,-110.288,-631.472
1234.640,-181.048,-584.868
1338.340,-253.028,-594.384
1372.500,-288.652,-568.764
1435.208,-233.752,-525.576
1409.100,-233.508,-473.116
1477.176,-275.476,-476.044
1454.728,-270.596,-428.464
1479.860,-294.752,-393.328
1407.148,-303.292,-362.096
1341.756,-284.992,-332.816
1232.932,-279.624,-254.004
1161.928,-295.972,-204.716
1041.148,-344.284,-39.284
892.552,-317.444,59.536
772.748,-260.104,73.932
720.288,-226.920,33.428
712.480,-227.408,78.568
603.900,-225.212,197.640
518.500,-190.564,273.036
547.536,-207.156,307.440
530.212,-232.532,257.420
552.416,-225.212,228.140
588.284,-211.792,224.968
646.844,-253.028,283.528
565.592,-299.632,361.608
552.660,-336.964,360.388
618.296,-360.144,314.028
624.640,-368.684,346.480
665.632,-417.484,524.844
600.484,-492.880,746.884
674.660,-507.520,797.392
893.284,-491.416,666.852
1130.940,-504.104,444.568
1123.132,-552.904,518.988
1002.840,-681.004,831.064
1223.416,-816.668,977.708
1402.268,-897.676,779.580
1575.264,-862.052,504.592
1633.092,-817.400,409.676
1522.072,-783.972,417.972
1523.048,-755.424,284.748
1415.200,-772.748,217.404
1456.680,-815.204,183.732
1443.748,-769.576,138.348
1359.324,-761.036,126.148
1527.684,-784.460,-18.788
1630.408,-877.180,5.612
1728.984,-840.580,-85.888
1688.480,-750.788,-171.288
1592.588,-739.076,-166.164
1595.272,-715.896,-216.916
1262.944,-660.508,-111.996
1234.152,-523.380,-171.532
1158.268,-441.152,-226.920
1575.020,-448.960,-470.676
1451.800,-498.736,-264.740
884.744,-490.196,208.620
1078.724,-508.008,49.532
1207.556,-591.212,70.028
1011.624,-540.460,149.328
155.184,-237.168,398.452
-125.660,247.660,-6.344
-318.420,541.192,-333.792
-446.032,587.796,-132.736
248.880,440.664,-222.528
-31.232,498.736,30.256
-185.928,560.468,126.392
92.720,623.908,-110.532
109.800,650.504,-95.648
313.784,640.744,-143.472
330.376,818.620,-19.764
174.216,790.804,279.380
281.088,748.592,167.872
236.680,872.788,-12.444
74.908,963.068,-27.328
48.068,982.100,-19.276
82.716,1089.704,-95.892
102.236,1154.608,-117.364
136.640,1181.692,-77.592
169.580,1175.348,-11.712
231.800,1138.016,-12.688
278.160,1153.388,-56.608
270.108,1167.540,-34.404
309.880,1138.504,-30.744
346.236,1115.324,-31.476
344.284,1094.828,-27.328
291.336,1048.956,2.928
246.684,976.244,11.468
273.524,934.032,-41.236
210.572,906.948,21.960
208.376,879.376,18.300
196.420,881.328,-2.196
186.416,889.136,-24.156
243.268,901.580,-100.284
228.384,920.124,-76.860
198.372,902.800,46.360
230.336,905.484,33.916
261.812,967.216,-50.508
260.348,966.484,-88.328
213.988,965.020,-66.368
214.720,955.992,-33.184
179.828,938.180,18.300
253.028,951.112,-56.364
213.988,973.072,-39.528
186.904,1001.864,-29.280
200.812,993.080,-68.808
219.844,990.152,-75.640
217.160,984.784,-64.172
234.728,964.532,-66.124
267.180,969.412,-43.188
246.440,984.296,-10.004
261.080,991.128,-36.356
299.632,986.492,-89.792
231.068,975.756,-44.408
244.244,982.832,-89.304
197.640,980.148,-59.048
171.776,961.116,-25.376
200.324,959.164,-54.168
188.368,958.432,-48.556
199.104,938.424,-45.628
241.804,958.188,-68.808
201.788,943.548,-16.836
208.132,926.712,-21.716
325.740,960.872,-111.264
256.688,994.544,-53.924
243.512,988.932,-34.160
205.448,978.928,-21.472
237.168,965.752,-61.732
211.548,956.968,-44.652
190.808,940.864,-21.716
289.384,946.476,-97.844
286.456,993.812,-92.232
239.608,977.464,-47.824
267.912,982.832,-62.464
261.080,997.228,-51.484
263.520,982.100,-53.680
280.844,968.924,-80.520
235.216,963.800,-56.120
212.036,963.800,-48.556
213.744,973.072,-63.684
213.500,964.044,-52.216
268.156,950.868,-76.128
259.128,968.924,-97.112
238.632,984.296,-99.796
237.168,987.712,-96.624
268.400,988.444,-112.972
251.564,988.932,-89.792
288.652,991.616,-117.120
276.696,1023.092,-134.932
238.632,1046.516,-132.004
248.148,1057.984,-168.360
216.916,1088.240,-209.596
186.660,1106.296,-234.972
154.208,1082.384,-216.184
143.228,1062.620,-210.816
150.792,1083.848,-252.296
172.996,1135.088,-332.084
136.396,1221.952,-417.484
143.472,1265.384,-467.992
177.632,1172.664,-338.672
293.532,1089.460,-215.452
309.880,1074.820,-123.952
282.796,1100.196,-78.568
251.076,1145.336,-124.440
207.888,1191.208,-219.356
232.532,1202.188,-346.968
240.828,1149.728,-310.124
225.212,1074.088,-155.916
242.536,1056.764,-98.088
223.748,1081.896,-85.156
287.920,1102.148,-187.636
283.528,1092.632,-213.256
218.624,1034.072,-86.376
238.388,980.148,26.596
285.968,947.696,95.648
246.928,939.888,122.488
261.080,959.652,25.376
225.456,990.884,-36.844
141.520,1022.604,-60.268
103.212,974.048,9.760
91.500,907.924,85.888
93.452,899.384,66.124
69.296,929.640,17.568
76.860,969.900,-76.860
51.972,968.680,-86.864
85.400,856.440,-4.392
89.548,786.900,118.096
-35.868,757.864,255.468
-56.364,769.576,213.256
-74.664,762.988,150.792
-34.892,734.928,97.356
53.192,701.012,91.988
-73.932,719.800,235.460
-96.380,703.940,294.752
-80.520,685.640,282.552
-97.112,711.504,262.788
-81.984,713.212,228.872
-116.388,770.308,171.288
-142.008,799.588,161.528
-84.424,843.264,122.244
-102.236,872.056,120.292
-30.988,864.004,85.644
-100.284,896.944,134.200
-111.752,906.948,147.864
-100.040,1007.720,2.684
-122.000,1055.544,-59.536
-147.864,1030.656,18.788
-112.728,1000.156,91.744
-144.448,1025.044,150.304
-114.924,1078.968,102.968
-116.632,1127.524,65.392
-131.028,1152.412,62.708
-127.368,1154.608,70.516
-145.180,1175.592,74.176
-161.528,1156.560,104.676
-165.188,1151.924,112.972
-95.892,1149.728,25.376
-3.904,1109.468,-89.060
-31.964,1099.220,-77.592
-179.096,1114.104,-71.980
-223.016,1093.120,-37.576
-160.552,1047.248,-65.392
-90.036,970.876,-108.092
-93.208,858.148,-30.744
-134.200,827.160,-92.232
-71.492,693.448,-82.228
-38.552,522.892,36.600
-345.992,435.052,128.832
122.976,235.460,28.304
452.620,122.000,30.500
221.796,109.800,237.656
316.224,157.136,141.520
398.208,20.984,212.768
570.228,-26.352,-37.576
891.088,-37.332,-212.524
1051.884,-112.484,-70.272
1213.900,-209.108,22.692
1375.428,-193.980,6.100
1386.164,-222.772,38.064
1596.492,-194.956,42.212
1432.280,-203.740,77.348
1332.484,-138.348,234.728
1368.596,-153.232,254.736
1404.220,-157.624,300.608
1349.076,-138.104,316.224
1346.636,-79.300,308.416
1296.616,-119.316,477.264
1353.224,-154.696,519.720
1478.152,-163.480,509.228
1464.244,-162.260,543.632
1370.792,-173.240,639.280
1323.212,-174.948,670.756
1253.916,-139.080,655.872
1225.368,-83.692,609.756
1137.772,-42.700,578.280
1011.136,-12.444,510.936
1015.040,6.100,492.392
855.464,-5.612,462.380
761.036,-8.296,441.640
653.920,17.812,410.408
660.020,14.396,357.704
618.784,5.368,327.692
558.760,0.000,249.856
621.956,2.684,155.672
565.348,-1.952,71.980
518.988,53.680,56.608
498.980,61.488,4.148
407.968,50.508,-52.460
474.336,2.684,-54.656
634.888,-20.008,-143.960
719.800,-53.924,-256.688
883.524,-47.336,-318.664
783.484,-56.120,-329.644
684.908,-31.232,-263.764
748.592,-21.960,-317.200
744.932,2.928,-387.472
836.676,38.552,-455.548
645.624,77.592,-394.548
554.612,7.808,-335.256
690.276,-35.136,-361.852
778.360,-49.532,-393.572
922.076,-85.156,-498.980
907.680,-148.352,-527.284
811.788,-148.596,-406.748
906.704,-240.096,-329.644
1235.860,-310.612,-530.700
1602.836,-422.364,-652.700
1604.544,-447.740,-565.104
1591.856,-425.780,-504.104
1654.564,-445.788,-471.652
1705.560,-494.344,-394.060
1558.916,-525.332,-252.296
1545.496,-528.748,-256.932
1399.828,-549.000,-174.460
1259.772,-529.968,-76.128
1068.232,-505.812,37.820
895.236,-502.884,128.588
809.104,-495.076,196.908
713.212,-467.260,292.312
689.056,-420.900,287.188
712.724,-427.488,274.988
507.520,-472.140,374.540
519.720,-467.504,446.032
598.532,-465.308,435.540
606.096,-492.148,377.956
586.332,-489.708,426.756
516.548,-499.956,549.488
544.608,-520.696,559.980
658.800,-525.576,501.176
663.680,-525.820,490.196
685.152,-565.348,561.444
678.076,-631.228,648.064
706.380,-635.864,588.040
785.192,-640.256,561.688
915.244,-708.332,672.952
1036.268,-785.192,749.812
1061.644,-823.012,695.400
1259.528,-823.012,570.960
1348.832,-798.856,507.032
1272.948,-765.916,508.984
1131.184,-759.816,554.124
1171.932,-789.828,597.800
1355.420,-881.084,614.392
1417.884,-888.892,477.508
1397.632,-849.120,333.304
1265.872,-830.820,288.896
1237.080,-818.864,244.732
1265.384,-811.300,237.412
1352.004,-865.468,148.108
1492.548,-884.500,35.136
1520.608,-849.364,28.792
1519.876,-796.904,-47.336
1482.544,-767.380,-77.836
1525.000,-779.580,-71.248
1270.752,-815.692,-50.020
1146.556,-673.440,-5.856
1287.344,-616.100,-23.180
1279.292,-574.864,-68.564
1543.544,-680.272,-264.984
1112.152,-775.188,113.704
732.244,-522.160,180.072
930.372,-462.624,-150.060
615.368,-417.240,-191.540
278.404,-251.320,-222.528
-30.256,79.056,-122.732
-529.724,396.988,3.904
-380.884,464.576,-83.936
172.508,486.292,-259.616
-25.620,461.648,-109.800
-113.704,451.400,-29.524
-138.836,478.972,16.348
-183.000,465.064,43.432
-128.344,538.264,-112.240
-210.572,660.508,-156.648
-210.816,795.196,-160.064
-98.820,905.972,-172.752
8.052,982.832,-168.848
67.344,1014.796,-76.616
130.784,1057.496,79.788
185.684,1163.148,111.020
192.516,1257.576,-68.564
185.684,1351.272,-244.976
161.040,1307.840,-294.996
196.420,1287.588,-339.892
79.300,1212.192,-173.972
56.120,1136.796,-84.424
173.240,1059.936,-117.608
132.980,1019.432,-97.356
131.760,1023.824,-110.776
248.148,980.880,-185.928
196.176,961.848,-75.152
214.720,932.324,-44.896
246.196,978.684,-67.100
184.952,934.276,22.692
252.052,879.132,-3.416
423.340,897.188,-115.900
287.676,903.288,70.028
258.884,906.460,71.736
205.692,976.488,10.492
285.968,955.016,-110.044
176.412,954.040,-70.028
233.264,945.256,-81.252
254.248,935.984,-60.024
246.684,952.088,-40.504
226.676,977.464,-50.264
229.360,956.724,-45.628
229.848,952.332,-41.480
287.676,981.124,-90.280
281.332,986.248,-95.404
285.724,992.836,-83.936
279.868,988.932,-74.664
219.356,979.904,-28.304
250.100,981.124,-53.192
208.864,972.340,-29.280
261.812,962.336,-45.384
266.692,964.044,-28.548
244.976,971.120,-16.348
285.480,969.168,-53.436
307.440,969.412,-75.640
311.832,971.120,-63.928
351.848,969.900,-61.488
323.056,945.012,-0.488
353.068,946.720,-18.544
296.216,934.520,-10.980
273.524,957.212,-39.772
260.836,993.568,-68.564
270.596,977.464,-90.036
273.524,1002.108,-103.944
273.524,1020.164,-88.328
291.580,1040.660,-100.284
291.092,1054.080,-128.100
272.548,1073.356,-164.456
275.476,1123.376,-265.228
241.804,1147.532,-309.148
219.112,1199.260,-337.940
241.316,1198.040,-346.968
259.128,1173.396,-311.100
297.680,1114.592,-264.984
264.984,1056.276,-135.420
226.676,1049.444,-77.104
264.008,1087.020,-134.200
321.592,1112.640,-228.628
301.096,1088.240,-226.676
293.288,1043.344,-207.156
266.448,991.860,-161.528
278.160,935.252,-92.720
230.336,912.316,-33.916
220.576,931.836,-54.900
230.580,949.892,-97.112
239.852,969.656,-115.656
211.060,996.008,-72.468
279.868,1005.524,-63.684
236.192,1040.660,0.488
173.728,1087.508,48.068
295.484,1106.540,-55.388
312.076,1117.032,-126.392
381.860,1091.412,-144.692
341.356,1061.644,-95.892
367.708,1013.332,-92.476
329.400,971.608,-20.252
262.300,944.036,41.968
289.628,913.780,19.032
332.328,876.936,-36.112
269.620,860.344,-1.464
188.368,833.504,68.808
142.740,824.232,113.216
114.924,818.620,150.060
81.984,818.132,141.764
156.892,822.524,43.432
172.508,865.468,-70.516
81.252,905.484,-62.464
9.760,901.824,19.276
3.416,892.552,91.256
70.272,834.724,130.540
149.084,838.140,102.968
126.636,876.204,101.016
141.032,921.100,34.404
82.716,924.760,27.084
40.016,881.328,65.880
67.100,842.532,102.968
76.372,790.804,168.360
44.896,803.004,230.824
39.772,817.156,291.336
86.132,811.788,281.820
86.620,833.504,241.804
75.884,850.828,192.760
95.648,870.836,172.264
104.188,897.432,157.136
115.900,924.760,146.888
131.516,949.892,157.136
159.332,964.288,134.688
208.132,992.592,63.928
243.512,1018.944,18.300
199.104,1017.968,80.764
180.316,1016.260,113.460
184.464,1011.380,107.604
187.148,999.912,77.104
213.012,994.544,62.708
150.060,992.104,105.652
121.756,986.980,129.564
158.356,991.616,103.700
177.632,1016.260,69.052
149.084,1023.824,83.448
180.316,1040.416,53.192
165.676,1038.220,41.236
132.004,1020.896,50.264
109.556,1014.064,37.576
103.700,993.324,33.672
153.720,963.800,-6.344
130.052,980.148,-20.008
127.612,955.016,3.660
146.644,948.916,-23.180
154.940,955.748,-71.736
153.964,949.892,-72.956
77.348,950.624,11.224
77.592,945.012,44.164
96.624,959.652,34.648
122.976,974.048,3.904
166.652,1036.024,-127.856
66.124,1080.676,-139.812
8.052,1037.732,-71.492
-65.392,1012.844,30.012
0.732,1052.372,-11.224
110.776,1019.920,-97.844
88.328,988.932,-105.408
-13.420,961.848,-69.540
-274.988,903.776,6.100
-161.528,868.152,15.128
-29.768,749.812,-76.860
-433.588,600.972,110.288
-474.824,380.884,202.032
215.452,40.260,151.768
624.884,-172.508,339.892
872.788,-237.168,516.304
1276.120,-274.744,271.816
1392.020,-51.728,-333.548
1793.400,-5.612,-508.252
1597.956,-139.568,-39.284
1525.244,-263.764,305.488
1559.404,-223.504,297.924
1311.500,-126.148,280.600
1076.284,-43.188,313.784
1165.832,-4.636,386.496
969.412,20.984,450.912
1183.888,99.796,536.800
1186.572,141.520,530.700
1303.692,192.028,585.356
1351.028,177.144,599.020
1237.080,120.780,683.444
1199.260,75.640,751.520
1003.084,18.300,766.404
915.000,-5.124,756.400
763.232,-18.544,709.796
680.272,-7.320,638.548
619.760,25.864,476.288
512.888,11.956,417.728
513.864,-11.712,339.404
521.916,-18.300,258.640
543.876,-51.728,178.608
493.368,-80.520,45.140
396.012,-99.552,46.360
406.260,-150.548,94.184
456.036,-167.140,-28.060
618.296,-139.568,-219.356
662.460,-114.192,-305.732
607.316,-115.412,-300.120
731.268,-150.060,-325.740
938.668,-176.168,-545.828
1049.444,-210.816,-669.780
1102.636,-191.540,-692.716
1205.360,-206.424,-757.132
1271.484,-258.396,-740.296
1419.592,-288.164,-789.340
1507.188,-272.548,-882.304
1462.780,-316.956,-817.888
1548.912,-314.760,-861.076
1472.296,-323.300,-835.700
1421.056,-318.176,-795.440
1319.796,-298.900,-709.064
1186.328,-306.464,-561.932
1032.364,-376.736,-397.232
1019.432,-451.888,-327.692
966.240,-431.636,-290.116
729.072,-480.924,-46.360
520.940,-578.280,243.268
414.800,-666.120,416.996
505.080,-687.836,537.776
571.204,-661.484,589.992
539.240,-669.536,739.076
495.320,-752.252,962.824
583.648,-720.288,968.924
709.064,-692.472,957.944
689.788,-647.088,899.628
875.228,-658.556,883.768
989.664,-664.412,979.172
958.432,-681.980,1138.260
1086.776,-685.884,1058.472
1180.716,-670.268,933.788
1215.608,-685.396,1022.116
1258.796,-732.244,1118.496
1230.980,-764.696,1018.700
1209.020,-761.768,828.868
1260.992,-688.568,754.204
1262.944,-701.256,683.200
1131.672,-697.840,573.888
1089.948,-672.952,415.044
1246.108,-661.728,250.588
1226.588,-654.408,188.124
1230.004,-663.924,114.680
1235.616,-671.000,20.740
1244.888,-583.648,-201.544
1203.896,-488.732,-348.432
1160.952,-446.276,-387.716
1015.772,-434.076,-326.960
936.228,-405.528,-303.536
936.228,-373.076,-265.960
888.404,-349.652,-265.960
878.888,-319.884,-302.560
904.020,-323.788,-204.716
919.636,-341.356,-132.492
945.988,-357.704,-91.012
1004.304,-397.964,25.376
1204.872,-495.808,149.816
1482.544,-614.148,300.608
1682.624,-725.412,408.944
1852.936,-716.628,167.628
1632.116,-784.704,207.644
1315.648,-868.640,432.856
1194.868,-718.092,305.732
714.676,-210.572,102.480
-223.992,517.280,42.700
150.792,906.948,68.564
981.368,861.320,-83.936
379.908,804.956,112.240
296.216,747.616,-72.224
104.920,679.296,19.764
-114.680,682.224,153.232
-25.620,688.812,0.244
-6.100,722.728,-60.756
-56.608,800.808,-100.040
-88.084,885.232,-162.748
-33.184,919.392,-155.184
74.420,915.244,-121.024
111.264,916.220,-79.300
163.724,902.312,-91.256
188.612,935.496,-68.564
135.664,943.548,4.880
301.096,942.328,-150.304
265.228,988.932,-112.728
179.340,975.512,-14.152
156.404,961.848,-10.980
341.356,891.820,-171.288
266.448,928.664,-102.480
185.196,928.908,-35.868
255.712,900.848,-117.364
410.652,1012.356,-284.992
257.908,1016.748,-140.300
251.808,978.440,-101.748
361.608,948.184,-143.228
328.668,951.844,-68.564
316.712,934.032,-12.200
343.552,918.172,-36.112
300.364,887.672,3.416
322.080,858.880,-13.420
439.688,911.584,-168.360
383.324,971.608,-151.768
263.276,980.148,-52.216
278.160,985.760,-60.268
264.740,939.888,-53.924
318.664,902.556,-90.280
376.492,945.500,-175.924
272.792,960.628,-96.380
308.172,985.028,-159.576
337.940,1005.280,-213.500
290.360,985.028,-160.308
305.732,940.376,-122.732
330.620,949.404,-149.572
335.744,975.756,-189.588
323.056,1021.140,-207.644
315.980,1001.864,-203.008
324.764,1008.208,-225.456
307.684,1014.064,-232.776
315.004,1025.776,-257.664
330.864,1037.976,-283.528
326.472,1056.276,-270.596
309.636,1061.888,-210.328
315.980,1061.644,-204.716
369.660,1033.828,-249.856
375.028,1025.044,-270.596
298.168,999.912,-183.976
311.344,977.220,-184.952
301.828,972.096,-194.224
254.248,965.752,-166.164
273.280,977.220,-203.496
278.160,986.492,-231.312
247.172,1017.480,-249.856
242.780,1050.664,-298.412
284.992,1028.704,-273.768
278.160,977.220,-152.500
291.336,958.920,-94.672
284.504,967.704,-95.404
290.848,984.540,-136.152
301.096,982.344,-147.132
235.216,978.196,-103.700
250.344,982.100,-119.804
235.460,978.440,-117.852
226.188,996.984,-129.076
246.928,1021.140,-157.136
302.316,1029.436,-208.376
260.348,1070.672,-238.632
209.108,1030.656,-154.208
231.556,991.372,-80.032
236.924,968.680,-16.592
271.572,981.612,-41.480
310.612,983.564,-63.440
303.292,1005.280,-73.200
231.556,1002.352,-32.940
241.072,1011.624,-42.700
217.404,997.716,-9.516
169.580,978.928,30.012
238.632,974.292,-36.112
162.016,956.480,21.716
165.920,937.204,2.928
166.896,940.620,-18.056
108.092,969.168,-11.468
110.288,981.124,-32.940
107.848,960.384,-13.664
183.244,920.368,-18.056
159.576,917.196,31.964
92.964,924.272,100.772
87.596,965.752,75.640
60.268,963.800,73.688
41.724,936.716,104.188
152.012,907.680,23.180
144.692,922.564,-7.808
111.996,935.984,-13.420
86.376,950.380,-11.468
73.688,945.500,-20.740
51.972,907.680,33.184
43.432,862.540,78.568
69.784,887.672,25.620
91.988,922.808,-35.868
11.712,901.824,57.828
1.464,843.996,151.280
14.396,806.664,191.784
40.992,799.100,165.920
36.112,819.352,145.668
115.656,908.412,-9.028
46.604,959.164,-39.284
-0.732,930.128,3.660
8.052,899.872,78.080
69.052,884.500,110.288
94.184,873.764,133.468
89.548,934.520,70.760
27.572,962.580,51.728
4.148,960.628,67.100
20.740,947.208,70.516
31.232,946.964,51.484
32.696,975.024,19.764
-0.732,970.632,57.828
-37.332,965.752,105.164
18.788,948.428,74.176
13.420,972.340,58.804
0.732,1004.060,32.208
12.932,1032.364,7.320
28.060,1028.216,16.836
25.620,1066.524,-26.352
22.448,1083.848,-66.368
-2.196,1070.672,-18.544
-38.796,1068.476,10.492
-57.584,1088.484,-44.164
-46.604,1072.380,-58.072
-80.276,1040.660,0.976
-31.720,1048.712,-91.012
-35.136,1026.508,-132.980
-204.716,1042.368,-98.820
-219.356,1008.696,-117.364
-246.440,899.384,-77.348
-308.904,748.104,16.836
-268.644,504.836,148.596
8.784,273.036,217.892
164.700,-48.068,353.556
612.928,-208.864,791.780
511.180,-347.212,846.924
1087.264,-226.432,-213.500
1723.372,54.656,-914.756
1214.388,98.576,-99.064
1400.316,-244.976,231.312
1426.180,-288.652,325.252
1260.504,-268.644,400.404
1405.440,-156.160,110.044
1264.408,-140.544,100.040
1243.424,-182.268,297.924
1246.840,-138.348,222.772
1238.300,-66.368,169.336
1286.368,17.324,37.576
1154.120,47.092,43.920
1017.968,40.016,152.500
991.616,26.596,162.260
961.116,8.784,244.000
984.540,7.564,205.692
958.920,20.740,207.644
1079.456,18.544,191.784
1093.120,2.928,196.664
1159.244,28.548,170.068
1023.824,49.776,203.984
1061.644,61.000,217.160
1132.648,95.160,192.028
1126.792,100.772,254.492
1097.512,118.340,352.336
1069.940,122.488,398.452
1124.596,87.352,491.416
1183.400,76.616,518.256
1230.492,73.688,532.408
1227.564,76.372,526.796
1151.680,33.428,550.464
1094.828,-2.928,570.228
963.556,-19.032,557.296
875.716,33.672,456.036
774.944,44.652,351.116
647.332,62.708,345.748
588.528,58.804,336.720
522.404,51.240,333.792
527.040,21.716,236.680
404.552,15.372,149.572
449.692,13.176,143.716
529.236,-17.324,110.776
581.208,-64.904,60.756
586.576,-57.096,-54.412
448.228,-68.564,-51.972
629.520,-117.852,-103.456
727.608,-137.128,-212.768
728.096,-87.108,-318.664
707.356,-80.520,-340.380
704.184,-101.260,-385.764
804.224,-126.880,-415.288
803.004,-162.504,-411.872
873.276,-205.936,-407.968
950.136,-218.868,-522.160
1028.704,-268.400,-524.600
1142.408,-346.480,-528.748
1207.800,-390.888,-528.504
1245.132,-432.124,-511.180
1338.340,-454.328,-517.036
1500.844,-500.200,-540.948
1606.740,-485.072,-537.288
1598.444,-505.324,-500.444
1628.700,-516.060,-478.972
1519.632,-503.128,-413.580
1442.528,-483.608,-337.452
1337.364,-486.292,-236.436
1145.580,-497.028,-133.468
1056.520,-513.864,-49.044
861.564,-543.388,79.788
743.468,-536.312,207.888
634.156,-513.620,293.288
526.308,-460.184,429.928
417.728,-488.976,547.536
307.440,-509.472,579.744
352.580,-491.416,570.716
375.760,-415.532,542.656
369.660,-355.996,634.400
292.800,-434.076,748.836
406.016,-511.912,769.088
560.712,-570.716,702.476
792.756,-579.012,611.952
939.888,-653.188,676.856
690.276,-708.332,902.800
628.056,-771.284,1045.784
760.304,-793.976,1048.956
836.432,-785.192,925.980
1004.792,-644.404,724.192
933.788,-688.812,744.688
950.380,-737.612,798.368
1274.168,-729.560,671.976
1394.216,-758.840,542.168
1476.688,-789.340,469.944
1329.312,-828.624,516.060
1299.300,-845.948,561.688
1251.476,-867.908,525.820
1161.684,-888.648,530.700
1110.688,-855.220,431.880
1399.828,-756.888,75.640
1488.888,-669.292,-130.784
1236.104,-746.396,86.864
1182.912,-833.504,235.704
1092.632,-842.532,329.644
1112.152,-776.164,231.312
1145.092,-675.148,77.104
1194.624,-602.924,-32.940
955.260,-609.268,16.836
754.204,-498.736,42.944
972.584,-427.732,-14.152
980.880,-398.452,-13.420
884.500,-294.020,-139.324
859.124,-182.024,-181.048
869.616,-181.536,-60.756
730.292,-162.992,35.136
687.592,-63.196,45.140
765.184,-56.608,30.988
708.820,-59.780,78.324
658.068,-55.632,93.208
624.884,-20.008,43.188
881.084,-27.084,54.900
880.596,-59.536,174.460
893.772,-34.648,177.632
959.408,12.688,98.088
1013.576,-12.444,126.636
1294.664,-54.168,163.236
1754.116,-192.516,284.748
1746.552,-336.964,530.456
1393.484,-323.788,554.856
1739.476,-247.904,127.856
1764.608,-338.672,-69.052
929.640,-290.116,319.884
292.556,31.232,473.360
-50.996,259.372,302.560
-722.972,657.336,94.916
-539.240,849.608,-98.088
100.040,821.060,-430.660
-475.068,735.172,-151.036
-559.492,762.256,-125.416
-377.956,765.672,-196.664
-350.628,821.548,-144.448
-321.348,908.412,-79.300
-236.192,954.284,45.872
-68.564,943.548,114.924
235.216,1032.120,5.124
106.872,1055.056,152.500
63.440,1069.452,209.596
198.372,1101.416,94.916
44.652,1041.880,149.572
13.420,1025.532,97.600
230.580,1077.748,-156.404
74.176,1084.580,-174.948
-59.292,1060.668,-106.872
-25.864,987.224,-68.808
91.012,966.484,-117.120
95.160,953.308,-85.888
209.596,961.116,-34.404
280.356,1014.064,-27.816
219.844,999.424,10.980
268.644,1012.844,-37.332
218.136,991.860,-19.032
175.436,934.764,40.260
159.576,915.244,92.232
85.644,865.468,161.040
190.808,865.224,80.520
140.056,915.976,52.216
99.308,942.084,28.060
104.188,986.004,-34.648
116.876,1017.968,-95.160
109.800,1033.828,-117.364
90.280,1033.828,-91.500
169.092,1020.896,-85.888
180.560,981.612,-37.088
246.440,966.972,-19.032
297.192,990.396,-2.684
240.828,1025.776,53.192
206.668,1048.468,60.268
218.624,1067.012,14.884
196.176,1062.620,-20.252
153.720,1038.220,-34.648
178.608,1076.284,-157.624
134.444,1117.764,-209.596
106.384,1097.024,-165.188
96.624,1054.568,-126.148
168.848,1009.916,-120.292
214.476,964.288,-62.952
280.356,958.432,-75.396
335.500,1029.192,-180.804
195.200,1165.344,-247.416
110.776,1222.196,-297.192
93.940,1197.552,-272.792
146.888,1127.524,-198.372
205.692,1079.456,-135.664
230.580,1068.720,-116.388
234.484,1065.304,-123.464
243.024,1073.600,-174.460
193.248,1036.512,-141.764
210.328,998.936,-138.104
175.436,993.080,-108.824
180.560,1017.236,-135.908
169.824,1048.468,-173.972
94.428,1084.336,-174.216
101.504,1101.416,-189.100
196.420,1070.184,-173.972
161.284,1017.724,-78.080
99.552,1016.504,-56.364
152.012,1037.244,-165.920
216.184,1048.224,-237.900
153.232,1020.164,-148.108
182.268,1019.676,-122.976
149.572,1016.260,-58.072
197.884,992.104,-28.548
234.972,968.680,-14.884
157.624,989.176,20.252
178.364,976.732,-2.928
165.676,950.380,-1.220
138.104,940.376,14.152
55.388,929.152,70.272
81.008,935.496,19.520
74.908,930.372,13.176
50.508,920.368,12.200
26.596,895.968,45.140
31.964,884.012,45.140
76.372,850.584,40.748
54.412,841.312,104.676
23.180,847.412,128.100
27.572,843.996,125.660
-21.716,852.292,176.168
2.684,845.948,167.140
-20.496,834.480,156.404
-49.776,855.952,114.192
-92.476,876.204,121.024
-45.140,892.308,77.104
-64.416,894.260,76.372
-97.600,898.652,102.968
-100.284,892.552,130.540
-39.284,889.868,111.996
2.928,888.404,97.600
-35.136,916.464,103.700
-31.476,965.020,57.828
-49.532,968.924,54.168
-91.256,960.140,114.924
-100.040,973.072,155.184
-67.344,985.028,152.500
-51.972,990.884,136.640
-84.668,1002.596,166.652
-91.256,1054.812,108.580
-155.672,1062.132,96.624
-191.540,1050.664,110.532
-134.444,1038.220,94.428
-91.256,1023.580,93.452
-10.248,1005.036,64.416
-19.764,1023.580,27.328
-186.172,1057.252,48.068
-187.148,1039.928,73.200
-159.820,1012.600,86.864
-135.664,1027.484,27.328
-28.304,1044.076,-95.892
-102.236,1016.992,-46.604
-134.444,1007.232,-31.720
-34.892,977.708,-76.372
-33.428,893.528,-35.136
-143.472,861.076,38.796
-89.304,808.616,20.496
-71.248,681.980,147.376
-26.840,557.052,196.420
15.616,460.184,107.848
77.104,367.952,-139.080
223.504,50.752,67.344
931.836,-75.152,417.484
418.704,-253.272,697.596
688.812,-255.956,270.108
1685.796,-110.776,-464.820
1567.700,-108.824,-326.228
1551.596,-248.880,-34.892
1367.864,-272.304,87.108
1316.136,-268.400,206.180
1214.876,-256.200,148.352
1039.684,-174.216,219.356
1224.148,-229.116,225.456
1258.308,-243.512,242.292
1209.996,-135.176,201.300
1164.368,-56.852,161.284
1146.068,-46.848,135.664
1054.080,-22.204,206.424
991.860,-17.080,301.828
1016.260,-1.708,238.388
1044.564,-9.272,322.812
976.732,-3.416,425.536
1090.924,18.544,389.668
1069.696,26.596,419.680
1085.068,47.824,429.440
1186.816,51.972,452.620
1175.836,9.272,504.348
1191.696,-54.412,567.300
1128.012,-49.532,575.596
1077.260,-10.004,555.100
1159.732,18.300,535.824
1122.400,25.132,472.628
1051.640,-7.320,491.660
924.028,25.132,531.432
809.104,22.448,551.440
814.716,12.444,481.168
731.512,6.588,357.460
530.212,41.968,364.048
500.200,40.016,389.912
518.500,-8.784,387.716
646.844,-125.416,288.408
791.048,-151.768,75.884
594.872,-39.772,67.100
596.824,-45.628,31.476
611.220,-82.716,-31.964
621.712,-119.560,-58.804
530.700,-58.804,-68.564
551.684,-84.912,-65.148
591.456,-73.200,-183.976
582.672,-106.384,-141.764
881.572,-104.920,-284.016
997.472,-111.264,-453.596
1006.988,-116.388,-475.068
973.804,-106.872,-467.504
877.424,-126.636,-373.808
967.216,-195.688,-366.000
1010.648,-237.168,-435.296
1088.484,-264.008,-474.336
1276.608,-278.404,-530.700
1345.660,-267.424,-583.648
1377.380,-314.272,-544.120
1405.440,-374.052,-514.352
1438.136,-370.636,-470.676
1481.568,-414.800,-356.972
1600.396,-449.448,-351.360
1528.660,-494.100,-261.812
1465.464,-481.656,-107.360
1412.272,-484.096,-67.344
1372.256,-508.008,-18.544
1349.076,-477.996,1.952
1213.168,-476.288,75.396
1118.252,-486.536,126.392
1018.700,-482.388,251.076
868.640,-467.748,365.512
843.752,-438.468,349.408
780.800,-427.976,410.164
681.248,-409.676,447.008
690.764,-390.888,545.340
671.976,-425.048,649.772
585.112,-429.684,685.396
517.524,-383.080,683.444
531.188,-371.368,652.456
525.088,-381.860,648.308
497.272,-372.832,683.932
544.852,-319.640,619.272
606.340,-323.544,624.884
647.088,-368.928,646.844
754.448,-405.772,566.080
843.508,-375.760,454.328
930.128,-370.636,498.736
986.736,-428.952,538.752
1003.328,-504.592,532.164
993.324,-587.796,563.884
1055.544,-618.784,557.296
1107.272,-616.832,498.004
1020.896,-580.720,516.792
1030.412,-538.264,595.604
1029.436,-590.236,603.656
1201.944,-630.740,518.500
1361.032,-650.260,361.120
1348.588,-680.272,308.904
1220.732,-700.280,413.824
1234.640,-687.836,463.356
1189.988,-659.288,396.256
1208.044,-656.116,318.420
1165.344,-676.856,289.628
1089.216,-666.120,227.896
1160.952,-630.008,129.808
1130.940,-629.520,85.400
1139.480,-598.288,67.344
1136.064,-567.056,58.072
1110.688,-570.960,78.080
1163.636,-568.032,48.068
1079.700,-545.096,49.044
1123.376,-509.472,49.044
1142.652,-484.584,-13.420
1080.676,-483.852,-14.884
1142.164,-479.948,64.660
1064.572,-447.496,86.620
908.656,-433.588,92.232
925.248,-389.912,105.408
1016.992,-363.316,27.328
856.196,-333.792,101.016
782.020,-287.920,119.316
817.156,-268.156,127.612
712.968,-243.268,174.704
696.864,-203.740,180.316
715.896,-197.640,193.004
661.728,-195.932,236.192
781.044,-157.136,228.872
787.632,-125.904,220.576
622.444,-114.436,236.680
644.404,-93.452,259.128
693.936,-69.052,240.340
707.844,-56.852,219.844
769.088,-35.624,206.912
814.472,-24.888,211.304
854.000,-59.780,233.508
883.768,-91.256,246.928
941.352,-83.936,245.220
1016.016,-76.372,221.064
988.688,-110.044,280.844
1000.400,-117.120,320.616
1025.532,-140.788,365.756
1025.044,-159.332,396.012
1040.660,-158.600,396.256
1144.360,-159.820,381.860
1224.636,-165.920,375.028
1385.432,-172.264,351.116
1242.448,-206.424,406.016
1349.320,-210.572,400.160
1559.648,-219.356,371.856
1581.364,-278.892,422.120
1647.488,-290.848,392.840
1596.492,-252.784,325.008
1433.012,-249.612,347.944
1327.360,-226.920,335.012
1140.944,-304.024,425.780
976.244,-301.340,416.020
397.476,-266.204,531.188
75.640,15.372,273.036
-249.368,364.536,-67.588
-867.176,724.436,102.968
-395.280,783.972,-6.344
-166.164,803.492,-237.412
-365.024,854.244,-240.584
-241.072,854.488,-271.084
-199.836,870.348,-207.156
-202.520,921.832,-59.536
-19.520,965.752,-23.912
-7.564,996.252,37.820
131.516,1028.460,1.708
175.924,1041.636,3.416
313.052,1028.216,-48.556
254.492,1088.972,-72.956
144.204,1077.504,-20.984
173.484,1039.196,0.000
224.724,1054.568,-50.508
172.996,996.008,-42.944
317.688,967.704,-110.532
305.488,966.728,-14.396
224.724,947.940,84.668
258.640,949.404,33.916
279.624,971.608,-22.204
191.296,968.192,24.156
168.116,954.284,55.632
236.192,935.252,80.520
218.380,886.452,158.112
170.556,884.500,175.680
260.836,920.612,70.760
259.616,952.820,6.588
300.120,993.080,-63.928
293.532,1043.588,-103.212
228.628,1041.392,-44.408
249.368,998.692,7.564
264.252,961.360,76.616
304.268,929.152,85.644
318.420,940.864,44.164
238.144,983.808,41.236
245.952,994.544,23.668
248.880,987.712,8.784
232.776,986.248,5.124
298.412,1006.012,-61.488
285.480,1025.044,-53.924
288.652,1060.912,-49.776
282.552,1088.240,-65.880
252.540,1119.716,-87.840
259.372,1146.312,-124.928
314.028,1157.048,-204.716
316.468,1161.928,-259.616
251.808,1138.504,-223.504
224.724,1114.348,-208.132
207.888,1143.628,-261.812
178.852,1172.664,-316.712
236.192,1145.824,-332.084
238.632,1131.916,-306.708
205.936,1110.444,-250.344
220.088,1073.844,-172.752
225.456,1053.104,-115.412
217.160,1094.340,-132.980
208.620,1138.016,-183.244
242.292,1139.724,-215.452
281.576,1117.764,-218.380
310.856,1110.688,-249.368
268.888,1072.624,-166.652
240.828,1024.556,-45.384
276.696,988.200,-7.320
260.836,979.172,4.880
242.048,986.004,-1.464
246.196,955.748,-18.788
224.968,918.172,-34.404
110.776,887.184,36.112
77.348,859.368,101.748
74.176,844.484,124.928
101.504,838.628,105.896
169.580,856.440,53.680
197.640,850.584,60.268
102.724,840.092,200.568
53.192,829.356,295.240
63.196,856.440,255.468
70.272,871.568,200.080
124.684,893.772,121.512
106.140,872.788,126.148
73.200,841.068,159.088
33.184,827.404,193.004
-1.220,795.196,232.288
27.328,774.700,225.944
-37.576,763.964,228.628
-57.340,776.652,191.052
-98.820,782.020,210.328
-91.500,805.932,205.204
-85.156,797.148,224.480
-81.984,807.640,237.412
-64.660,824.232,245.220
-52.216,859.856,214.964
-8.784,945.500,90.036
-34.404,983.320,52.948
-60.268,994.788,91.988
-30.744,996.008,123.220
-12.932,1050.420,87.352
-21.960,1103.856,37.576
-23.912,1118.496,36.356
-97.600,1129.476,97.844
-126.392,1102.636,132.492
-117.120,1108.248,109.312
-174.460,1149.972,57.096
-192.028,1225.124,-89.792
-146.400,1181.692,-128.588
-297.680,1071.404,2.928
-233.020,987.956,62.464
-212.280,934.032,72.224
-329.156,823.988,122.000
-82.716,650.748,27.572
18.300,464.820,-78.812
-43.188,116.388,255.956
502.884,-69.052,355.508
967.948,-132.004,357.216
1282.220,-15.372,-9.272
860.100,148.596,-3.904
1091.168,205.936,-296.460
1363.960,-72.712,-169.092
1319.064,-294.996,330.620
1400.804,-283.528,354.044
1128.256,-140.788,155.672
1202.188,-28.548,55.388
1173.152,-63.440,96.380
1215.364,-133.712,201.300
1199.748,-108.092,172.264
1111.664,-16.104,175.192
1121.912,43.432,121.756
1087.264,49.288,160.308
1053.104,39.284,237.656
988.932,61.976,280.112
960.628,98.088,284.016
1051.640,110.288,299.632
1113.860,92.720,304.024
1199.016,90.280,320.372
1124.108,88.084,352.092
1141.676,99.308,483.120
1175.836,126.880,459.940
1152.656,128.344,401.868
1091.168,116.144,466.528
1124.108,101.748,454.328
1171.200,72.224,498.492
1168.028,72.712,432.368
1070.428,83.692,409.432
947.696,98.332,425.048
929.884,89.060,413.092
873.520,58.804,373.320
804.712,29.036,335.500
688.324,49.776,342.820
606.584,36.356,351.360
615.368,23.180,283.040
626.348,-13.908,208.376
719.800,-12.932,67.344
711.016,-21.716,48.068
646.600,-33.184,86.376
606.340,-3.904,23.424
527.040,7.076,7.564
534.116,-19.032,-31.964
588.528,-41.480,-95.648
615.368,-15.860,-152.744
512.156,8.296,-151.768
565.836,-43.920,-186.660
718.824,-95.404,-270.596
859.124,-108.336,-430.660
840.336,-93.940,-410.652
776.408,-80.032,-436.760
736.392,-118.096,-452.376
895.968,-220.088,-421.144
1246.108,-262.544,-598.288
1464.244,-339.648,-785.436
1359.568,-379.176,-698.816
1441.308,-417.484,-714.188
1567.456,-495.320,-730.780
1585.268,-511.912,-682.468
1592.588,-477.020,-608.292
1531.588,-474.824,-579.988
1475.224,-483.364,-536.556
1444.724,-481.168,-520.940
1272.216,-466.040,-452.376
1214.144,-450.424,-333.304
1126.304,-479.948,-208.132
1011.136,-506.544,-81.008
998.448,-500.688,-9.272
882.792,-483.608,70.028
787.632,-446.276,91.988
813.008,-469.700,175.924
709.064,-527.284,287.920
631.960,-494.832,382.836
514.596,-457.744,493.368
418.216,-405.284,564.128
521.184,-416.508,566.568
534.360,-451.400,621.712
476.532,-411.628,674.172
441.640,-364.536,728.828
388.936,-419.680,747.616
482.876,-486.780,811.544
789.828,-529.480,838.628
912.316,-546.316,854.244
970.876,-535.580,686.372
1009.672,-485.804,538.752
1010.648,-456.768,546.316
1001.620,-481.900,633.424
1044.076,-571.204,776.652
986.004,-635.864,806.420
1050.176,-646.112,704.428
1325.652,-569.496,413.580
1345.660,-560.468,292.068
1195.356,-553.880,431.636
1315.404,-640.256,530.700
1406.416,-666.852,477.752
1194.868,-708.576,499.956
1291.492,-725.412,471.652
1320.284,-751.276,410.164
1136.552,-739.808,452.376
1040.416,-739.808,509.472
989.908,-739.076,545.584
1032.120,-702.232,321.836
1187.304,-629.764,73.444
1181.204,-598.288,31.232
1184.132,-592.432,70.272
1301.496,-589.260,29.036
1271.484,-571.692,61.488
1315.892,-577.792,74.176
1244.400,-550.464,36.112
1125.084,-510.204,19.520
1149.972,-512.888,-1.464
1099.952,-471.164,18.300
1135.088,-431.880,-9.272
929.152,-399.184,19.764
965.020,-378.200,53.436
878.156,-368.440,78.080
750.788,-331.840,127.612
769.088,-286.456,114.924
596.824,-237.412,95.404
562.908,-206.180,110.044
662.704,-157.136,86.864
626.348,-126.880,84.424
702.720,-80.520,63.684
635.132,-79.544,99.796
672.708,-80.520,169.824
861.564,-94.428,184.464
866.200,-94.428,168.360
960.628,-81.008,180.316
1008.696,-72.468,204.228
903.044,-61.976,252.540
1237.324,-83.204,157.380
1374.940,-154.452,269.376
1846.836,-324.764,514.352
2107.916,-462.624,485.804
1550.376,-446.520,566.568
1674.328,-282.064,230.580
1738.500,-265.716,172.264
1493.280,-409.188,444.324
1086.776,-318.908,509.960
-203.740,-70.028,738.832
-1260.748,622.688,292.556
-941.840,846.924,-120.780
-380.640,632.448,-543.388
-987.224,634.400,-348.432
-938.912,692.228,-416.508
-801.052,683.688,-263.764
-579.012,746.396,-93.208
-337.696,844.972,-22.936
-76.372,908.656,-53.680
100.528,901.824,-42.700
81.496,931.348,31.964
35.136,944.768,86.864
26.108,980.880,67.588
-20.984,987.468,112.484
17.812,959.896,172.264
-26.840,920.368,202.032
68.808,905.240,98.820
191.540,981.368,-90.524
21.228,1051.152,-89.060
-14.396,1043.588,-101.504
21.472,1082.872,-145.424
66.612,1082.872,-174.704
50.020,1070.428,-144.448
72.712,1037.488,-127.124
127.856,981.124,-106.384
101.260,967.460,-36.112
35.624,945.256,39.772
102.480,921.832,92.476
142.496,896.944,146.400
114.192,882.548,163.236
155.672,924.516,105.652
180.804,949.892,39.528
134.688,964.532,16.104
149.816,983.320,-18.056
124.440,992.348,-20.252
107.116,992.104,8.296
173.484,965.264,1.708
228.140,955.992,11.956
216.672,965.264,-1.464
178.852,999.180,-26.840
180.560,996.008,-35.136
164.212,990.152,-22.448
155.184,974.536,3.172
160.552,970.388,-0.488
199.592,987.468,-46.116
132.492,997.716,-26.352
144.936,994.788,-18.056
131.272,993.324,4.636
117.120,1000.400,33.184
146.644,1014.796,31.232
202.520,1024.556,-2.928
224.480,1014.308,-4.636
248.636,1011.624,-0.732
248.148,997.228,-7.076
281.820,984.052,-50.752
248.880,987.712,-48.068
203.252,978.684,-35.380
205.936,951.112,-36.112
193.980,961.360,-16.348
185.440,958.432,8.784
227.408,936.228,32.940
228.628,921.588,80.276
204.716,935.496,81.252
162.016,985.028,52.704
157.868,994.788,30.988
175.680,995.276,16.592
205.204,978.928,17.080
208.620,971.364,35.380
186.660,977.708,51.728
197.640,999.912,17.568
222.772,1023.824,-32.208
235.460,1040.172,-50.264
285.968,1039.196,-65.636
278.648,1009.184,-40.016
260.592,973.072,3.904
