acc_x[mg],acc_y[mg],acc_z[mg]
-118.096,960.140,-12.932
-110.288,968.680,-30.256
-103.456,985.760,-40.016
-136.884,988.688,-20.984
-129.564,995.032,-35.136
-130.052,991.128,-37.088
-119.316,983.076,-25.376
-126.148,981.124,-8.540
-114.680,986.248,-23.912
-110.288,994.300,-41.724
-103.700,997.960,-59.292
-130.784,996.252,-36.356
-132.736,984.052,-11.468
-125.660,981.124,-6.588
-111.508,972.584,-11.224
-95.404,977.464,-32.940
-118.828,984.784,-24.888
-119.316,986.248,-39.284
-125.416,989.420,-42.212
-126.148,977.464,-22.204
-123.708,974.536,-24.888
-140.300,971.852,-25.620
-140.300,969.168,-35.136
-151.768,965.264,-28.304
-162.748,965.508,-25.376
-128.344,970.876,-55.144
-152.500,968.192,-41.236
-166.896,973.316,-27.328
-157.868,974.048,-28.792
-164.212,974.780,-28.548
-140.788,979.904,-54.656
-66.368,982.588,-111.264
-115.656,996.496,-77.104
-177.632,985.028,3.172
-193.492,969.656,34.648
-152.256,971.852,4.636
-120.048,966.972,-24.644
-93.696,967.704,-33.916
-117.608,982.832,-20.496
-158.356,986.980,12.200
-137.616,992.836,-3.172
-120.780,989.420,-11.468
-113.216,982.588,-7.808
-101.504,981.124,-9.028
-87.108,978.928,-21.228
-112.240,988.444,-12.932
-103.700,977.708,-15.860
-93.452,978.928,-36.112
-130.540,978.684,-24.400
-135.908,968.680,-15.616
-125.416,966.972,-34.160
-137.860,966.972,-34.160
-132.492,964.532,-24.400
-155.184,965.264,-7.808
-152.744,964.776,-14.640
-142.008,970.876,-33.184
-141.276,976.976,-46.116
-135.420,977.708,-47.092
-145.668,980.392,-31.720
-148.352,976.488,-27.084
-129.808,983.320,-42.212
-142.740,982.832,-38.064
-129.320,970.144,-32.940
-135.176,969.412,-21.472
-131.272,978.196,-23.180
-132.980,982.344,-24.156
-132.736,978.440,-19.764
-120.536,978.684,-17.812
-116.388,989.908,-29.280
-114.680,992.104,-35.380
-105.408,993.812,-53.680
-109.800,986.492,-50.020
-114.192,980.636,-32.452
-123.220,981.612,-21.228
-126.880,977.464,-12.200
-110.044,973.560,-19.032
-125.416,971.852,-20.984
-129.808,973.316,-18.544
-129.808,982.344,-23.180
-130.784,991.372,-34.648
-115.900,979.660,-40.260
-112.484,978.928,-37.088
-131.028,977.952,-16.104
-136.884,982.344,-16.104
-134.444,988.200,-28.548
-131.516,997.960,-37.088
-115.656,991.128,-42.944
-116.144,990.152,-41.480
-124.928,981.368,-28.304
-126.392,973.316,-15.128
-111.752,975.512,-17.812
-105.164,987.224,-18.300
-113.216,994.544,-24.888
-121.268,1001.132,-17.568
-134.932,1013.088,-19.520
-144.936,1019.676,-14.884
-165.432,1044.076,-28.792
-196.420,1058.228,-63.928
-249.124,1087.752,-98.576
-314.028,1073.600,-68.564
-331.596,1056.276,-45.628
-312.076,1040.416,-29.768
-170.556,1036.512,-94.672
-173.484,1048.468,-103.944
-337.452,1042.856,-28.548
-147.620,1003.084,-107.604
-104.676,937.936,-58.316
-133.712,895.968,-6.832
-57.828,817.156,20.008
-142.008,724.680,38.552
-400.404,588.528,93.940
-259.128,278.892,170.556
394.548,44.896,202.276
873.520,-78.568,296.948
946.964,-116.876,269.376
1123.864,8.052,182.268
1188.036,60.512,-3.904
1193.404,-93.452,219.112
1350.784,-229.116,457.256
1315.160,-257.176,551.196
1288.808,-179.096,509.228
1264.896,-94.672,421.876
1195.112,-54.656,321.348
1262.700,-27.572,293.044
1251.232,-40.748,339.160
1211.948,-12.200,310.124
1158.756,41.480,265.472
1119.960,85.888,217.892
937.692,127.856,246.928
932.568,153.232,279.380
1059.204,116.876,218.136
1053.104,123.708,176.900
1025.044,120.292,203.252
966.728,120.536,211.792
969.412,127.124,205.448
1035.780,138.348,182.512
1077.260,134.932,193.248
1067.012,136.640,217.892
1070.672,137.616,263.764
1015.040,166.408,329.888
1049.200,192.272,407.236
1083.848,194.712,427.000
1091.900,215.940,438.468
1047.492,233.996,491.416
984.052,226.432,580.964
954.284,227.408,600.728
942.572,244.488,595.848
946.476,254.492,584.380
884.988,252.052,592.188
800.320,243.512,619.760
809.836,222.040,597.312
839.116,218.136,527.528
847.900,197.884,510.692
799.588,184.952,531.432
732.244,168.360,534.848
773.724,133.468,495.076
747.860,102.968,414.800
654.164,74.664,432.612
619.272,48.068,481.900
608.780,7.564,475.068
629.520,-27.572,384.056
703.208,-22.204,274.744
663.192,-8.784,241.804
651.236,-23.424,202.764
604.144,-61.244,215.696
702.476,-62.708,159.820
742.736,25.620,104.432
701.988,-20.496,153.232
801.540,-80.764,51.728
960.628,-113.948,-72.712
1067.500,-80.520,-133.224
799.100,-53.436,24.156
821.060,-83.448,-3.172
983.076,-118.096,-163.480
1092.876,-113.460,-309.636
1102.392,-74.420,-385.276
1067.500,-92.232,-368.196
1162.660,-153.964,-386.008
1285.148,-163.968,-469.456
1393.728,-139.324,-550.708
1392.264,-118.096,-533.872
1390.556,-150.792,-501.176
1420.324,-221.064,-475.312
1375.916,-283.284,-425.536
1378.844,-241.072,-377.712
1364.448,-221.796,-356.728
1370.548,-314.760,-284.504
1367.620,-399.184,-153.720
1307.108,-441.396,-45.872
1280.756,-378.200,-74.908
1167.540,-390.644,-102.236
1199.260,-416.508,-101.748
1147.776,-412.604,-21.228
1039.196,-353.800,67.344
1075.552,-392.352,146.888
992.104,-457.256,291.580
901.336,-505.812,390.644
721.020,-497.516,449.936
544.120,-436.760,495.320
616.588,-379.176,427.488
606.584,-360.876,442.860
600.240,-354.776,440.664
531.188,-368.196,457.256
436.272,-368.684,474.336
545.340,-419.924,538.264
665.388,-485.316,656.848
555.588,-526.064,802.760
433.588,-543.144,956.968
484.828,-573.888,1043.100
740.540,-531.676,972.096
1032.364,-535.580,925.004
984.784,-585.356,1037.000
1055.300,-678.564,1111.664
1157.536,-709.552,1109.468
1102.392,-726.876,1069.696
1377.624,-730.048,913.048
1509.628,-724.192,815.448
1430.084,-756.400,815.448
1373.720,-860.344,839.116
1279.292,-961.848,871.324
1273.924,-1004.792,754.692
1545.008,-884.988,290.360
1740.452,-754.204,-254.980
1518.168,-710.284,-256.200
1257.820,-768.112,17.324
1308.328,-779.824,-72.224
1169.980,-785.924,-91.988
1100.440,-659.044,-221.064
1035.048,-467.748,-388.448
1158.756,-298.900,-508.740
1317.600,-171.532,-559.492
1169.492,-190.564,-383.080
1152.168,-247.416,-297.192
1051.396,-314.760,-164.700
872.788,-347.700,-50.996
716.384,-306.708,-21.716
545.828,-254.492,-59.292
519.964,-213.256,-69.784
540.460,-214.964,-3.172
649.040,-204.960,-0.732
727.608,-202.032,45.872
710.772,-194.712,144.936
625.616,-135.176,150.060
738.344,-90.524,111.996
743.468,-121.268,231.800
832.040,-142.252,297.680
847.412,-145.180,372.344
888.160,-163.724,395.280
994.788,-157.380,349.408
940.864,-147.620,374.784
922.808,-155.672,389.912
948.672,-175.924,396.988
962.336,-207.888,436.516
1025.532,-200.812,413.824
991.860,-198.372,414.800
944.524,-191.784,426.024
900.116,-178.364,428.220
992.836,-175.680,389.180
973.072,-189.344,385.764
1050.908,-188.856,304.512
1028.460,-179.584,376.004
1003.572,-180.560,421.388
1157.048,-222.040,373.808
1478.884,-330.620,448.228
1775.344,-520.696,598.532
1922.476,-731.268,732.732
1455.948,-792.024,1025.288
922.808,-532.652,697.108
636.108,-24.644,-52.460
14.152,449.204,-187.148
-724.436,966.728,40.748
89.060,998.692,-302.560
364.292,908.900,-380.884
251.808,790.316,-124.196
408.456,685.152,22.692
445.056,697.596,56.120
410.408,780.312,-11.712
334.280,857.416,-70.516
304.268,882.304,-91.988
319.884,862.540,-99.308
401.868,868.152,-157.868
417.728,847.412,-103.700
516.548,880.596,-154.208
520.208,933.544,-166.164
492.148,973.072,-137.860
435.296,970.632,-138.104
423.340,935.252,-111.752
498.248,891.332,-83.692
734.928,970.876,-223.504
716.628,1072.380,-159.820
645.380,1052.616,-48.312
576.816,1027.728,-47.336
544.852,1044.320,-161.284
469.944,1030.412,-191.540
485.560,1012.844,-249.612
462.868,1021.384,-307.196
426.268,1054.568,-358.192
391.864,1033.584,-340.380
347.456,1008.940,-326.960
361.852,1023.336,-375.760
431.148,1004.060,-399.916
433.100,965.752,-270.840
483.120,943.548,-193.004
477.020,944.280,-164.944
454.084,923.540,-127.368
486.536,917.928,-127.124
486.292,929.884,-132.248
410.896,914.756,-43.676
377.224,893.040,46.848
401.624,910.364,6.832
393.084,936.716,-51.240
455.060,941.108,-42.944
387.472,915.976,41.724
334.768,917.928,46.848
398.940,904.508,-13.664
406.260,893.040,-2.196
416.996,875.960,20.252
463.600,899.628,-24.888
417.728,907.924,47.580
373.808,920.612,98.576
321.836,955.992,79.788
291.580,955.260,56.852
341.844,971.364,-27.572
264.008,967.460,15.860
247.172,964.288,36.112
225.944,965.996,57.096
198.616,978.928,42.456
183.976,956.968,49.776
207.156,906.948,91.988
191.784,880.352,144.204
134.200,856.440,217.404
218.136,876.692,142.252
121.024,901.580,139.812
59.780,917.928,120.292
28.792,923.540,102.724
30.988,928.908,104.676
61.488,922.564,58.560
23.912,919.880,62.464
-1.952,924.760,82.472
-15.128,898.408,123.708
15.860,863.516,146.644
6.588,863.028,142.252
-30.256,866.200,141.276
-30.988,878.644,111.996
-39.528,864.004,114.192
-32.696,854.488,117.608
-49.044,846.436,141.276
-51.972,849.120,179.096
-3.416,873.276,148.840
11.224,904.752,85.400
-5.368,928.420,57.340
7.076,959.164,4.148
-20.252,978.196,-1.952
-27.816,971.120,18.056
-53.436,954.528,48.556
-46.604,948.916,87.840
-73.688,935.740,111.264
-99.552,938.668,118.340
-78.568,980.880,103.944
-68.076,992.836,54.412
-19.276,1016.016,-25.132
-20.740,1029.924,-58.072
-39.040,1011.868,-39.284
-26.352,991.860,-30.500
-35.624,980.148,-8.784
-32.696,964.776,-4.392
-35.380,973.804,-11.712
-5.856,992.836,-23.668
-9.028,1030.412,-50.508
-41.236,1034.072,-40.504
-67.588,1026.996,-16.836
-77.104,1026.508,12.200
-25.376,1021.384,-5.124
-31.476,1042.124,-40.016
-70.516,1045.052,-33.184
-74.664,1036.512,-18.544
-106.872,1024.556,10.248
-101.016,1008.452,11.712
-87.108,1007.964,-6.832
-67.832,1011.136,-49.044
-146.888,1059.448,-98.820
-191.540,1059.448,-83.448
-175.680,1008.208,-24.888
-131.760,959.408,26.596
-56.120,948.672,-12.444
-117.120,931.836,17.324
-225.944,936.716,63.196
-339.160,934.764,-26.108
-195.200,852.048,-129.808
-240.096,743.956,-141.520
-488.732,509.716,144.448
-110.776,181.536,372.588
392.108,-20.496,457.988
818.620,-108.580,279.868
1210.484,-177.388,192.760
1662.860,8.540,-72.468
1483.520,124.440,-202.764
1462.780,25.376,109.556
1565.504,-97.600,233.264
1534.028,-143.472,373.808
1354.932,-114.680,449.936
1304.180,-33.184,409.432
1234.152,32.208,319.640
1165.344,86.132,274.988
1042.124,93.208,354.776
995.764,144.448,367.952
957.944,188.856,323.300
872.788,271.328,299.144
874.984,325.740,312.564
843.508,326.960,365.512
835.700,337.940,434.076
926.956,355.752,506.544
985.516,350.628,548.268
986.492,343.064,650.748
921.344,336.232,708.088
808.860,318.420,736.636
842.776,299.632,733.708
732.000,240.340,708.088
579.500,221.796,797.636
554.612,130.540,852.536
617.076,86.620,736.636
615.124,51.972,601.948
463.844,41.236,541.680
501.664,16.836,507.032
553.636,-50.508,457.988
625.128,-88.328,294.020
666.120,-112.240,108.824
767.136,-112.484,-40.992
572.668,-96.868,80.520
488.244,-211.548,183.000
675.636,-272.304,1.952
1009.428,-267.180,-238.632
1179.496,-208.376,-410.164
1004.304,-146.400,-388.204
956.480,-147.376,-395.280
938.912,-191.052,-387.960
1148.264,-265.472,-425.048
1301.740,-216.428,-629.764
1223.904,-219.844,-622.444
1350.540,-257.176,-652.456
1569.164,-262.300,-832.040
1689.456,-270.596,-1033.096
1731.668,-262.788,-1021.628
1564.772,-319.396,-800.320
1416.176,-366.488,-526.552
1315.892,-430.172,-306.220
1240.984,-435.296,-246.928
1225.612,-430.416,-194.224
1036.024,-439.444,-43.188
908.656,-436.760,50.752
835.700,-483.852,146.888
872.544,-510.204,225.700
908.656,-521.428,345.016
789.828,-516.548,437.736
598.776,-471.896,421.388
586.332,-463.356,449.204
626.592,-479.704,537.288
765.184,-474.336,584.624
641.964,-498.248,646.844
236.924,-516.548,753.472
424.072,-563.396,847.900
559.492,-615.612,908.900
752.496,-697.108,944.036
816.912,-747.372,1093.852
735.904,-767.624,1132.404
680.516,-841.800,1168.272
1082.384,-947.452,1154.852
1379.088,-1000.888,1022.604
1400.316,-990.396,1040.416
1361.276,-992.104,1075.308
1439.356,-965.020,818.864
1572.580,-997.960,643.916
1521.584,-1078.480,642.940
1532.808,-993.080,433.832
1562.576,-855.220,35.868
1783.884,-743.712,-357.460
1669.936,-730.536,-421.144
1434.232,-735.660,-226.920
1346.148,-672.464,-227.652
1566.236,-550.708,-470.432
1542.568,-458.476,-574.132
1184.620,-370.636,-522.892
1099.464,-331.596,-436.760
991.372,-326.716,-397.964
765.184,-350.384,-222.772
739.076,-370.636,-119.072
751.032,-386.252,-15.372
848.144,-418.460,50.508
750.056,-388.692,78.812
854.244,-357.948,39.528
896.700,-420.168,202.276
1175.592,-549.244,441.640
1502.552,-747.860,678.808
1720.688,-1018.212,723.704
1622.112,-1124.108,428.464
1080.920,-914.756,369.416
101.748,-492.880,598.532
-838.872,173.728,354.288
-697.108,937.692,-490.440
4.880,1169.980,-883.768
-322.324,993.568,-416.996
-104.920,716.140,-121.024
119.560,626.104,0.488
255.956,700.768,-71.004
210.084,789.584,-88.328
196.664,873.520,-165.676
212.036,900.604,-185.928
285.236,821.548,-115.900
377.224,765.184,-38.308
324.276,764.452,4.636
319.884,850.828,-118.584
415.288,951.356,-348.188
297.436,994.300,-281.088
294.752,963.556,-248.392
470.676,941.108,-320.616
460.428,857.416,-151.036
402.112,857.660,-5.124
423.584,858.880,-64.416
515.816,952.576,-183.488
470.676,976.488,-120.048
451.644,1026.264,-110.288
433.832,950.380,-46.604
472.384,893.528,-48.068
505.812,902.312,-88.328
451.644,903.044,-77.348
442.372,904.996,-73.932
441.640,898.164,-91.012
442.128,861.076,-92.964
416.020,848.144,-79.056
426.512,859.124,-118.340
407.236,877.912,-128.344
401.136,887.184,-119.560
407.480,885.964,-95.892
427.488,894.748,-123.708
448.228,908.656,-168.116
393.084,912.316,-128.588
371.612,895.480,-96.868
414.556,882.304,-104.188
446.032,895.236,-102.724
439.932,891.820,-82.716
460.184,919.880,-124.196
386.740,917.196,-77.348
410.164,907.192,-108.336
416.508,913.292,-111.508
454.328,919.392,-127.368
466.772,922.564,-125.904
449.204,917.928,-102.480
451.888,925.248,-152.256
416.264,942.572,-194.224
379.420,934.764,-190.076
386.252,948.916,-230.336
373.076,966.972,-249.368
427.488,968.680,-270.352
440.420,976.732,-261.812
405.040,987.468,-239.608
410.896,1008.940,-276.452
388.692,1003.328,-256.932
383.812,985.028,-243.268
410.164,970.876,-233.508
431.880,948.428,-192.272
439.688,941.596,-166.652
459.696,957.700,-197.640
445.544,990.640,-203.984
416.020,992.592,-187.636
434.320,991.860,-214.232
435.784,1004.060,-221.308
428.220,986.248,-206.180
441.396,985.516,-202.032
434.320,986.736,-198.128
416.264,989.664,-165.676
424.072,1022.116,-157.868
459.208,1024.800,-177.144
460.916,1020.652,-177.876
429.196,1009.916,-126.880
426.512,1010.160,-129.076
431.392,1027.240,-201.056
437.980,997.472,-149.084
439.200,953.552,-30.012
396.744,959.408,6.100
403.576,982.588,-42.212
386.008,986.736,-50.508
360.388,985.516,-37.088
330.376,992.592,-61.732
322.568,1023.580,-111.264
323.544,1026.752,-107.604
277.184,973.072,-11.224
235.704,965.264,30.012
285.724,981.612,-76.616
273.768,987.712,-124.196
283.772,965.752,-98.332
200.568,947.940,1.952
142.252,941.596,55.632
140.300,942.572,5.856
141.520,915.976,-1.464
127.612,884.012,27.572
75.396,874.496,79.300
37.332,876.936,96.868
37.088,858.148,96.624
63.196,836.188,100.772
57.340,824.720,119.804
8.784,807.884,187.880
-4.392,820.816,224.724
-18.544,815.692,230.336
19.276,821.304,187.636
37.576,818.864,151.036
-41.968,823.012,236.436
19.276,825.940,252.052
23.180,850.828,212.524
-27.572,869.128,210.572
35.624,870.592,158.844
0.488,891.088,158.112
-34.160,908.900,156.892
-20.496,897.188,166.896
-44.896,893.284,203.740
-39.528,919.392,176.656
-47.580,927.932,142.740
-62.464,939.888,102.968
-79.056,945.744,116.388
-90.768,936.716,161.772
-102.968,911.828,193.980
-73.200,905.484,188.856
-78.568,925.736,172.752
-82.228,967.460,141.276
-77.348,1000.888,92.232
-60.756,1020.652,58.072
-75.396,1024.556,77.592
-71.736,1010.892,107.116
-72.468,1013.576,141.032
-79.056,1010.160,152.988
-45.872,1016.504,105.896
-86.864,1022.848,100.040
-107.116,1022.360,102.968
-136.152,1011.868,144.936
-178.852,1026.996,156.892
-185.684,1054.080,117.364
-149.816,1051.640,49.044
-257.664,1052.128,21.960
-302.316,1070.916,-96.380
-489.220,1033.340,-96.624
-750.300,911.340,7.320
-698.816,693.448,108.092
-579.500,454.572,266.204
-294.508,181.292,501.420
129.320,-105.896,716.140
593.896,-358.192,511.912
1320.284,-90.280,-222.284
1142.164,148.352,-237.656
1113.860,90.036,123.952
1209.020,89.060,96.380
1481.568,50.508,42.456
1602.104,-65.148,179.584
1419.836,-110.044,416.020
1404.220,-44.652,417.240
1405.196,14.640,376.980
1275.632,81.496,398.452
1215.120,111.996,443.348
1185.108,137.860,488.000
1125.816,183.732,477.508
1093.608,241.316,493.856
1109.712,272.792,549.244
1115.812,281.088,647.820
1103.612,269.132,736.392
1080.432,218.380,866.444
971.120,178.120,926.224
1041.148,95.160,901.092
971.852,82.960,803.248
838.872,102.480,774.700
622.932,104.920,758.108
535.336,78.568,727.364
520.208,52.948,619.272
407.968,33.184,548.024
323.788,-39.772,560.468
376.004,-103.700,380.152
395.768,-150.304,183.488
552.172,-164.456,-23.424
630.008,-94.428,-275.232
448.472,-80.520,-313.784
463.844,-111.996,-375.028
734.684,-95.892,-695.400
955.504,-25.132,-971.364
927.444,-3.416,-971.608
961.848,-10.736,-999.912
1070.428,-30.744,-1078.236
1287.344,-62.464,-1159.488
1364.936,-35.380,-1268.068
1366.400,-57.096,-1233.664
1488.400,-68.076,-1242.692
1455.948,-110.776,-1173.152
1422.764,-204.960,-1040.172
1304.668,-309.636,-795.928
1154.608,-350.628,-628.056
1009.672,-394.792,-405.528
784.704,-458.476,-124.440
803.736,-517.768,-87.352
796.660,-569.496,21.228
566.080,-623.176,352.824
569.496,-619.272,381.372
509.716,-694.424,478.728
642.452,-692.716,545.096
455.304,-768.600,707.600
462.624,-775.432,913.048
587.552,-798.612,999.668
694.424,-789.340,1041.392
811.544,-765.672,1101.904
956.480,-797.636,1086.532
1187.548,-716.872,904.508
1167.296,-733.708,828.380
1438.624,-772.992,792.756
1368.352,-854.000,922.808
1477.176,-859.368,1005.280
1612.108,-838.628,867.664
1625.284,-773.968,534.116
1607.960,-737.612,414.068
1647.732,-752.984,396.988
1785.836,-696.132,132.736
1799.256,-616.588,-245.464
1708.976,-519.964,-483.852
1507.432,-510.936,-471.408
1542.812,-512.400,-479.460
1657.248,-500.932,-580.964
1385.188,-583.160,-383.324
1203.408,-564.860,-303.048
908.656,-492.148,-300.852
1054.324,-396.988,-337.452
810.324,-335.012,-274.744
751.032,-291.092,-236.436
935.252,-264.252,-243.268
1051.640,-333.060,-132.492
1186.816,-412.116,80.520
1075.796,-423.828,179.340
1036.268,-363.804,135.176
1387.140,-366.488,-86.132
1593.564,-453.596,1.952
1463.756,-545.096,281.820
1103.124,-500.444,547.048
370.392,-190.076,571.204
157.380,363.316,4.880
699.060,758.352,-467.504
196.176,813.740,-245.464
155.428,857.660,-252.784
66.856,863.028,-243.268
231.312,828.380,-280.356
141.764,789.584,-131.760
152.256,795.684,-81.984
137.372,787.144,-47.336
183.000,807.152,-77.592
193.248,812.764,-47.092
238.144,802.516,36.600
321.104,843.996,7.808
321.348,893.528,-32.696
327.448,911.340,-68.076
328.912,947.208,-61.244
313.540,922.564,-92.964
365.024,961.116,-181.536
347.456,978.684,-164.212
370.880,943.548,-98.332
412.116,877.424,0.488
469.700,888.404,-45.384
418.216,923.296,-52.460
425.536,925.248,-83.692
397.720,921.344,-17.324
392.108,889.136,-15.372
393.816,904.264,-73.200
391.132,959.896,-120.048
358.436,938.912,-138.348
368.440,950.624,-125.416
409.188,946.232,-114.924
425.048,960.140,-129.808
407.724,972.096,-106.872
398.208,964.532,-97.844
365.024,963.312,-73.932
369.172,962.580,-100.284
363.316,964.044,-114.924
355.020,983.564,-131.028
354.532,1008.940,-155.428
353.800,1026.020,-191.052
303.780,1022.848,-173.484
368.196,1011.380,-245.220
378.200,1074.576,-299.632
306.464,1061.888,-227.652
368.928,1025.776,-214.476
426.024,1044.076,-181.780
404.552,1042.856,-141.764
435.052,1039.440,-218.868
386.496,1090.680,-260.836
304.268,1089.704,-209.352
412.604,1085.800,-270.352
452.132,1111.176,-247.904
346.724,1058.716,-88.572
342.576,1025.044,-60.756
320.372,1020.408,-67.588
315.004,1037.976,-115.168
412.848,1077.260,-259.372
364.780,1058.472,-188.856
352.824,998.936,-85.644
322.324,976.244,5.124
339.892,1000.644,18.300
340.868,1007.232,-6.344
351.848,1001.864,-45.140
286.944,990.640,55.388
262.300,947.452,142.252
274.744,938.424,138.592
284.992,948.184,88.816
275.232,994.056,25.620
168.604,1008.452,63.928
130.784,961.604,121.268
145.912,908.412,130.052
119.804,870.104,127.124
127.368,868.396,83.692
55.632,876.936,92.476
29.036,865.956,94.916
33.428,853.024,92.720
4.392,860.832,110.288
6.588,843.752,90.768
-37.088,841.312,102.236
-73.688,835.212,127.368
-63.196,815.448,129.808
-72.468,825.940,133.712
-61.000,851.804,75.640
-84.180,864.736,76.128
-89.792,843.996,99.552
-104.920,835.700,145.912
-95.160,809.104,179.096
-61.732,809.836,186.904
-38.552,847.656,153.720
-108.824,889.136,162.504
-167.628,901.336,162.016
-228.384,899.140,157.380
-54.900,892.796,7.564
53.436,918.660,-64.172
-141.764,921.100,67.344
-254.004,915.732,160.064
-151.524,912.316,126.392
-16.348,899.384,54.412
3.904,931.836,38.796
-93.452,946.232,93.452
-143.228,941.840,155.428
-97.356,957.212,153.720
-38.308,959.164,113.216
101.260,977.952,9.760
53.436,1002.596,39.284
-50.020,1008.208,101.992
-78.080,1012.356,94.184
-145.180,1020.652,107.360
-46.116,1023.336,26.596
-31.964,1045.296,-68.564
7.320,1030.412,-114.436
-0.976,1000.644,-79.544
-64.416,980.148,21.472
-141.276,961.848,51.240
-148.108,998.448,27.572
-187.636,986.004,-20.984
-207.888,927.932,-78.812
-355.020,815.936,-53.924
-177.632,601.948,-27.084
173.728,406.748,-8.784
306.952,324.764,121.268
273.280,250.588,201.544
865.956,200.324,129.564
911.340,208.376,-106.140
1059.692,362.340,-346.724
1079.700,310.124,-145.424
1113.616,164.456,331.840
1342.976,33.916,417.240
1381.040,5.368,487.512
1203.408,14.640,651.724
1264.896,6.832,812.764
1303.692,5.856,877.912
1274.900,35.136,924.028
1182.180,100.040,1019.188
1077.260,116.144,972.340
1087.264,118.828,928.908
1088.972,140.788,740.296
848.632,87.840,835.700
893.284,75.152,787.388
831.796,58.804,671.000
805.444,54.900,646.844
716.384,67.100,547.780
623.664,95.648,478.728
637.328,71.736,434.320
656.604,67.588,449.204
629.276,29.768,437.492
689.300,45.140,239.852
617.808,16.348,220.088
455.304,-25.132,202.032
473.604,-33.184,156.648
556.564,-76.616,55.632
531.676,-40.016,-153.964
640.988,-38.064,-238.144
633.912,-71.736,-237.900
878.156,-54.900,-588.772
1052.128,-25.376,-854.488
1099.464,16.348,-961.604
1111.420,-6.100,-945.012
1255.380,-50.996,-956.480
1339.804,-71.492,-1062.376
1369.816,-91.988,-988.688
1393.484,-73.444,-976.732
1384.456,-98.088,-874.252
1367.376,-173.728,-732.000
1361.764,-253.516,-666.852
1385.920,-320.128,-626.348
1266.116,-333.548,-510.692
1182.180,-312.564,-366.000
1008.208,-329.156,-279.136
1081.896,-399.916,-175.924
967.460,-462.136,-41.724
896.944,-495.320,101.260
753.716,-474.580,175.436
652.456,-431.148,151.036
538.020,-454.328,179.096
449.692,-478.240,179.096
449.936,-515.084,307.440
636.840,-625.860,494.588
373.076,-679.296,753.960
450.180,-736.636,973.804
542.900,-751.764,976.488
445.056,-818.620,1044.564
905.484,-812.520,955.992
854.000,-778.116,1001.620
1045.296,-771.284,1037.976
1209.752,-823.744,990.640
1436.184,-779.580,752.740
1587.464,-701.988,624.884
1591.368,-695.400,647.820
1574.532,-721.264,661.972
1673.108,-721.508,564.372
1694.336,-754.204,472.872
1708.732,-752.740,359.168
1651.148,-746.884,259.616
1348.100,-796.416,360.388
1378.112,-827.404,277.184
1388.604,-719.800,-64.904
1554.524,-540.460,-516.304
1332.728,-448.960,-566.812
1173.640,-455.548,-484.584
1043.344,-443.592,-437.980
924.272,-428.220,-426.512
817.400,-358.924,-433.344
827.160,-300.364,-467.504
866.688,-282.796,-489.708
755.912,-332.572,-259.616
715.164,-375.760,-54.168
683.200,-376.736,24.644
750.544,-368.684,13.420
733.464,-364.292,100.040
815.692,-378.200,94.916
1014.064,-439.932,189.100
1006.500,-462.624,356.240
1065.548,-434.320,327.448
1241.228,-363.316,227.164
1455.460,-438.712,287.676
1510.116,-515.328,339.160
1552.816,-540.216,282.064
1583.560,-565.836,300.852
1526.708,-509.472,279.136
1045.784,-320.128,416.020
875.960,-77.592,301.584
466.040,149.084,343.064
30.744,413.092,300.364
260.348,685.152,-61.732
158.600,763.720,-168.116
58.560,714.920,-107.360
302.560,712.236,-227.652
184.220,708.820,-48.068
182.268,745.420,-44.896
185.684,761.524,-101.016
245.464,835.212,-252.784
194.224,857.172,-197.640
131.272,828.868,-78.324
379.664,853.756,-103.944
336.720,843.020,60.512
320.860,849.364,65.636
484.340,905.484,-171.044
374.052,938.180,-156.160
447.008,971.120,-260.836
528.016,929.640,-219.844
396.744,902.556,-14.396
402.600,871.080,-23.912
430.416,915.976,-126.392
308.416,869.372,-50.508
283.284,825.452,-60.024
485.072,843.996,-267.668
416.020,890.600,-168.604
349.896,886.208,-57.096
477.752,920.368,-158.844
519.232,921.344,-179.828
466.040,906.216,-116.632
505.812,910.364,-153.720
416.264,894.504,-99.308
510.204,905.240,-184.952
449.692,897.676,-137.372
370.880,874.740,-72.468
389.180,861.076,-81.008
467.260,885.476,-152.744
476.288,884.012,-165.188
499.712,919.392,-176.656
481.900,927.444,-157.624
468.968,905.728,-137.128
475.556,886.940,-114.680
498.248,894.992,-144.448
495.320,927.932,-165.188
490.196,943.792,-186.172
466.528,932.324,-178.852
446.276,918.416,-160.064
421.388,904.996,-139.324
455.548,919.392,-193.248
449.448,938.180,-198.372
465.552,952.088,-202.520
434.564,925.736,-142.740
446.520,880.352,-110.288
445.544,849.120,-79.544
452.132,824.964,-62.708
490.928,838.628,-123.464
484.828,898.408,-167.384
421.632,923.540,-156.892
411.384,964.776,-188.368
410.652,984.296,-217.404
426.512,998.692,-240.584
430.416,1029.924,-251.076
428.220,1088.728,-274.256
448.472,1140.456,-298.900
453.352,1132.648,-248.880
494.832,1083.604,-197.640
507.032,1066.036,-170.312
472.140,1065.792,-129.564
470.676,1098.000,-145.912
441.884,1113.128,-173.240
415.044,1088.972,-169.580
459.696,1053.348,-178.120
416.020,1021.384,-111.996
408.212,1043.344,-116.388
325.984,1058.228,-116.632
279.136,1046.516,-113.460
325.252,1035.536,-156.648
429.196,999.668,-204.228
425.780,972.828,-132.492
370.880,971.852,-41.724
259.128,966.484,39.040
242.292,940.376,73.932
263.764,904.020,61.488
324.276,898.164,-34.160
328.912,900.116,-68.320
233.020,935.740,-44.896
188.368,946.720,-45.140
178.608,950.624,-63.928
199.836,915.732,-19.520
181.780,877.668,39.040
108.336,902.068,66.368
128.344,961.116,46.604
135.908,958.432,31.964
120.292,898.652,56.852
189.588,867.420,22.692
206.668,822.036,47.580
109.800,726.876,233.996
143.228,663.924,333.548
126.880,663.436,312.320
126.880,712.724,223.748
123.220,741.516,181.292
98.332,747.616,180.560
62.708,733.220,208.864
104.920,743.224,144.204
42.456,805.688,78.812
60.512,838.384,26.108
73.200,866.200,-9.028
39.284,887.916,2.684
38.064,898.896,20.496
74.420,900.116,23.180
59.536,932.568,21.716
86.376,962.092,9.028
68.320,969.656,26.352
66.368,990.152,20.740
62.708,995.032,11.712
105.652,979.660,17.568
64.660,984.784,70.760
64.660,1002.840,89.792
79.300,1014.552,85.400
88.084,1017.968,76.616
100.040,1007.720,71.248
140.544,1001.132,64.660
154.696,1002.596,69.052
127.612,1006.256,80.276
127.856,999.424,89.792
128.832,982.100,106.628
96.380,972.096,134.932
136.640,965.020,111.752
171.776,974.780,80.276
142.740,999.668,75.884
91.500,1007.476,80.520
80.032,1010.160,81.984
72.224,1010.648,80.520
58.560,1008.452,93.696
-10.980,1034.072,84.668
-16.104,1077.748,-2.440
-96.868,1123.376,-90.280
-136.884,1095.804,-41.480
-252.784,1039.440,48.312
-375.272,988.200,81.496
-207.888,848.632,64.416
-167.872,712.480,99.308
-249.856,486.292,208.376
284.992,196.420,284.748
1163.392,100.284,74.908
1255.380,301.828,-77.592
1627.724,367.708,-206.424
1252.208,396.012,149.084
1194.136,370.392,530.700
1416.908,374.052,664.412
1470.344,310.368,783.728
1512.312,282.552,894.504
1124.840,278.648,937.448
917.928,240.096,1082.140
790.072,152.744,1103.368
661.728,24.400,1100.928
513.864,-64.416,1020.896
602.436,-64.660,714.920
416.996,-18.300,444.080
317.444,-14.396,288.652
243.268,-61.488,125.660
299.144,-136.152,25.376
522.892,-106.628,-216.916
434.808,-88.084,-415.044
365.512,-109.556,-446.764
483.120,-184.708,-471.652
726.388,-213.500,-565.592
776.408,-291.824,-528.992
882.548,-272.548,-692.228
942.572,-215.940,-841.312
980.636,-220.088,-789.584
1103.368,-298.412,-729.072
1206.092,-371.612,-704.184
1352.004,-394.060,-689.788
1618.452,-377.956,-920.612
1840.492,-398.208,-996.740
1821.460,-481.168,-882.548
1717.516,-579.744,-748.348
1542.568,-620.248,-466.040
1269.288,-589.504,-266.204
1092.388,-549.976,-131.028
922.320,-556.320,-87.352
745.908,-595.116,66.124
728.584,-585.112,284.748
622.444,-512.156,409.432
300.608,-456.036,400.404
184.220,-416.020,415.532
485.316,-489.220,381.616
430.416,-533.628,484.096
273.524,-519.232,618.296
-87.840,-558.272,716.872
-104.920,-678.564,950.868
324.764,-880.352,1240.496
426.756,-1022.604,1385.188
488.732,-1085.312,1396.168
708.088,-1136.552,1291.004
967.948,-1196.088,1219.756
1060.668,-1258.308,1273.924
1250.012,-1250.256,1136.552
1256.844,-1273.680,1053.836
1335.900,-1235.616,870.836
1385.676,-1249.280,783.972
1330.288,-1263.188,744.932
1434.476,-1179.740,402.600
1551.352,-1158.512,90.524
1490.596,-1174.372,124.196
1392.264,-1242.936,219.600
1348.588,-1192.428,25.376
1557.208,-1019.920,-277.916
1674.328,-844.728,-524.600
1744.112,-648.064,-585.112
1520.120,-592.432,-372.832
1372.744,-539.240,-356.972
1186.328,-544.120,-280.112
1111.664,-546.316,-178.120
1021.384,-550.952,-227.408
1197.796,-496.296,-348.432
1120.692,-558.028,-85.644
1205.116,-693.692,152.012
1287.588,-825.940,374.540
1686.284,-952.820,138.104
1327.116,-1008.208,191.784
962.580,-887.184,132.004
783.972,-813.984,46.360
361.364,-488.976,165.188
-197.396,-249.612,400.648
-473.848,179.584,94.672
-266.936,599.020,-327.692
-456.768,669.048,-109.800
-471.164,691.984,-133.468
-142.496,675.880,-180.316
-117.120,682.712,-1.220
57.096,753.472,6.100
46.116,790.072,107.848
136.152,869.860,10.980
159.576,975.024,-72.224
248.636,974.536,-71.004
306.708,950.136,25.376
371.856,911.096,51.240
409.432,947.208,13.664
289.872,972.340,29.768
268.888,1014.796,-79.056
251.076,1021.628,-136.640
167.140,980.148,-64.904
128.588,912.072,-6.588
316.956,871.812,-49.044
322.568,842.044,39.040
258.396,870.348,48.068
343.064,943.792,-96.624
427.976,1029.436,-195.200
316.224,1021.872,-71.736
389.424,1063.596,-64.660
367.464,972.096,67.344
336.232,927.932,119.804
431.392,935.252,0.244
334.768,922.808,36.600
285.480,901.336,67.100
359.900,899.628,-10.004
386.496,905.972,-42.944
312.808,909.144,12.932
384.300,942.572,-56.120
383.324,936.716,-32.940
365.512,940.864,-8.052
384.544,946.232,-17.812
397.964,940.864,-7.320
392.840,933.056,17.324
431.636,959.164,-39.528
381.860,966.240,-23.668
385.764,963.800,-45.140
366.000,968.680,-26.352
397.964,965.508,-52.460
389.912,983.808,-38.796
409.432,984.296,-36.600
399.672,995.032,-64.904
426.512,1051.152,-206.180
398.452,1123.132,-312.808
362.828,1150.216,-330.620
404.064,1130.696,-308.660
420.412,1098.244,-240.584
423.828,1092.144,-198.860
444.812,1094.340,-226.920
431.636,1091.168,-208.376
408.700,1102.392,-179.584
432.612,1091.656,-190.808
440.908,1084.336,-207.888
422.608,1082.628,-224.236
395.280,1050.176,-161.528
394.304,1005.768,-76.616
379.664,1003.084,-59.780
386.496,986.248,-91.988
399.184,932.324,-69.540
341.112,921.588,-49.288
317.444,973.560,-118.584
392.840,1019.676,-230.824
372.588,987.712,-109.312
311.832,932.080,57.828
348.432,931.592,64.904
351.116,943.792,62.220
377.468,984.296,-16.104
435.784,1021.872,-146.644
441.640,1029.192,-172.996
372.344,976.488,4.148
356.728,969.656,72.712
343.552,972.340,93.208
226.920,998.448,92.720
239.852,1000.400,-7.320
279.624,965.264,-73.932
277.916,929.152,-46.116
260.592,880.108,50.508
294.752,861.808,98.820
314.760,844.972,125.172
406.016,805.932,135.664
345.992,786.412,269.376
287.432,780.312,345.748
257.664,812.764,289.628
158.112,879.864,216.428
176.656,844.972,154.940
166.408,743.956,261.080
174.216,694.912,327.448
102.480,702.476,355.752
61.000,733.708,323.544
79.788,769.576,247.416
30.744,769.576,191.296
5.124,754.204,239.120
-0.488,701.988,382.348
94.916,746.396,349.164
113.216,825.208,238.144
114.192,873.032,153.232
42.212,908.412,136.640
25.620,934.276,152.988
39.772,945.256,174.460
61.732,970.144,143.472
69.296,969.168,140.788
68.320,963.312,152.012
34.404,930.372,191.296
27.328,960.384,208.864
39.284,993.812,173.972
30.988,1011.868,142.984
34.648,999.912,147.132
79.544,984.296,132.736
103.700,990.884,105.164
114.680,993.568,137.860
118.828,997.472,153.232
98.332,991.372,146.644
107.848,992.348,116.876
102.968,991.128,144.692
97.600,964.776,168.360
106.384,969.900,168.848
100.772,983.564,157.624
98.576,998.936,125.904
115.900,1005.524,78.568
118.096,1006.256,57.828
96.868,985.760,90.524
73.444,976.244,129.808
81.740,970.388,123.708
48.556,966.972,116.388
45.872,961.604,119.316
16.348,970.388,127.856
13.908,1007.720,77.348
-21.716,1023.092,42.212
-36.600,1022.604,46.604
-62.464,972.340,103.212
-108.336,940.132,165.920
-19.520,914.268,152.012
92.232,937.692,25.132
118.828,970.388,-105.164
49.532,925.980,-67.344
-170.312,850.584,98.088
-74.664,763.720,168.604
69.784,731.268,94.184
-95.404,630.496,108.580
80.032,448.960,92.476
129.076,267.424,144.692
174.460,47.824,376.004
764.940,-126.148,486.048
1182.668,-202.276,299.876
1284.416,-137.860,149.816
1525.732,-3.904,-11.468
1418.128,-32.940,69.296
1415.688,-97.600,242.536
1313.696,-128.100,321.104
1374.452,-80.520,284.016
1236.836,-59.048,234.240
1310.524,-38.552,275.964
1281.976,-40.748,363.804
1359.568,9.272,376.980
1235.616,63.440,370.392
1169.980,91.744,439.932
1026.996,91.012,591.700
1132.648,95.648,608.048
1083.116,59.780,671.732
915.244,21.228,732.000
931.348,47.092,786.656
919.636,-0.488,752.008
898.896,7.564,708.820
834.480,-22.204,676.856
622.444,-53.436,704.184
450.668,-90.036,690.520
340.624,-109.068,738.588
462.380,-145.912,586.820
519.720,-162.992,312.320
509.960,-130.296,112.240
358.924,-149.084,187.636
477.996,-196.420,123.952
607.560,-165.432,-108.580
663.436,-99.064,-341.600
739.808,-75.152,-432.856
714.676,-135.176,-420.168
795.684,-181.536,-481.900
914.756,-250.100,-493.856
1106.784,-276.696,-534.360
1204.872,-305.732,-568.764
1383.724,-329.156,-597.800
1474.980,-391.132,-500.932
1628.456,-435.296,-486.048
1721.664,-447.252,-530.456
1675.304,-434.076,-433.832
1601.616,-446.764,-305.488
1433.256,-479.216,-246.928
1388.360,-509.472,-171.288
1336.388,-527.284,-137.616
1189.988,-563.884,-31.720
995.520,-574.376,88.084
771.772,-549.976,181.048
701.256,-491.660,203.496
724.436,-492.636,266.448
592.676,-533.384,454.816
491.660,-517.036,524.600
427.244,-491.416,533.872
438.956,-472.140,495.320
470.676,-472.628,474.824
339.892,-509.472,512.400
299.144,-559.736,657.336
324.276,-692.716,854.244
551.928,-741.028,823.256
583.404,-780.556,873.764
424.316,-908.900,1017.968
608.048,-1084.336,1247.328
935.984,-1195.356,1327.116
1089.704,-1263.920,1369.328
1324.920,-1290.516,1261.236
1484.008,-1217.560,941.840
1516.460,-1119.960,705.648
1464.000,-1026.264,560.956
1580.632,-965.996,345.748
1512.312,-941.596,255.224
1532.808,-902.556,151.524
1656.028,-813.740,-114.436
1609.668,-754.448,-295.728
1534.760,-759.572,-208.376
1371.768,-806.664,-12.688
1366.888,-782.996,-53.192
1120.204,-722.240,-134.932
1108.980,-662.460,-220.088
1099.464,-638.792,-232.776
1113.616,-559.736,-256.444
869.860,-520.696,-187.880
911.828,-496.540,-130.540
786.900,-506.544,-11.712
608.780,-397.720,-47.092
623.664,-313.540,-91.500
598.776,-249.368,-83.692
550.952,-236.680,3.416
565.592,-243.756,93.940
754.692,-308.904,238.144
828.136,-317.444,329.156
999.912,-276.696,243.512
1176.324,-258.640,224.968
1335.168,-279.380,270.596
1604.056,-368.928,237.412
1653.832,-529.480,393.328
1623.088,-641.232,572.668
1827.804,-593.164,348.920
1231.224,-444.080,471.896
-253.028,-114.924,923.784
-1130.940,511.668,903.776
-42.212,961.360,-173.484
-195.932,912.072,-421.144
-291.824,930.372,-425.292
-268.400,726.388,-237.168
-348.920,646.356,-28.060
-243.268,619.272,2.440
-132.980,665.388,-44.896
67.344,740.052,-203.252
173.484,964.288,-278.160
116.144,1019.188,-133.956
200.324,966.728,-97.844
417.484,963.556,-114.924
371.856,946.964,83.936
373.564,924.760,92.964
399.184,962.824,-45.872
281.332,993.812,-20.252
247.660,978.684,-59.048
272.792,935.008,-142.496
256.688,971.852,-163.968
177.876,943.060,-84.668
225.944,915.732,-118.584
242.780,926.468,-81.252
310.612,925.980,-79.056
425.292,959.896,-156.404
393.084,985.028,-47.092
373.076,969.168,19.764
387.960,974.536,-11.956
324.764,954.284,14.152
339.404,912.072,16.348
448.960,941.108,-83.448
367.708,921.588,-13.420
366.244,940.376,-57.340
335.256,990.640,-116.876
304.756,1032.120,-167.872
318.664,1041.636,-195.688
359.412,1037.732,-234.728
355.752,1014.064,-202.520
321.592,1014.308,-133.956
342.820,1042.612,-164.456
326.472,1051.640,-197.884
381.128,1043.100,-257.664
463.844,1052.616,-361.120
418.216,1067.988,-345.992
378.200,1077.260,-279.624
390.156,1086.776,-247.904
455.792,1113.860,-305.000
469.212,1092.144,-289.628
445.300,1084.336,-225.456
459.208,1081.164,-202.520
459.940,1054.080,-191.784
405.284,1032.364,-146.888
471.164,1022.116,-156.892
490.196,1016.992,-172.264
488.732,1013.332,-196.420
379.176,1010.404,-126.880
252.540,1025.044,-78.324
384.300,1024.068,-175.436
547.536,1036.512,-294.996
565.348,1029.192,-289.140
513.132,1026.264,-213.744
544.852,963.312,-100.284
620.736,873.764,27.816
670.756,819.596,130.540
589.992,810.812,182.512
400.160,833.016,220.088
380.640,854.244,124.196
387.960,847.168,23.912
394.060,822.768,-6.832
322.080,797.880,60.512
253.760,750.300,119.316
343.796,680.760,122.732
441.152,688.568,-10.980
247.172,719.556,58.072
234.484,771.040,66.856
226.676,752.008,61.976
211.792,740.784,83.204
219.600,704.672,137.616
196.420,706.868,200.080
188.124,730.292,228.872
185.928,738.832,228.140
136.884,767.624,209.840
105.408,797.636,172.264
133.956,816.912,160.308
161.284,891.820,160.308
245.464,924.760,81.008
219.112,945.744,69.784
211.792,955.260,49.776
178.120,945.500,99.064
162.504,932.568,111.508
195.444,936.472,97.844
206.180,923.784,126.636
213.744,937.204,109.312
196.664,949.648,81.740
165.676,968.436,67.100
187.880,969.900,37.088
221.064,996.252,-22.692
246.684,992.592,-29.768
208.864,986.980,10.004
206.912,996.496,-2.440
222.772,973.072,-22.936
226.920,971.852,-53.680
233.020,978.928,-69.784
229.360,979.904,-85.400
204.960,983.076,-25.864
232.044,979.416,-28.304
224.236,965.752,-25.376
205.204,959.896,-15.616
212.036,970.144,-22.936
242.292,975.024,-54.168
242.292,963.800,-40.016
242.292,956.968,-26.596
203.496,962.336,-20.984
207.400,965.020,-30.744
188.612,966.484,-41.724
95.160,980.392,-62.464
177.632,984.052,-123.220
15.860,1039.196,-157.868
-192.028,1044.076,-111.752
-46.116,910.364,1.708
-244.732,863.516,103.700
-407.724,757.864,48.556
122.976,503.860,-121.756
333.060,300.120,162.504
614.148,238.388,161.040
922.564,275.232,-62.952
984.296,209.108,55.388
887.916,187.148,179.340
1237.324,195.200,-103.456
1312.232,116.876,-141.764
1382.260,28.060,74.176
1413.004,-33.916,122.000
1369.084,-9.760,174.460
1349.564,17.568,178.608
1244.400,0.244,271.328
1353.224,18.056,294.020
1213.900,67.832,308.416
1201.456,128.832,380.640
1105.564,176.656,446.764
1055.788,179.584,537.532
1068.964,188.612,603.168
873.520,179.340,751.032
714.432,149.084,890.844
729.316,99.552,904.752
577.304,15.860,975.512
474.580,-66.124,976.732
276.208,-97.844,978.928
286.456,-88.572,839.116
402.356,-28.304,562.664
347.456,-22.448,321.592
301.340,-12.200,106.628
100.284,-106.140,149.328
273.768,-122.488,-6.344
284.260,-170.800,-149.084
516.060,-250.344,-230.336
742.980,-301.096,-429.196
922.320,-337.208,-512.400
1025.044,-380.396,-526.796
1076.528,-448.716,-527.528
1290.516,-476.288,-573.400
1363.960,-433.588,-682.224
1461.804,-423.584,-720.044
1554.036,-431.148,-770.064
1749.236,-437.004,-840.580
1716.052,-518.256,-755.668
1641.144,-601.948,-539.240
1553.792,-657.336,-458.232
1631.384,-666.364,-539.484
1642.608,-695.400,-575.840
1349.076,-718.336,-422.608
1258.552,-782.752,-233.264
896.212,-802.272,-70.760
672.952,-751.276,-6.100
418.704,-763.476,141.032
137.860,-730.780,394.548
133.956,-701.256,540.460
198.860,-669.048,541.436
267.912,-610.488,534.848
266.204,-556.320,605.852
191.296,-515.816,733.220
164.212,-544.608,857.172
320.128,-627.080,923.540
568.032,-674.416,862.784
825.208,-662.704,786.412
671.732,-739.320,902.556
900.604,-885.720,988.444
1209.264,-1008.208,1013.088
1150.948,-1138.748,1182.180
1339.560,-1183.644,1187.792
1413.004,-1161.684,952.820
1542.812,-1092.632,632.448
1722.884,-1039.684,415.532
1593.564,-1059.936,437.492
1508.408,-1080.432,423.096
1522.560,-1114.104,388.692
1253.184,-1218.780,470.676
1471.320,-1148.020,153.720
1756.068,-891.576,-497.272
1640.656,-660.508,-751.764
1331.020,-602.680,-540.948
1081.164,-600.484,-331.108
872.056,-678.320,-139.324
787.388,-669.536,-142.252
683.444,-591.456,-237.656
680.516,-487.024,-329.888
648.796,-435.052,-275.476
598.288,-423.828,-143.228
642.452,-460.428,-93.940
710.772,-465.552,30.744
682.712,-460.916,136.640
856.928,-445.544,102.480
1106.296,-489.220,142.008
1272.216,-587.552,259.372
1550.376,-670.512,134.444
1759.484,-883.768,379.420
1918.572,-1100.440,770.064
1767.292,-1235.860,823.256
1611.132,-1008.940,425.048
397.964,-657.336,716.628
-957.700,238.876,775.676
64.172,608.048,-16.348
113.460,678.808,-390.156
-418.216,719.068,-294.264
-135.908,664.168,-458.232
-345.504,597.312,-232.532
-225.944,508.740,-114.192
-129.320,550.952,-110.532
-71.980,608.780,-79.544
119.072,791.048,-231.800
106.872,892.796,-148.352
197.152,885.964,-141.032
498.492,992.836,-283.040
490.928,1015.528,-74.908
520.696,965.020,3.660
726.144,954.040,-193.248
629.032,997.472,-73.200
504.348,980.392,-25.864
440.176,946.720,-80.276
440.908,941.352,-192.760
299.144,906.460,-111.264
267.180,835.212,-80.764
436.760,801.540,-199.836
417.728,842.532,-179.828
330.132,831.308,-114.924
410.652,911.828,-260.104
366.976,962.336,-249.368
399.916,987.956,-283.284
438.468,978.196,-276.940
428.952,942.328,-190.564
555.100,920.368,-263.764
486.292,915.732,-135.908
463.600,891.088,-82.472
483.852,867.664,-115.900
425.536,863.516,-96.624
361.608,839.116,-48.800
439.932,851.072,-130.540
470.432,883.280,-190.076
411.628,880.596,-116.144
470.676,891.332,-128.344
525.820,907.680,-181.048
545.828,919.636,-172.752
498.492,904.752,-78.568
491.660,922.564,-57.584
525.820,912.072,-89.304
529.480,926.712,-106.872
538.752,912.804,-84.180
565.836,913.536,-65.148
514.840,906.948,-4.392
503.128,936.472,10.492
437.492,933.788,49.044
507.520,928.176,-58.072
510.936,942.572,-105.408
410.896,937.692,-28.548
434.320,971.608,-36.600
391.864,989.908,20.008
461.404,1006.744,-14.884
522.648,1043.100,-70.760
467.504,1077.260,-39.040
516.792,1108.980,-121.512
491.416,1119.228,-149.816
469.456,1118.740,-162.016
481.900,1122.644,-203.740
414.068,1087.996,-155.672
349.164,1044.076,-98.820
349.896,1023.824,-94.916
382.348,996.252,-126.392
344.284,1004.304,-130.052
380.396,1004.548,-172.996
422.120,1041.880,-227.652
310.612,1089.216,-206.912
262.788,1060.424,-186.416
223.260,1022.848,-132.248
238.144,1000.400,-131.272
278.648,979.904,-146.644
363.072,960.872,-165.432
316.468,949.648,-108.580
239.852,925.980,-44.652
188.856,889.624,26.352
138.592,872.788,83.448
163.480,880.352,46.360
280.356,898.408,-78.324
224.968,917.196,-94.428
126.148,918.172,-56.608
63.684,915.000,-5.124
44.652,903.044,10.004
28.792,885.964,9.272
31.720,889.624,-31.476
131.516,871.080,-115.412
123.464,878.888,-120.292
61.244,878.400,-75.884
18.300,859.368,-16.836
22.692,849.608,-17.080
7.808,860.344,-20.984
-10.980,850.584,2.684
17.324,833.992,-6.344
52.460,840.092,-42.944
-9.028,871.568,2.196
-57.096,881.572,69.296
-36.844,895.236,57.828
-15.616,919.392,15.372
24.888,922.808,-25.620
-4.148,920.368,8.296
-17.568,907.680,43.676
-36.356,902.312,51.728
-46.360,915.000,47.336
-47.336,930.616,27.816
-42.456,936.472,-2.684
-59.780,937.936,-13.664
-74.176,934.764,-6.588
-81.496,935.008,15.616
-103.700,935.496,39.040
-82.228,937.204,12.444
-73.200,952.088,-2.928
-81.740,948.672,-2.928
-78.324,960.628,-19.764
-85.644,982.832,-25.132
-84.424,980.636,-5.856
-95.160,975.512,12.688
-74.420,966.728,9.028
-55.632,970.876,14.884
-60.268,966.484,35.136
-20.252,973.316,11.224
-33.916,1006.744,0.488
-60.024,1008.696,15.372
-42.944,1000.644,0.976
-50.508,1002.840,-8.296
-32.940,1024.800,-31.476
-30.256,1032.364,-46.360
-62.464,1016.260,-8.052
-74.908,1014.308,-0.488
-70.272,1007.964,-2.196
-68.808,1002.108,12.444
-57.340,990.152,3.172
-73.932,995.520,-11.712
-99.308,1016.748,-5.124
-166.652,1042.368,28.548
-359.900,1068.720,73.688
-417.240,1137.528,24.400
-319.152,1137.284,-121.512
-208.132,1163.148,-305.976
-424.560,1147.044,-284.260
-754.692,990.396,6.100
-402.112,691.496,123.220
81.740,517.036,140.544
8.540,331.840,346.236
453.108,160.064,423.096
1028.948,216.428,-142.252
903.288,348.432,-383.324
954.040,235.216,-113.460
842.532,72.956,295.240
1115.324,63.684,126.392
1065.792,39.040,197.152
1008.696,-17.324,439.444
846.680,-35.624,655.628
1150.460,-13.908,665.876
1158.268,-61.244,832.040
1062.620,-32.696,978.684
894.748,-77.836,1029.924
860.100,-157.380,1152.900
737.612,-252.540,1186.816
728.096,-297.436,1129.720
709.552,-315.004,879.132
706.868,-290.360,524.112
733.708,-212.768,178.608
519.476,-266.692,112.484
714.920,-266.448,-42.944
607.804,-256.932,-86.864
577.060,-190.808,-234.484
667.584,-206.912,-383.324
946.476,-249.612,-614.392
1213.656,-231.068,-921.832
1196.820,-206.912,-969.412
999.668,-163.236,-860.832
973.804,-284.504,-734.928
1373.232,-363.316,-904.996
1575.264,-376.248,-1136.796
1485.228,-361.852,-1197.308
1567.212,-326.228,-1250.988
1410.564,-337.940,-1176.568
1353.224,-396.744,-1058.228
1122.888,-451.156,-876.936
900.360,-500.688,-664.656
817.156,-549.488,-399.184
682.712,-646.600,-152.012
629.520,-712.480,-12.444
623.420,-685.396,46.604
510.448,-698.328,234.972
522.160,-731.756,490.440
397.232,-784.704,668.072
384.788,-828.624,800.808
345.748,-799.344,885.964
386.008,-877.424,1050.908
440.664,-1036.024,1309.060
522.892,-1075.552,1348.588
893.284,-1128.988,1283.928
846.680,-1207.800,1204.384
1187.304,-1209.508,1105.564
1209.264,-1231.956,1155.584
1191.696,-1174.860,1125.816
1209.752,-1044.808,789.096
1213.412,-972.584,593.652
1459.364,-943.548,572.668
1405.196,-972.096,605.364
1323.456,-1034.316,656.848
1305.156,-1108.004,587.552
1404.952,-1131.428,284.504
1711.172,-1073.844,-148.108
1778.028,-877.180,-332.572
1759.240,-686.372,-434.320
1537.444,-689.056,-236.680
1464.244,-776.408,-31.720
1454.728,-707.112,-85.400
1355.420,-580.476,-232.288
1080.432,-434.564,-340.136
878.156,-342.332,-272.060
858.148,-330.132,-169.824
696.376,-347.700,-80.764
660.508,-341.112,-38.552
572.424,-366.732,74.908
515.328,-353.312,123.464
494.100,-307.440,68.808
487.512,-282.308,106.628
557.784,-276.696,141.032
711.992,-303.780,140.056
701.744,-369.172,279.868
780.800,-391.376,345.504
801.052,-386.984,367.708
788.120,-391.620,406.504
951.600,-437.248,438.468
1193.892,-493.368,493.124
1349.564,-593.164,616.588
1707.268,-609.756,590.968
1595.516,-683.200,710.284
1914.912,-710.040,383.080
1648.464,-794.708,518.988
1124.596,-727.608,617.320
719.556,-458.964,453.596
-163.480,-2.928,493.368
-844.972,584.136,260.348
-240.096,920.368,-365.024
30.988,932.568,-459.696
-100.528,874.252,-193.980
124.440,733.464,-149.572
149.084,684.420,-1.708
180.316,693.936,-18.300
308.416,792.512,-170.556
178.852,848.876,-95.648
200.568,860.344,-109.312
359.900,863.028,-201.300
292.800,853.512,-92.720
268.888,854.000,-66.368
544.608,880.596,-315.492
449.936,944.280,-217.160
388.936,959.896,-153.232
426.756,1041.392,-199.836
436.516,960.628,-134.444
435.052,900.116,-43.188
596.336,882.060,-82.228
567.056,894.260,5.612
503.372,905.972,48.556
546.804,950.136,-76.128
565.836,980.148,-163.480
433.344,943.060,-79.544
420.168,946.476,-134.932
388.692,955.992,-199.104
422.120,969.656,-283.772
464.576,1025.288,-359.412
406.748,1056.764,-307.684
393.816,1053.836,-297.192
383.568,1068.720,-256.932
448.960,1071.160,-249.368
572.180,1057.252,-303.780
582.672,1064.816,-280.600
592.432,1054.568,-207.888
542.412,1010.404,-137.372
607.072,965.264,-156.648
628.788,941.840,-115.656
546.804,898.652,-6.832
512.644,905.240,14.640
618.784,896.700,-94.916
695.644,911.096,-163.724
528.992,936.960,-96.380
490.684,956.480,-133.956
444.324,1004.548,-145.912
441.152,1038.952,-166.652
478.484,1043.832,-202.764
485.560,1011.136,-140.788
472.872,977.708,-56.120
467.748,950.624,-9.272
530.212,914.024,23.912
600.972,875.472,58.316
605.608,876.692,68.320
517.768,871.080,94.428
466.772,837.896,136.152
469.212,828.136,135.664
493.368,831.308,87.352
589.016,853.024,-7.564
506.788,868.640,12.688
440.664,889.868,-4.148
421.144,884.256,24.400
440.176,851.316,99.552
469.700,844.240,108.092
404.552,831.308,119.316
379.420,840.092,98.576
315.248,817.156,102.236
258.152,813.984,89.548
216.672,842.532,54.412
175.924,814.472,38.308
147.132,801.052,68.808
149.816,805.200,77.836
84.180,778.116,94.184
43.920,775.920,138.104
24.644,788.852,192.272
70.028,781.288,145.424
69.296,818.376,120.292
48.068,839.848,99.064
55.876,873.032,61.000
62.952,903.776,55.876
39.040,881.572,98.332
87.840,892.308,113.948
34.648,889.136,184.952
-6.832,855.708,208.620
21.960,878.400,210.816
73.444,904.264,182.024
72.956,908.168,133.224
112.972,931.348,42.456
111.508,958.920,39.528
59.048,946.476,105.896
84.180,983.564,96.868
103.212,990.884,47.580
92.964,1007.476,53.924
86.376,1015.284,78.080
95.648,1004.060,60.512
133.224,1021.628,24.644
151.768,1018.456,15.860
117.852,1019.920,48.312
82.472,1006.500,83.936
95.404,993.812,114.436
77.592,981.124,126.636
69.296,989.908,108.580
94.672,999.424,62.952
92.476,1018.944,36.356
120.292,1019.188,21.960
143.960,999.424,9.516
101.260,1006.256,37.332
85.644,1044.808,-36.844
91.988,1040.660,-57.096
65.880,1011.136,-14.152
75.396,984.540,17.568
73.932,973.560,15.372
-72.712,986.248,25.620
-135.908,981.368,69.296
-60.756,965.996,60.512
-56.120,961.116,41.236
12.444,920.124,24.156
-26.108,856.928,55.876
53.680,796.416,48.556
123.464,768.600,-125.660
-142.496,610.732,-43.920
317.932,453.840,121.268
446.032,354.776,11.956
256.932,256.688,143.472
808.616,93.940,295.240
782.020,-30.500,393.084
1113.860,-114.924,204.472
1286.856,-149.328,221.308
1159.000,-218.624,480.192
1233.664,-241.804,592.676
1106.784,-190.564,547.048
1300.764,-115.412,518.988
1396.900,-108.092,555.832
1504.504,-50.264,553.148
1510.848,18.544,604.144
1390.068,61.000,732.976
1360.788,81.008,813.984
1235.372,43.676,951.356
1037.488,34.404,1077.504
962.580,9.516,1137.528
810.568,-50.752,1143.628
727.852,-79.300,1099.708
630.984,-79.544,1028.948
590.480,-88.816,879.376
476.044,-108.092,779.092
378.200,-101.992,592.432
336.476,-120.292,473.604
227.896,-198.128,407.480
421.388,-239.364,303.048
474.824,-264.252,141.764
424.072,-207.400,-18.300
268.644,-179.096,-88.084
386.252,-193.492,-175.436
465.796,-213.012,-259.616
687.836,-188.124,-373.564
727.120,-141.520,-545.828
666.608,-152.988,-487.512
854.732,-204.472,-496.052
956.480,-252.540,-560.224
1168.272,-315.736,-591.456
1308.328,-384.056,-584.624
1485.716,-448.716,-572.912
1719.712,-470.432,-630.496
1870.504,-479.460,-644.648
2024.468,-468.968,-657.092
2019.344,-497.028,-648.796
1894.416,-549.976,-611.952
1717.760,-589.992,-483.364
1562.820,-617.320,-363.316
1394.460,-620.004,-260.836
1183.400,-630.984,-119.316
1003.572,-629.764,-59.536
875.716,-655.384,19.276
676.856,-599.508,165.432
637.328,-570.716,244.244
530.212,-578.524,296.216
490.440,-550.708,356.240
404.796,-522.160,447.740
357.216,-523.136,553.880
192.272,-562.176,604.632
251.076,-557.540,578.768
326.472,-550.464,547.292
229.360,-573.888,650.748
159.332,-614.636,824.720
238.632,-625.372,786.656
342.576,-613.904,704.672
450.180,-664.900,750.788
558.516,-762.012,801.540
650.992,-875.472,899.384
649.772,-931.836,1022.848
827.648,-1000.400,998.204
963.068,-1083.604,939.888
927.200,-1114.348,1042.124
864.004,-1145.580,1064.084
971.120,-1139.968,921.344
1058.960,-1149.240,799.832
988.444,-1199.016,770.064
989.420,-1245.376,759.328
859.612,-1286.124,736.392
793.244,-1307.108,681.492
1128.988,-1260.260,319.396
1398.364,-1242.448,-47.092
1497.184,-1160.464,-163.480
1452.776,-1055.056,-193.004
1490.108,-921.100,-282.796
1522.316,-818.620,-382.592
1310.280,-765.184,-323.788
1278.560,-732.488,-268.644
1163.636,-744.200,-133.468
1111.420,-757.132,-54.656
1037.488,-730.780,-33.916
906.704,-679.052,-65.880
775.188,-599.752,-115.656
549.976,-575.840,-32.208
548.512,-508.496,50.020
600.240,-532.896,105.164
599.752,-501.664,75.884
540.460,-479.216,84.912
569.008,-431.880,105.164
524.844,-404.796,144.448
438.224,-370.148,195.688
594.872,-356.484,175.924
643.428,-322.080,168.848
665.144,-319.152,178.120
714.676,-314.760,185.928
722.484,-306.464,221.308
717.604,-275.964,264.252
818.132,-282.552,271.084
807.396,-295.728,287.432
875.716,-273.280,268.644
910.120,-275.720,249.612
984.052,-318.664,315.980
1073.112,-370.148,382.104
1246.840,-438.224,425.780
1300.520,-505.568,534.848
1297.104,-509.960,598.044
1512.068,-487.268,637.328
1624.552,-464.332,605.120
1744.844,-450.424,436.272
1756.800,-461.160,441.884
1557.696,-554.856,638.060
1468.880,-439.932,456.036
994.300,-240.584,373.564
405.284,-26.840,450.180
173.484,220.576,233.508
-94.428,435.784,21.716
-41.724,628.544,-154.208
92.476,658.556,-80.764
-5.124,658.800,-29.524
-136.152,679.296,-50.508
91.256,651.236,-175.192
91.256,671.244,-156.160
132.004,748.836,-164.456
122.000,774.700,-108.092
145.668,845.704,-60.756
75.884,850.828,9.028
266.204,858.880,-85.888
261.324,867.908,-73.932
320.616,897.920,-87.840
377.956,931.104,-94.916
304.268,953.552,27.816
344.772,985.516,75.640
298.412,964.044,83.204
516.548,963.800,-93.940
501.664,997.472,-149.572
359.656,1022.848,-65.636
387.472,1012.356,-78.812
395.036,989.420,-90.768
428.708,911.828,-43.920
457.988,869.372,-5.856
501.664,858.392,0.488
421.632,846.924,79.056
395.036,862.052,58.804
397.476,900.848,-13.176
352.336,898.896,-26.596
398.208,885.964,-30.500
421.632,865.712,7.076
433.832,866.200,22.936
479.948,898.896,-27.328
454.572,936.716,-62.952
440.176,955.260,-76.860
474.336,966.240,-112.972
446.276,976.732,-101.016
433.588,966.972,-76.128
466.528,969.412,-81.252
462.380,975.024,-98.820
423.340,975.024,-99.796
429.928,992.836,-147.132
408.700,1005.036,-184.952
386.496,1042.124,-211.304
407.480,1063.108,-249.124
427.488,1078.236,-263.764
535.580,1059.936,-319.884
505.568,1031.144,-250.100
448.228,1029.680,-186.660
453.840,1032.120,-198.372
450.180,1046.516,-230.336
397.476,1072.868,-259.128
432.856,1086.288,-315.980
405.528,1080.676,-303.048
402.600,1069.452,-266.204
437.004,1069.452,-249.856
412.848,1086.288,-205.692
414.556,1078.724,-188.612
539.972,1033.096,-247.904
552.904,986.248,-202.520
452.376,973.072,-113.948
418.460,986.248,-90.768
367.464,995.276,-77.592
305.244,989.908,-64.416
325.252,972.340,-93.696
347.700,955.748,-105.896
365.024,949.648,-111.264
367.708,959.652,-138.592
284.504,980.636,-110.044
241.072,977.220,-50.996
280.844,968.680,-20.984
323.300,958.920,-40.016
412.360,905.240,-88.572
402.844,888.648,-76.128
303.292,873.276,4.880
251.076,863.272,15.860
221.552,853.268,31.232
217.160,840.092,52.948
212.280,810.568,62.952
250.344,733.708,119.560
266.692,681.004,241.560
267.668,690.276,284.992
243.756,747.128,260.104
205.936,780.556,222.284
132.248,812.276,206.180
102.236,816.912,172.996
119.560,816.180,123.952
115.168,827.892,115.656
101.504,829.356,116.388
77.104,825.208,128.832
58.560,828.624,142.008
28.304,821.792,159.576
19.764,827.648,146.888
15.616,872.788,120.292
35.624,906.216,82.472
41.968,929.640,53.680
26.352,941.108,42.700
18.788,953.308,76.860
18.300,960.140,98.820
16.104,965.996,91.500
52.216,964.776,76.372
81.740,981.612,34.404
95.892,987.712,25.620
111.508,992.592,19.032
117.364,1004.304,45.384
125.660,990.640,42.212
171.044,1005.768,10.736
166.652,1002.108,16.104
166.164,1008.208,20.252
164.212,1008.940,29.524
184.220,1012.600,8.540
172.752,1012.600,19.032
157.136,999.424,33.428
150.060,980.880,45.872
146.156,971.852,42.456
140.788,963.800,66.368
121.268,954.772,86.620
123.952,967.216,72.956
121.268,969.900,50.996
126.880,976.976,24.888
117.364,990.152,13.420
135.664,1004.548,-7.320
125.660,1006.012,-12.444
120.536,1005.524,-30.744
93.452,1006.500,-10.004
64.416,990.884,33.184
70.272,984.540,29.768
80.520,979.660,12.688
85.644,982.588,4.148
91.256,981.368,1.708
91.500,983.808,13.176
51.240,998.448,29.280
55.144,1002.596,28.548
89.548,991.860,20.740
112.728,977.708,4.880
23.424,981.612,8.052
-207.400,1017.968,12.688
-143.472,1022.360,-56.852
-176.656,1001.620,-70.760
-308.904,1024.556,-96.380
-359.168,988.932,-132.248
-602.680,920.856,-112.728
-732.000,687.592,11.712
-62.464,383.812,-16.592
457.744,169.336,1.708
760.792,149.572,161.284
925.004,140.544,241.560
878.644,129.808,224.724
1086.288,136.640,37.332
1156.560,95.648,31.232
1300.520,-33.428,232.288
1281.000,-163.480,582.184
1321.016,-217.892,789.828
1371.280,-155.672,831.308
1029.680,-128.344,999.424
1040.172,-42.944,1105.564
975.512,-79.056,1148.020
932.812,-138.592,1222.440
749.324,-189.832,1295.640
687.836,-211.792,1297.592
656.848,-199.104,1180.228
653.920,-188.124,1009.184
596.092,-163.236,794.708
637.328,-147.376,724.436
590.724,-136.152,630.984
656.116,-110.776,457.988
601.460,-127.368,279.624
798.124,-122.732,14.640
763.964,-126.148,-124.684
687.836,-95.404,-163.968
568.032,-74.664,-49.532
610.488,-202.520,-58.804
822.768,-208.864,-328.668
956.236,-171.288,-538.264
885.476,-82.472,-655.628
788.608,-91.012,-550.708
766.892,-118.584,-570.228
858.636,-129.320,-685.640
977.708,-163.236,-719.800
992.348,-165.432,-776.408
996.984,-201.544,-782.264
1102.148,-289.140,-783.728
1257.332,-290.604,-842.044
1350.540,-302.316,-901.824
1469.856,-324.032,-987.956
1590.880,-343.064,-1072.624
1594.540,-393.572,-1071.404
1497.428,-468.480,-832.528
1371.280,-507.764,-622.444
1317.112,-532.652,-516.060
1258.796,-559.004,-372.832
1204.872,-574.620,-210.572
1108.736,-604.632,-113.216
1050.420,-604.144,-1.464
950.136,-574.620,76.372
890.112,-509.472,74.176
871.568,-464.820,27.816
692.960,-472.872,183.000
611.952,-441.884,243.756
576.084,-474.092,273.280
545.828,-474.824,309.148
406.504,-464.088,366.976
361.120,-418.216,370.392
419.924,-400.404,363.560
438.712,-429.440,434.808
385.032,-507.276,591.212
278.404,-554.368,701.012
495.076,-581.940,629.032
704.428,-585.356,470.676
630.740,-630.496,509.960
674.904,-697.596,550.708
763.720,-748.104,597.556
858.148,-814.716,688.324
835.944,-866.444,737.124
756.644,-922.320,788.852
833.748,-948.428,714.188
1089.216,-986.980,658.312
1255.136,-1051.396,620.980
1172.420,-1112.152,653.188
1215.852,-1103.612,588.040
1337.120,-1094.828,570.716
1469.612,-1118.008,491.416
1527.196,-1167.052,418.460
1506.700,-1119.228,323.544
1438.136,-1063.840,134.688
1434.232,-987.468,5.368
1503.040,-975.512,-82.716
1451.556,-956.724,-141.764
1349.320,-918.416,-168.604
1275.876,-835.456,-253.760
1267.824,-781.044,-330.864
1020.896,-751.520,-229.604
932.812,-676.856,-224.236
948.184,-621.956,-220.088
905.728,-542.900,-196.908
867.420,-476.044,-248.636
844.484,-434.808,-218.868
697.108,-444.080,-88.328
565.104,-415.532,3.172
584.868,-395.524,29.524
535.092,-401.868,95.892
610.000,-359.656,41.968
654.164,-307.928,-2.440
613.660,-279.868,10.004
588.040,-271.572,59.536
675.636,-288.164,115.900
762.256,-310.856,175.680
739.564,-319.640,260.836
803.980,-293.044,236.192
817.400,-263.032,176.168
840.580,-259.860,208.864
861.320,-270.840,281.820
931.104,-291.580,330.620
1036.512,-347.212,313.540
1213.656,-411.384,340.136
1600.640,-459.696,284.260
1976.156,-677.344,477.020
1712.392,-831.308,900.116
1550.132,-767.868,864.004
1672.864,-552.172,508.008
1306.376,-408.212,514.108
963.800,-171.532,493.856
505.324,114.192,340.624
-409.432,451.644,340.136
-99.796,582.916,44.408
326.960,643.184,-244.488
-82.716,732.000,-177.632
116.388,820.572,-381.372
64.660,823.012,-351.604
12.444,779.336,-247.172
37.332,738.100,-169.092
138.348,730.780,-134.688
153.232,743.956,-71.492
230.824,777.384,-91.500
207.888,803.004,-35.136
329.400,884.988,-103.456
275.720,921.832,-79.788
286.944,883.280,-42.456
498.736,969.656,-246.684
366.000,989.176,-137.128
355.752,980.636,-61.732
503.616,979.660,-131.516
506.544,976.000,-94.184
438.224,922.076,17.080
542.168,862.296,-0.976
537.532,852.780,21.716
447.984,838.140,115.168
492.880,815.692,136.396
512.888,805.200,134.200
527.040,807.152,69.052
527.284,853.512,-25.620
488.000,905.728,-59.048
439.688,904.020,-27.328
462.380,899.628,-24.888
498.980,880.840,-50.752
507.032,890.600,-59.292
504.104,895.968,-30.744
496.296,881.328,-6.588
495.320,882.304,22.204
500.444,874.740,30.256
537.288,863.516,-20.496
488.000,867.420,-5.368
502.640,868.396,-29.768
491.172,886.208,-25.864
506.300,878.156,-29.036
528.504,868.396,-33.184
502.152,869.372,-3.904
495.808,858.392,11.224
499.468,853.024,17.324
508.496,854.732,7.808
533.384,862.540,-17.080
