acc_x[mg],acc_y[mg],acc_z[mg]
231.068,966.240,-87.108
249.124,975.268,-109.556
237.412,978.684,-116.632
214.720,978.196,-82.228
226.676,974.048,-96.868
226.920,968.680,-97.356
243.756,964.532,-97.112
233.996,970.632,-106.872
220.088,971.608,-86.864
224.480,975.268,-94.672
215.940,970.388,-91.256
223.748,966.240,-91.500
227.652,965.508,-100.772
227.408,967.948,-94.672
227.896,968.436,-92.964
228.384,964.288,-99.308
222.528,962.336,-99.308
212.524,961.116,-97.600
212.524,963.556,-99.064
220.576,960.384,-93.208
230.824,959.408,-108.336
229.360,964.532,-96.380
227.896,963.068,-94.184
225.700,964.776,-89.792
219.600,965.508,-86.132
237.168,966.972,-108.824
219.356,972.584,-93.940
227.164,972.340,-100.040
218.136,969.412,-101.260
217.160,962.824,-95.160
223.504,964.288,-100.528
222.284,963.556,-92.232
227.408,963.312,-99.552
217.160,971.364,-97.356
223.260,977.220,-102.968
214.720,978.440,-95.160
206.180,974.292,-83.692
215.208,971.852,-93.452
219.600,969.412,-94.428
233.020,966.728,-108.092
219.112,973.560,-91.500
225.700,970.876,-89.060
221.064,965.508,-99.064
216.916,966.484,-91.256
231.800,971.852,-87.840
231.556,969.900,-83.204
231.312,964.288,-83.204
228.628,964.044,-88.816
223.016,967.460,-89.548
216.184,967.948,-87.596
210.572,963.800,-96.380
206.668,967.704,-89.548
217.160,969.412,-89.304
226.432,969.900,-92.964
228.628,970.876,-96.136
228.628,975.756,-95.160
221.064,973.804,-90.524
213.744,971.608,-86.376
219.600,965.508,-93.208
219.844,966.728,-91.500
222.528,966.728,-90.280
215.452,968.680,-92.232
228.628,967.948,-96.624
217.892,969.412,-86.620
227.408,971.608,-94.672
215.696,972.828,-79.056
221.552,970.388,-90.036
218.380,974.048,-92.720
209.840,974.536,-89.548
218.136,971.364,-92.232
223.260,973.560,-110.288
223.016,974.780,-91.500
222.040,968.680,-91.012
218.868,964.288,-92.720
210.084,963.556,-76.616
220.332,961.848,-95.892
211.548,960.384,-82.472
213.988,955.992,-94.184
220.576,964.288,-90.768
221.796,968.192,-85.400
223.016,962.580,-82.228
218.136,964.288,-85.156
216.184,970.388,-79.544
222.040,976.488,-85.888
221.064,978.684,-91.744
216.184,976.976,-90.768
227.652,977.464,-101.992
215.452,977.464,-88.084
226.676,970.632,-93.940
221.796,969.656,-93.208
214.964,973.560,-84.180
203.496,973.316,-69.052
196.420,969.412,-60.268
194.468,974.292,-63.196
212.036,994.788,-86.132
259.616,1003.572,-120.780
249.856,1011.868,-103.944
266.936,1007.720,-109.068
244.732,991.860,-95.160
245.708,963.800,-101.992
226.920,950.380,-95.892
222.040,950.136,-104.188
200.080,951.356,-77.104
246.440,941.108,-105.652
219.356,950.136,-81.740
231.312,940.864,-66.368
250.100,939.156,-90.768
233.752,942.572,-58.804
236.680,939.644,-66.856
213.012,948.672,-67.588
229.848,950.868,-66.368
238.632,950.136,-77.104
232.532,968.192,-91.500
222.772,978.928,-68.320
217.892,976.488,-71.492
210.084,970.632,-70.760
221.796,968.192,-77.592
239.364,983.808,-117.852
235.216,996.252,-91.500
239.852,994.788,-87.352
219.844,981.368,-81.496
211.792,972.096,-58.560
218.624,965.508,-70.028
224.236,971.364,-83.936
231.800,982.100,-87.840
212.280,994.056,-85.400
213.500,1006.988,-69.296
196.908,1015.772,-53.192
189.344,1034.804,-50.508
156.892,1057.252,-42.212
105.408,1090.680,-45.872
43.188,1098.976,-89.792
-46.116,1071.648,-153.964
0.244,1098.000,-179.828
1.464,1018.212,-180.072
64.172,938.180,-153.964
157.380,745.908,-114.924
110.776,561.444,66.368
287.432,372.344,3.172
311.344,197.396,86.132
484.340,28.548,101.992
903.288,-92.964,132.980
883.524,-206.424,225.212
1074.332,-304.512,131.760
1169.492,-323.300,-65.636
1191.940,-217.160,-83.448
1194.624,-222.284,57.828
1222.684,-283.040,111.020
1291.248,-364.048,9.028
1190.964,-370.392,173.728
1121.668,-383.812,281.332
1123.864,-392.108,247.172
1250.012,-388.936,217.648
1301.008,-342.820,208.620
1423.252,-268.156,186.416
1477.664,-254.980,250.344
1655.784,-257.908,258.884
1858.304,-277.672,248.148
1917.596,-329.644,256.200
1932.236,-328.912,272.304
1964.688,-288.408,281.820
1974.936,-272.304,265.228
1848.300,-281.576,241.804
1850.740,-257.664,111.264
1697.752,-223.260,121.024
1596.248,-200.812,34.648
1327.360,-218.624,86.864
1242.448,-257.176,32.696
1026.264,-255.224,-9.760
888.648,-119.072,37.088
693.936,-142.984,99.308
633.668,-228.872,39.284
599.996,-256.200,5.124
548.024,-294.752,-121.756
460.184,-159.088,-23.912
347.700,-45.384,-112.240
406.992,21.960,-311.344
598.532,48.068,-625.616
606.340,112.484,-718.336
586.088,199.104,-792.268
575.840,198.128,-891.820
575.840,279.624,-978.928
499.224,273.768,-990.884
493.368,233.264,-999.668
366.976,165.676,-935.008
223.504,173.240,-778.360
85.400,124.928,-591.212
-48.312,90.524,-360.876
-19.520,-30.744,-84.180
70.516,-142.008,132.980
93.452,-246.684,336.476
113.704,-148.352,497.516
214.964,-170.556,507.764
409.920,-150.548,596.824
554.612,-53.924,704.428
593.652,-103.212,832.284
816.912,-188.856,757.132
939.888,-140.544,858.880
1047.248,-160.796,958.432
1157.292,-254.980,969.168
1252.940,-239.364,997.960
1288.808,-272.548,1001.132
1270.996,-243.756,1112.640
1349.076,-278.160,1016.748
1423.740,-304.756,888.648
1400.072,-226.920,925.492
1417.396,-213.012,862.784
1551.840,-304.268,629.276
1643.096,-448.472,353.556
1758.752,-452.376,81.984
1555.744,-390.400,47.824
1470.832,-365.024,-27.328
1565.748,-373.320,-293.776
1533.052,-323.300,-480.192
1436.184,-202.276,-507.520
1331.508,-207.888,-489.952
1357.860,-246.196,-513.864
1265.384,-259.128,-444.324
1177.056,-223.016,-328.424
1189.988,-232.776,-269.376
1368.596,-227.652,-260.348
1422.520,-299.876,-140.300
1416.176,-350.628,-117.364
1531.100,-362.828,52.216
1696.776,-394.304,142.008
1675.304,-488.488,34.160
1497.672,-453.840,-4.636
1123.376,-397.964,111.996
864.248,-167.140,231.068
715.164,-43.920,-116.876
-706.868,333.792,370.392
-756.400,908.412,424.560
61.976,790.560,-129.808
-636.108,733.708,89.792
-439.688,701.012,-82.716
-561.688,717.848,-57.340
-525.088,789.584,-74.664
-439.688,875.716,-135.176
-353.312,953.064,-143.472
-275.232,991.128,-113.704
-198.372,1002.840,-56.364
-80.276,1007.964,-175.192
-95.404,1059.204,-103.944
11.956,1060.668,-135.908
-17.324,1062.864,-154.940
-14.152,1067.256,-123.708
-10.736,1058.472,-165.432
-46.604,1043.588,-167.140
-29.036,1011.624,-132.004
-20.252,978.928,-123.464
16.104,946.964,-121.268
40.260,953.796,-154.208
40.260,964.044,-157.868
7.076,955.992,-133.468
3.416,923.052,-119.804
32.940,893.772,-120.292
30.744,899.140,-108.336
36.600,899.872,-84.180
68.320,880.840,-112.972
64.416,884.012,-72.468
91.744,885.964,-57.584
64.904,876.448,-49.288
76.860,861.320,-75.640
91.988,868.884,-97.112
79.300,893.528,-50.508
78.812,899.384,-70.516
56.120,886.696,-61.000
84.424,870.104,-75.152
93.452,895.236,-113.704
70.760,916.464,-87.840
112.972,917.440,-121.756
75.640,915.976,-101.992
83.692,916.464,-54.168
125.660,920.368,-59.048
166.408,934.520,-44.164
174.460,931.836,-4.148
147.376,922.564,-24.644
134.444,935.496,-67.344
128.344,984.296,-25.376
213.744,1011.136,-65.148
233.264,1062.132,-74.664
226.432,1064.572,-19.764
245.220,1022.116,-49.776
276.696,983.808,-94.916
265.716,998.204,-82.716
211.304,1008.452,-31.720
225.456,1011.868,-43.676
259.616,1005.036,-59.048
312.076,1015.772,-85.888
386.252,1029.192,-114.192
345.260,1037.976,-27.816
313.052,1011.136,-30.988
278.648,1008.940,-3.660
302.316,1046.272,-57.828
294.020,1096.048,-130.784
245.464,1122.644,-145.180
262.056,1124.108,-180.560
244.244,1139.236,-198.128
251.320,1148.752,-152.256
277.916,1125.816,-125.416
266.936,1083.360,-107.116
281.332,1036.756,-113.216
287.920,1031.632,-129.808
252.296,1044.320,-155.184
224.236,1057.252,-174.704
226.920,1056.032,-204.472
225.212,1047.980,-207.400
258.884,1024.556,-211.548
261.812,996.008,-174.216
298.412,949.892,-159.576
313.540,906.704,-115.412
306.464,886.208,-85.644
345.992,886.940,-77.592
336.720,891.576,-48.068
354.288,899.628,-46.848
388.448,908.412,-101.748
365.268,910.364,-111.996
364.048,905.728,-91.500
317.444,901.580,-51.728
281.088,912.804,-26.596
237.412,924.028,11.224
126.880,925.248,49.776
183.244,927.688,-20.008
258.640,916.220,-104.188
209.108,856.684,-104.676
242.048,792.756,-114.192
211.304,636.840,-207.156
416.752,538.752,-163.724
627.324,368.440,-269.132
925.980,310.368,-367.220
741.516,124.440,-193.980
704.184,64.660,126.880
829.112,-190.320,347.700
1439.600,-262.056,147.132
1346.636,-364.292,-219.356
1342.244,-141.276,-278.648
999.912,-179.828,-27.084
1094.096,-275.964,34.404
1249.768,-402.844,-26.108
1375.916,-446.764,0.244
1160.708,-412.604,30.012
1085.800,-306.464,49.288
1019.188,-284.504,112.240
1107.028,-269.620,53.680
1092.632,-253.272,109.312
1126.548,-240.828,147.132
1343.708,-185.440,121.268
1627.480,-133.468,19.520
1831.464,-78.080,91.500
1918.084,-126.392,332.328
2058.140,-270.108,552.416
2247.972,-526.064,572.424
2288.720,-642.696,355.020
2281.156,-578.280,21.472
2010.804,-427.732,-131.760
1829.512,-225.700,-181.292
1554.280,-259.616,-37.088
1325.896,-338.916,-15.372
1136.552,-368.196,-61.732
1014.796,-348.676,-34.648
759.084,-332.816,98.332
438.712,-341.844,226.432
278.648,-388.204,223.992
244.732,-347.700,183.732
92.964,-268.400,111.508
175.924,-108.824,20.496
342.332,-223.992,-233.752
747.616,-298.656,-489.464
737.612,-254.248,-604.388
793.732,-202.764,-869.372
866.200,-116.632,-1148.020
923.296,-99.308,-1277.096
793.244,-52.704,-1216.340
689.056,-85.400,-1070.672
527.772,-138.104,-915.000
315.004,-126.392,-738.588
117.608,-98.332,-518.988
9.516,-101.504,-397.232
-18.544,-94.672,-182.756
-39.528,-76.860,8.540
-22.204,-110.532,152.988
18.300,-153.964,210.084
203.496,-165.432,183.976
268.400,-121.512,310.856
177.876,-117.364,418.704
148.840,-147.132,503.372
303.048,-86.132,701.012
575.840,-41.968,916.952
923.296,-212.280,935.496
1023.336,-256.688,981.612
1200.968,-213.012,1031.144
1227.076,-193.248,1251.720
1370.060,-189.588,1172.176
1641.388,-327.692,911.096
1772.416,-489.464,645.380
1679.696,-320.616,600.240
1281.976,-189.832,848.144
1233.420,-271.084,869.616
1502.552,-445.056,525.332
1678.720,-461.160,279.624
1583.804,-331.840,279.380
1375.428,-354.044,382.836
1454.972,-553.880,213.012
1550.376,-660.508,-60.268
1505.236,-627.080,-239.120
1417.640,-582.428,-359.168
1338.340,-530.700,-460.184
1369.816,-505.812,-606.584
1302.960,-477.020,-676.856
1285.636,-399.672,-633.912
1192.428,-405.528,-509.716
1133.380,-409.676,-443.836
1118.496,-384.300,-424.072
1090.924,-349.896,-318.664
1049.200,-337.452,-250.588
1016.992,-323.056,-203.740
904.996,-316.712,-127.124
956.968,-200.812,-103.700
1038.952,-171.288,-38.308
1229.272,-183.000,33.916
1144.848,-314.272,68.076
1115.568,-288.408,173.240
1137.772,-219.600,257.176
1376.404,-236.192,216.916
1664.080,-308.416,61.488
1398.608,-332.328,59.780
1078.480,-69.540,16.348
781.044,129.808,-13.176
758.840,260.592,-130.540
320.128,546.072,115.900
-397.232,946.964,301.584
-381.860,1027.484,191.540
74.176,918.904,-127.368
-122.488,905.972,-217.160
-144.936,990.152,-321.836
-213.012,982.588,-204.472
-91.256,928.908,-243.512
-80.032,965.752,-128.588
71.248,985.028,-23.424
148.596,969.900,-18.300
122.976,990.396,95.648
249.368,994.544,44.408
235.704,1010.404,14.152
302.804,1016.748,5.368
268.400,1014.308,-30.744
328.668,1000.156,-97.844
255.712,1024.312,-132.248
188.856,1018.212,-105.408
249.368,1006.500,-222.772
182.512,1019.188,-153.720
176.168,991.128,-96.136
139.812,946.232,-79.544
159.332,935.496,-63.440
110.288,918.416,18.788
132.980,893.040,2.196
255.224,881.084,-65.636
264.252,922.808,-64.416
237.900,962.580,-32.208
241.072,979.416,-36.112
195.932,989.420,-8.052
224.480,997.472,-24.888
201.544,1006.988,6.344
292.068,982.344,-57.340
263.276,947.940,-20.008
304.756,920.368,2.196
283.040,916.464,-13.420
215.452,924.028,2.196
187.636,922.564,-17.568
192.028,917.196,-55.388
181.292,917.684,-79.544
184.220,917.196,-59.536
250.832,896.700,-81.252
247.904,883.768,-57.340
245.708,896.456,-6.344
237.168,898.652,26.596
240.584,888.892,11.956
245.220,902.312,-28.060
196.176,940.864,-15.616
192.760,947.696,-26.840
201.788,935.496,-28.304
207.156,925.980,-50.264
222.284,941.108,-65.392
238.876,952.088,-62.220
238.144,957.456,-74.176
234.484,954.284,-48.312
215.452,955.260,-50.264
243.268,953.552,-55.144
196.176,965.264,-56.120
186.416,976.244,-40.260
223.748,986.736,-58.804
270.840,987.468,-73.444
280.844,984.784,-93.208
243.024,1026.264,-78.812
227.408,1054.568,-65.880
244.976,1059.448,-88.816
297.192,1059.204,-138.592
323.056,1037.732,-155.672
294.508,1012.112,-175.192
204.228,1018.212,-90.768
233.508,1013.576,-114.192
208.132,997.716,-100.528
212.280,973.072,-95.160
191.052,1011.136,-63.684
230.824,1035.292,-65.880
228.628,1034.072,-59.536
195.200,1036.268,-24.156
206.912,1048.468,-19.764
216.428,1037.488,-33.916
181.536,1032.364,-18.056
169.580,1055.056,11.224
170.312,1073.600,30.012
212.768,1068.476,3.660
206.424,1063.352,19.520
238.144,1033.340,-3.172
220.576,994.788,-7.564
197.640,962.824,-5.856
193.004,958.432,-14.152
164.944,975.024,-23.424
154.452,992.104,-15.616
148.596,984.540,-31.720
108.824,962.336,-27.816
115.656,952.088,-37.088
114.192,947.452,-46.360
204.472,936.472,-146.888
325.496,940.376,-194.712
347.212,924.760,-110.532
368.928,853.024,-78.080
416.264,747.616,-87.108
508.252,659.044,-105.896
503.860,571.204,-76.860
470.676,494.588,-42.700
558.516,393.572,18.788
468.724,239.120,96.136
559.980,158.112,107.848
1001.376,76.372,-24.888
845.460,-42.700,-4.636
905.484,15.616,-26.596
1204.140,-77.836,-33.916
1268.556,-247.416,-91.988
988.932,-208.864,176.168
1042.856,-212.768,164.944
1223.660,-242.780,136.152
1238.056,-230.824,163.236
1288.808,-228.872,117.608
1181.692,-239.120,160.552
1176.080,-236.924,191.296
1141.920,-244.976,216.184
1336.388,-195.444,99.552
1342.488,-167.384,32.452
1437.160,-52.704,113.948
1648.220,-52.704,100.772
1866.356,-102.968,183.000
2096.936,-138.592,295.240
2170.624,-282.796,259.616
1924.184,-270.840,339.160
1947.364,-218.380,266.692
1756.800,-189.832,208.376
1601.128,-154.940,182.756
1555.500,-150.792,59.536
1384.700,-196.420,118.584
1370.304,-291.580,88.572
1125.084,-389.424,117.120
1007.476,-381.128,163.968
806.908,-412.604,259.128
741.272,-421.388,182.512
792.268,-462.136,11.224
626.104,-437.004,-71.248
683.444,-437.980,-299.632
757.376,-406.504,-493.368
755.424,-393.328,-633.912
678.808,-323.056,-671.488
455.548,-251.564,-602.192
451.156,-250.832,-539.972
414.312,-223.504,-519.964
346.968,-131.272,-475.800
426.756,-104.188,-494.344
402.112,-93.208,-471.652
316.224,-40.260,-410.408
294.996,21.960,-397.720
118.340,19.520,-263.764
244.488,21.228,-264.008
208.864,-8.784,-173.484
233.996,27.572,-124.196
349.408,51.484,-18.544
345.992,54.168,117.852
386.008,78.080,173.972
510.936,86.132,327.692
538.508,102.968,575.596
658.312,51.728,654.408
918.416,0.732,691.984
961.116,-112.240,698.816
1177.544,-125.904,712.480
1455.704,-139.324,783.484
1281.488,-170.556,930.616
1416.176,-148.840,854.976
1551.352,-164.212,756.400
1609.668,-134.688,777.140
1485.472,-195.444,791.048
1301.252,-247.172,852.536
1220.732,-293.776,689.056
1318.332,-365.756,450.912
1623.332,-384.788,0.244
1466.684,-419.924,-246.196
1437.404,-319.884,-441.884
1355.908,-331.840,-502.640
1400.560,-378.200,-588.040
1446.676,-454.084,-668.560
1344.196,-442.616,-659.776
1275.388,-387.716,-604.388
1138.504,-370.880,-470.676
1122.400,-357.948,-407.480
1079.700,-368.928,-298.168
1078.968,-356.484,-238.144
1103.856,-352.824,-159.332
1070.428,-339.160,-165.920
1026.752,-250.100,-133.712
1016.260,-208.376,-105.408
956.236,-203.496,-67.832
970.144,-207.644,-16.836
1035.780,-200.812,13.908
1038.952,-193.980,63.928
931.348,-192.516,118.584
1097.024,-184.220,151.280
1152.412,-196.420,239.608
1397.388,-187.148,243.512
1508.408,-255.468,213.988
1148.996,-313.540,278.892
1205.360,-129.564,223.260
1179.984,-77.348,193.004
1319.308,30.256,94.184
1429.840,-1.952,-164.212
1083.848,-10.736,73.688
765.428,-0.732,193.004
617.808,143.228,-40.260
578.768,340.136,-183.732
-61.976,708.088,158.356
-656.360,960.140,178.364
-488.488,1036.024,69.296
75.396,970.876,-173.484
-158.600,904.508,-91.500
-179.828,851.560,-41.480
-185.440,882.792,91.988
-33.916,942.328,24.156
30.500,1026.996,61.488
37.820,1047.004,99.796
145.424,1029.924,-11.224
113.460,1016.992,10.248
154.696,1002.352,-73.688
197.640,1012.600,-201.544
142.740,1057.008,-149.816
90.280,1043.344,-141.764
104.920,1014.064,-211.304
22.204,1036.024,-152.256
-45.628,1025.288,-79.056
-4.880,975.756,-86.620
63.196,938.180,-75.884
64.416,934.764,-33.916
123.220,945.744,-47.336
71.980,969.656,-18.788
6.588,975.756,10.248
60.268,1012.844,-47.580
76.860,1027.728,-77.348
76.616,1033.584,-89.060
145.912,1010.404,-120.780
166.164,1000.888,-95.892
157.136,994.056,-60.268
171.044,1010.404,-35.380
183.976,1009.672,-25.132
132.492,989.420,6.588
128.100,957.456,-9.516
132.248,934.764,-27.084
76.372,956.480,-15.616
50.264,967.948,-8.540
67.588,978.196,-35.380
83.204,1000.156,-49.288
94.428,1022.116,-55.876
139.568,1018.212,-67.832
223.992,1002.108,-121.024
157.136,1014.308,-66.856
182.756,1006.988,-80.764
141.764,989.908,-58.560
123.464,980.392,-57.584
108.092,983.320,-67.832
89.792,977.220,-64.416
72.468,959.408,-60.512
120.048,956.480,-94.428
130.296,969.900,-102.480
117.608,983.564,-88.084
151.036,1006.012,-87.840
155.672,1011.868,-70.760
165.432,1008.940,-59.780
165.432,1003.816,-45.872
200.080,982.588,-78.080
128.588,982.100,-41.724
116.388,957.944,-35.624
136.152,949.404,-57.584
73.688,971.608,-14.152
58.316,966.728,-5.856
68.320,956.968,-30.012
95.648,964.044,-63.928
95.648,966.484,-63.196
150.060,959.652,-98.820
209.108,967.216,-153.720
148.596,993.324,-82.472
155.184,989.664,-65.636
136.640,977.952,-44.408
118.584,964.044,-22.936
55.144,950.136,-12.200
40.748,948.672,-11.468
124.196,942.084,-30.256
150.304,940.864,-35.136
234.484,940.376,-88.328
296.216,961.116,-121.024
332.084,966.484,-102.236
363.804,963.068,-89.792
278.404,944.036,-62.464
288.408,949.892,-35.380
407.236,927.932,-7.808
479.460,898.652,-31.476
451.400,870.836,-72.224
369.172,912.072,-60.756
297.924,859.124,40.748
463.844,810.324,43.676
705.892,740.540,33.428
667.584,675.880,73.932
517.524,648.308,45.872
776.408,605.852,1.220
669.780,489.708,161.284
531.676,298.656,179.584
1129.232,267.912,41.480
1172.664,168.848,4.880
995.764,176.900,-37.088
1123.864,197.884,-219.600
1199.992,103.944,-221.796
1367.132,-41.724,-172.996
1274.168,-264.496,211.792
1199.260,-512.400,574.864
1118.984,-713.212,712.480
1098.488,-669.292,469.700
1133.380,-432.368,186.172
1163.880,-266.204,142.008
1072.868,-226.188,186.172
1083.116,-237.900,203.496
1013.820,-294.752,297.680
870.104,-314.516,279.868
905.728,-232.044,95.404
783.728,-149.572,89.548
725.412,-99.796,49.776
772.260,-127.856,25.620
783.972,-144.204,31.476
801.296,-144.936,68.320
742.736,-209.840,77.348
908.412,-202.764,27.328
980.636,-262.300,60.268
1025.044,-310.124,130.052
1104.344,-348.432,134.688
1088.728,-363.804,120.292
1195.600,-321.836,80.032
1342.488,-316.712,10.492
1329.556,-305.732,4.392
1427.156,-317.444,-0.488
1424.960,-341.356,55.876
1512.068,-351.360,48.800
1708.244,-320.860,-59.292
1658.468,-311.344,48.068
1693.116,-293.288,84.668
1780.712,-317.444,60.756
1543.300,-377.712,146.888
1571.360,-320.128,51.728
1490.840,-363.072,-74.420
1038.952,-362.828,10.004
872.544,-238.144,-17.568
512.888,-226.676,-108.336
414.068,-165.432,-100.284
200.568,-184.220,-71.004
235.216,-109.068,-78.568
269.376,-66.124,-176.900
361.364,34.404,-211.792
564.372,70.272,-305.732
597.800,36.600,-274.988
611.220,12.932,-276.208
700.280,6.100,-334.524
840.092,62.220,-336.964
854.732,53.924,-349.896
802.516,68.564,-323.544
850.096,140.300,-330.376
849.608,114.436,-271.328
873.276,64.660,-329.400
1082.628,74.908,-516.060
1086.044,114.680,-568.276
1303.692,142.252,-897.432
1298.812,115.168,-1212.192
1065.060,154.940,-1483.520
934.764,121.756,-1648.708
732.000,53.192,-1617.720
414.312,-41.724,-1390.556
263.276,-67.588,-1066.036
211.792,-242.292,-757.864
19.520,-416.264,-191.784
44.896,-357.704,105.896
-30.012,-555.832,637.084
85.400,-583.892,1215.364
81.496,-579.012,1541.348
104.432,-422.852,1733.864
597.556,-411.384,1889.536
935.496,-350.140,2083.028
1179.740,-401.868,1779.492
1683.112,-409.188,1470.100
2012.756,-395.768,1087.020
1971.276,-360.876,831.552
1921.256,-404.796,496.296
1937.116,-431.148,162.992
1753.140,-395.280,-122.000
1440.576,-309.148,-182.512
1298.812,-263.032,-268.400
1453.264,-335.500,-575.840
1693.848,-428.464,-839.848
1743.380,-398.940,-987.956
1487.180,-350.628,-813.008
1267.336,-325.008,-631.228
1077.016,-272.060,-535.824
1150.704,-212.280,-491.660
1190.964,-203.008,-463.112
1206.336,-184.952,-385.032
1209.264,-186.660,-333.060
1065.548,-203.496,-198.128
1103.612,-133.956,-210.572
1116.056,-163.480,-111.508
1191.452,-211.304,-38.796
1284.660,-253.760,136.396
1219.024,-242.536,90.524
1100.440,-179.340,226.432
1225.368,-135.420,157.868
1158.756,-152.256,239.364
933.544,-110.776,191.052
898.164,-26.108,-21.960
844.728,78.812,-64.172
595.116,230.580,79.544
376.248,345.260,98.332
6.100,604.144,-10.980
-442.860,879.132,122.488
5.124,1029.924,-222.528
157.868,1147.532,-352.580
-166.164,1220.000,-406.748
-227.652,1152.168,-299.876
-136.396,1027.240,-429.440
-278.892,1031.388,-170.556
-202.764,992.104,-70.760
-192.272,946.964,6.588
-135.420,912.560,40.992
-122.488,937.204,115.168
192.272,942.084,-139.324
188.368,1026.508,-93.452
229.604,1067.744,-45.140
219.844,1079.700,-81.496
118.096,1086.532,-72.224
127.124,1093.364,-107.116
112.972,1088.240,-185.196
59.780,1065.792,-125.172
105.896,1045.052,-174.216
42.456,1023.580,-142.984
-2.684,1008.696,-66.368
-21.960,973.804,-58.316
51.240,928.664,-95.404
8.540,915.244,-38.308
26.352,924.272,-49.532
78.568,959.652,-84.912
74.664,994.788,-71.492
88.084,979.172,-76.860
180.072,962.580,-172.020
163.968,1002.840,-201.300
86.132,1035.536,-124.440
70.272,1021.140,-141.276
54.412,1009.184,-104.188
50.508,1005.036,-57.584
79.056,1001.132,-31.720
130.052,979.416,-24.156
135.420,970.144,-16.104
150.792,975.268,-42.700
119.316,985.516,-7.320
116.388,978.440,-5.612
102.236,974.536,5.612
126.392,977.464,-13.420
116.632,983.564,-15.616
168.360,971.120,-53.192
124.928,973.072,-42.456
117.364,973.560,-23.180
136.396,972.584,-47.092
101.016,981.856,-16.836
164.212,980.148,-37.576
138.348,983.320,-19.520
125.416,982.344,3.660
146.644,977.464,-19.764
135.908,968.924,-19.764
155.184,962.336,-41.236
123.952,965.508,-29.768
125.172,968.192,-28.548
130.540,965.020,-37.088
137.616,966.972,-45.384
166.164,972.828,-65.880
149.816,971.120,-42.456
147.376,956.724,-38.796
170.556,950.868,-56.852
169.336,945.256,-60.756
178.120,945.744,-56.608
181.536,959.164,-78.080
156.648,962.336,-45.872
186.416,953.552,-65.880
183.488,940.620,-82.960
161.528,935.008,-68.808
168.848,928.908,-32.696
202.032,910.852,-36.356
210.816,904.020,-29.036
191.540,898.652,-18.788
127.368,910.120,17.568
109.800,921.832,15.372
101.748,948.184,23.180
135.176,971.608,7.808
153.476,980.148,-25.864
133.712,984.784,-51.240
123.220,991.616,-46.848
155.672,999.180,-61.000
170.800,998.204,-69.784
180.072,981.612,-86.864
151.036,967.948,-90.280
116.388,950.380,-51.484
165.432,929.884,-75.884
172.996,950.868,-37.576
132.004,954.528,8.052
113.460,943.304,-10.980
160.064,933.788,-61.244
158.356,951.112,-31.964
157.136,978.684,-24.644
145.180,987.468,-57.584
124.928,978.684,-110.532
86.132,994.788,-101.748
92.964,1018.456,-83.936
164.456,1017.480,-116.388
189.588,1008.452,-113.460
142.496,1009.428,-65.148
89.060,1005.524,-81.252
100.528,992.104,-129.564
105.408,1018.944,-121.756
143.716,1054.812,-148.108
165.676,1087.996,-179.828
158.600,1098.488,-160.796
198.616,1089.216,-165.676
224.236,1084.580,-148.352
231.556,1073.112,-114.192
251.320,1051.640,-104.676
259.372,1037.244,-117.852
249.856,1036.024,-136.396
234.728,1040.904,-166.896
211.548,1032.852,-183.000
186.660,1033.096,-168.604
180.804,1039.440,-162.016
173.240,1034.560,-134.444
215.940,1017.968,-122.000
233.020,1010.892,-111.752
179.584,1041.392,-53.192
201.300,1071.404,-9.760
187.392,1074.820,16.348
239.852,1078.724,-5.368
308.416,1069.208,-44.408
314.272,1085.068,-33.428
191.540,1039.196,-42.944
286.456,971.608,-92.720
232.044,858.148,-96.380
206.424,751.032,-48.312
272.548,583.160,50.264
244.244,399.428,119.804
474.092,259.616,107.604
441.152,136.152,118.096
631.228,72.712,111.508
818.620,-69.784,92.232
960.628,-246.928,90.524
971.364,-310.368,226.920
1072.380,-295.728,176.412
1086.776,-318.664,140.056
1164.612,-327.692,45.384
1347.856,-380.152,-49.288
1233.420,-365.512,98.088
1177.788,-384.300,268.644
1317.356,-397.964,219.112
1363.960,-335.012,178.120
1442.772,-295.240,60.512
1539.152,-264.496,79.056
1367.620,-249.124,278.160
1507.432,-310.612,299.388
1606.984,-372.100,345.016
1824.144,-364.292,175.680
1869.528,-324.032,133.224
1809.504,-319.640,138.104
1733.376,-359.656,150.304
1580.876,-348.920,186.660
1419.348,-283.772,153.720
1368.840,-214.720,85.156
1364.692,-198.860,-12.688
1183.400,-160.552,65.392
1038.220,-187.636,177.632
1159.000,-263.520,66.124
1060.912,-296.460,-21.472
899.140,-209.352,-61.488
693.448,-250.100,-82.228
309.636,-278.404,82.960
276.940,-305.732,130.540
141.276,-272.548,72.224
100.528,-145.424,62.708
187.636,-77.592,-74.664
417.240,-9.272,-204.960
492.880,43.920,-281.820
698.084,63.928,-394.060
918.172,10.492,-550.708
1071.404,29.280,-761.036
1170.224,66.124,-907.680
1282.464,37.820,-1038.220
1302.472,-23.180,-1097.024
1129.720,-55.388,-1070.184
927.932,-67.588,-1032.364
710.772,-47.824,-943.792
532.408,-68.320,-741.516
406.016,-135.908,-539.728
238.876,-172.508,-351.116
181.292,-154.940,-192.760
155.916,-180.072,-84.180
194.224,-186.416,-7.076
128.100,-199.592,144.936
115.656,-235.948,384.788
81.252,-226.432,600.972
355.020,-228.872,681.492
606.584,-250.100,742.736
672.464,-167.628,908.168
826.672,-188.124,1042.368
953.796,-305.000,1077.504
1189.012,-359.900,1021.140
1120.204,-267.424,1132.648
1179.008,-274.988,1191.452
1073.112,-335.744,1146.068
1424.960,-316.468,956.480
1610.156,-335.256,843.996
1711.660,-402.112,723.704
1606.252,-542.168,582.184
1480.348,-572.424,522.160
1536.224,-588.040,413.580
1486.692,-718.580,270.840
1596.492,-737.856,-105.408
1551.596,-647.820,-273.280
1528.904,-546.804,-446.032
1459.852,-458.720,-563.396
1272.704,-386.008,-520.452
1185.840,-385.032,-477.020
1160.708,-376.736,-431.148
1093.120,-386.740,-435.296
1114.592,-288.164,-405.284
1053.836,-231.800,-401.868
1114.104,-213.012,-348.920
1044.076,-217.648,-248.148
1077.992,-221.796,-191.784
1223.172,-223.992,-173.972
1393.484,-271.816,-74.420
1521.828,-354.532,20.252
1544.276,-419.924,180.072
1466.196,-469.212,441.884
1371.768,-481.168,366.732
1193.892,-333.304,193.980
990.152,-96.136,136.396
762.256,1.220,62.464
414.800,197.640,96.624
309.636,423.584,-30.744
-187.636,615.124,199.104
-378.688,751.276,212.036
-77.592,790.560,-38.308
-54.168,880.108,-268.400
-255.468,942.084,-199.836
-210.572,940.864,-387.472
-205.936,913.292,-297.192
-120.780,908.168,-238.144
-180.804,896.212,-140.788
-80.032,889.624,-96.136
-89.792,914.756,-51.240
-54.412,913.048,-30.744
154.208,898.408,-293.044
113.460,1031.876,-302.072
126.636,1089.704,-258.640
194.468,1087.264,-393.084
178.608,1097.512,-383.812
164.700,1116.056,-284.016
184.464,1087.752,-298.168
142.984,1042.368,-179.828
123.220,993.080,-112.484
119.560,948.916,-98.576
131.760,927.444,-108.580
132.736,936.960,-83.448
195.688,930.372,-148.840
156.648,945.256,-144.204
143.472,962.336,-118.096
161.284,943.548,-145.424
163.480,928.176,-136.396
148.596,915.732,-95.892
190.320,908.168,-156.648
189.100,920.368,-159.088
218.624,946.964,-172.752
174.948,952.820,-157.624
89.792,944.036,-143.960
201.544,943.792,-200.812
180.072,953.552,-176.168
232.044,942.816,-207.644
244.732,945.256,-189.344
227.408,945.744,-158.112
240.584,958.188,-141.764
314.272,956.724,-182.024
275.964,952.088,-147.620
291.092,945.744,-178.608
269.620,924.760,-180.560
239.120,890.356,-174.704
244.244,862.296,-200.812
213.500,867.908,-221.552
222.772,885.232,-189.344
282.796,860.832,-204.716
303.536,839.604,-191.296
246.928,848.876,-149.816
250.344,864.248,-133.712
252.052,866.200,-113.704
282.308,876.692,-143.472
323.788,927.200,-179.584
275.964,952.088,-122.732
274.012,934.520,-109.068
255.712,923.296,-61.732
320.616,901.092,-62.220
369.904,909.632,-73.444
303.780,948.916,-11.712
309.392,993.080,-2.440
332.328,991.128,-4.636
385.032,959.652,-23.424
367.952,960.384,-29.768
301.584,990.396,15.860
317.932,1001.132,-6.832
342.332,1000.156,-16.836
356.484,1021.140,22.204
367.952,1051.396,10.736
355.752,1059.448,-0.976
376.004,1057.984,-28.792
381.372,1054.568,-49.288
421.144,1040.660,-38.796
433.588,1032.364,-68.808
341.356,1027.484,-1.952
332.084,1006.988,61.244
276.696,969.412,48.068
273.524,953.308,16.348
280.600,968.192,-40.016
313.052,990.640,-76.372
307.684,986.980,-90.768
305.244,987.956,-75.884
285.236,994.788,-72.956
265.472,989.908,-65.636
268.156,976.000,-82.716
263.276,970.144,-79.544
250.100,961.604,-61.976
243.024,956.480,-49.532
268.156,945.988,-49.288
306.464,955.016,-57.584
305.000,954.528,-59.536
297.680,954.040,-77.592
300.852,949.648,-57.096
331.840,959.896,-86.620
362.096,976.488,-98.576
349.164,984.540,-89.304
325.984,986.004,-55.144
353.556,968.436,-60.512
322.080,950.868,-57.828
271.572,950.380,-32.208
386.008,953.308,-84.424
365.756,975.756,-96.136
261.080,983.320,-40.992
237.900,958.432,-51.484
259.860,901.336,-89.792
420.412,858.636,-150.304
437.004,755.180,-105.652
424.072,649.528,-40.748
372.588,562.908,-50.264
318.176,519.720,-10.248
382.348,462.868,-17.812
446.276,421.144,-119.804
479.948,338.184,-130.296
432.368,243.268,5.368
557.296,81.252,135.176
796.416,-79.788,129.076
1433.012,-131.760,-45.872
1350.296,-277.916,-83.936
1128.744,-174.948,131.028
1142.896,-205.936,147.132
1239.764,-225.456,69.540
1424.228,-228.872,16.104
1443.504,-224.968,-41.724
1366.400,-207.644,-18.056
1220.732,-173.728,54.412
1219.512,-187.880,106.872
1417.396,-173.972,85.644
1494.012,-152.256,149.084
1583.072,-169.092,201.788
1645.048,-158.356,225.700
1878.068,-122.976,175.436
1965.420,-123.464,127.856
1902.468,-90.768,85.644
1775.832,-61.244,52.704
1728.496,-27.572,12.444
1647.976,-63.440,-4.636
1633.824,-27.816,-29.280
1427.644,0.488,111.508
1250.744,-69.784,229.360
1204.628,-135.664,155.428
1178.520,-116.876,122.244
973.316,-193.004,115.412
940.864,-182.024,40.992
750.544,-196.176,29.524
755.668,-130.540,10.492
532.164,-192.272,26.596
519.964,-169.580,-50.996
365.268,-101.748,-27.084
332.328,-43.676,-93.208
311.344,22.692,-220.332
434.076,75.396,-411.872
685.396,9.028,-775.188
941.108,-11.956,-1115.812
857.416,-17.812,-1198.772
765.672,40.016,-1090.924
622.688,4.392,-936.960
506.056,-39.284,-753.228
424.316,-58.072,-584.868
343.308,-47.092,-396.256
266.692,-96.868,-232.532
289.384,-126.636,-136.396
260.592,-124.684,-39.040
327.692,-108.092,5.368
290.848,-147.376,44.408
350.872,-74.176,199.104
337.208,-127.368,382.836
442.128,-247.172,404.552
648.308,-244.732,480.924
711.260,-124.928,752.984
771.772,-152.744,1000.400
1109.956,-309.636,960.384
1301.008,-320.616,934.764
1398.852,-128.100,1182.912
1408.124,-240.096,1133.624
1509.140,-322.080,953.552
1618.208,-282.552,789.828
1555.744,-160.308,734.928
1491.328,-124.684,577.792
1403.244,-118.340,396.744
1407.148,-92.720,258.640
1408.124,-101.992,232.044
1337.364,-148.352,154.452
1241.716,-201.544,0.488
1369.328,-189.588,-262.544
1457.656,-222.284,-555.588
1566.236,-160.552,-756.156
1468.880,-134.444,-752.984
1275.144,-123.464,-661.484
1241.228,-148.840,-606.584
1197.552,-234.728,-540.948
1266.360,-262.300,-526.064
1250.500,-282.552,-400.160
1428.620,-301.340,-333.548
1231.712,-406.260,-190.564
1438.136,-267.180,-136.152
1453.752,-238.632,28.304
1637.728,-195.444,-75.640
1670.424,-189.588,-11.956
1638.460,-260.348,41.724
1292.468,-246.684,130.784
917.196,-12.444,161.772
662.948,190.076,106.384
523.624,361.852,83.448
191.540,489.220,257.664
26.840,604.388,91.256
-208.620,776.652,149.328
-244.976,863.272,86.376
-152.988,815.204,-62.464
-10.736,772.992,-335.988
-266.692,830.332,-105.652
-222.040,769.576,-78.324
-166.652,746.884,-149.572
-246.684,826.916,-56.608
-286.700,907.436,32.208
-224.968,923.296,-32.208
-170.800,969.168,-5.124
-45.628,984.540,-15.616
17.812,1018.212,-47.092
-23.424,1035.536,39.528
23.180,1017.236,14.396
28.548,1044.320,-25.864
93.696,1086.776,-69.540
175.924,1097.268,-173.728
132.980,1113.128,-106.384
137.128,1081.652,-80.520
158.844,1022.116,-103.456
95.160,1006.256,-36.112
88.084,976.244,-15.128
135.664,945.744,-73.688
69.296,960.384,-31.232
70.516,973.316,-12.444
110.776,973.560,-45.384
62.464,992.836,-7.808
48.068,996.740,0.244
113.704,989.664,-61.976
98.576,989.908,-40.992
142.740,985.760,-35.136
122.732,1003.816,-24.156
105.652,994.056,11.224
126.636,985.516,8.296
135.176,975.756,3.172
113.216,960.872,12.932
107.116,963.068,5.124
125.172,961.360,-29.036
115.656,966.484,-27.328
177.388,982.100,-84.912
141.032,1006.500,-54.412
135.176,1005.768,-38.308
146.156,995.520,-29.280
129.808,986.736,-13.664
161.284,968.924,-32.208
165.920,974.292,-64.904
144.204,973.804,-64.172
132.248,966.728,-59.292
125.660,978.440,-45.872
114.192,967.460,-24.888
136.396,965.264,-27.084
144.448,960.140,-12.200
174.948,940.376,-10.980
199.592,931.104,-46.848
159.332,940.132,-3.172
163.968,940.864,-5.856
151.524,946.232,8.296
167.872,948.428,24.156
198.128,945.012,4.880
223.260,941.352,15.128
247.416,936.960,4.880
203.984,940.864,30.012
186.416,950.868,16.348
168.116,950.624,10.492
175.924,948.184,0.488
200.080,926.224,15.128
199.348,906.460,25.132
172.996,895.480,1.952
219.844,904.508,-20.740
242.536,937.448,5.856
266.448,945.744,11.712
217.648,957.456,47.336
222.284,962.336,26.352
233.020,966.972,-16.592
240.340,991.616,-43.920
263.764,1027.972,-61.244
257.176,1042.124,-65.880
259.128,1038.952,-83.936
251.076,1033.096,-65.148
274.256,1005.036,-81.984
245.952,974.292,-60.268
248.636,946.476,-93.940
197.884,943.060,-82.960
185.196,963.068,-90.524
187.148,987.712,-84.912
210.084,1007.720,-113.216
198.372,1013.088,-101.260
208.620,1016.504,-112.484
169.824,1006.744,-81.008
154.696,1004.304,-82.716
168.604,1004.060,-80.520
149.328,1012.356,-108.824
159.088,1038.220,-143.228
337.696,1086.532,-280.844
232.044,1112.152,-222.528
225.700,1087.752,-215.208
217.648,1039.684,-205.692
227.896,1000.156,-180.072
212.280,997.716,-117.120
245.952,975.268,-104.676
254.736,985.272,-90.036
267.912,991.616,-39.772
261.080,998.692,-39.772
261.568,1011.380,-10.736
256.200,999.424,40.748
171.044,1012.844,32.940
144.692,1042.124,46.848
160.552,1071.404,-12.688
190.320,1104.832,-140.544
133.468,1098.244,-163.236
99.064,985.760,-48.556
230.092,820.816,-55.876
189.588,671.244,16.104
268.888,557.784,14.640
325.252,446.276,29.768
366.732,328.668,-10.004
608.536,309.148,-15.372
681.492,121.268,54.656
915.976,-61.488,16.104
962.824,-211.304,89.792
1280.024,-141.520,11.956
1038.464,-175.192,66.856
1089.704,-180.804,184.952
1328.336,-296.460,58.316
1212.680,-348.188,125.904
1167.052,-359.168,316.956
1245.620,-376.248,212.280
1294.664,-334.036,137.372
1282.708,-232.044,123.708
1328.824,-203.008,205.692
1325.896,-228.384,336.232
1572.092,-259.616,321.836
1838.052,-268.156,325.008
2119.140,-259.128,172.264
2186.484,-281.576,207.156
2131.828,-320.128,177.144
2046.916,-327.936,199.592
1882.948,-300.364,211.060
1822.924,-275.476,50.264
1613.816,-272.548,-41.968
1381.772,-263.276,11.224
1010.648,-283.040,130.296
674.904,-309.880,271.572
462.624,-401.868,286.944
395.768,-478.972,174.704
438.468,-401.380,27.572
521.184,-385.276,-145.668
562.176,-291.824,-347.944
449.448,-242.048,-570.228
537.288,-142.252,-797.148
638.304,-94.916,-1044.564
579.744,-9.760,-1177.788
560.468,21.228,-1181.204
547.048,15.128,-1134.112
470.432,11.712,-1121.424
406.748,21.716,-963.800
244.976,12.444,-742.248
199.592,-36.600,-561.688
108.092,-80.032,-309.880
153.232,-100.772,-232.288
194.712,-155.916,-90.036
156.404,-187.880,142.740
183.732,-145.424,295.484
156.648,-163.724,366.488
320.616,-108.580,478.972
303.292,-162.748,666.608
549.244,-143.472,741.028
692.960,-118.340,854.244
695.888,-124.928,964.776
1012.844,-140.544,873.520
1149.972,-204.716,814.716
1247.084,-101.504,924.760
1252.452,-191.540,800.564
1209.508,-197.152,664.412
1153.388,50.996,734.928
1276.852,35.380,722.972
1447.164,-153.232,538.508
1641.632,-167.384,403.576
1625.040,-106.384,483.364
1547.448,-256.200,651.968
1369.816,-431.636,683.688
1511.824,-477.508,550.708
1633.824,-532.408,371.368
1549.400,-570.472,231.068
1639.436,-554.124,57.828
1491.328,-534.604,-46.360
1492.060,-423.096,-263.032
1427.644,-315.248,-469.212
1301.252,-199.836,-550.220
1157.536,-125.904,-510.692
1140.944,-138.836,-466.284
1131.184,-171.044,-428.220
1170.956,-134.688,-432.612
1085.068,-82.472,-319.396
997.228,-62.464,-278.404
1129.720,-55.876,-316.468
1118.984,-62.952,-221.308
1161.196,-85.644,-201.300
1158.512,-101.992,-61.488
1260.748,-106.872,30.500
1287.344,-133.956,108.336
1240.984,-137.128,292.556
1448.628,-173.728,333.792
1448.140,-263.276,355.020
1449.360,-161.528,215.940
1447.164,-113.948,-36.112
823.012,12.932,353.800
520.696,195.444,342.332
443.104,249.856,150.060
105.408,448.960,208.864
-357.216,760.060,311.588
-584.380,915.000,244.000
-99.064,920.368,-61.244
-29.768,939.400,-196.908
-93.452,927.688,-117.852
-60.024,897.432,-201.300
-33.428,847.900,-189.100
28.548,843.264,-156.404
42.944,868.640,-87.840
93.208,940.620,-98.332
20.252,981.856,-4.148
50.508,974.048,-2.196
189.100,942.084,-115.168
150.548,989.420,-56.608
223.992,998.936,-65.636
317.688,965.264,-156.160
252.784,1009.916,-142.008
221.308,1031.144,-115.412
247.904,1028.460,-162.260
215.208,1021.872,-146.400
173.484,1008.208,-118.096
187.392,986.492,-154.208
202.032,958.676,-160.308
227.408,916.464,-173.972
169.580,919.392,-145.180
130.052,962.824,-124.928
150.548,973.072,-113.948
128.588,964.776,-94.428
193.492,955.992,-100.528
199.592,966.484,-81.008
199.836,974.780,-84.912
198.372,984.052,-65.636
189.344,996.984,-58.072
192.760,996.984,-23.180
252.296,985.516,-30.256
257.908,961.360,-33.672
270.596,951.356,-61.732
264.008,953.796,-79.544
277.916,944.524,-110.044
278.648,927.932,-129.808
293.532,915.732,-143.960
267.912,904.996,-137.372
277.184,904.508,-174.460
274.744,905.972,-201.788
264.740,898.408,-205.448
242.780,891.332,-174.216
233.264,868.152,-170.312
216.184,873.276,-137.128
259.860,849.120,-150.548
253.760,884.744,-166.896
212.524,926.712,-141.764
258.640,915.000,-157.380
242.780,902.068,-139.568
210.572,925.492,-104.920
207.644,949.160,-77.348
239.852,916.952,-129.808
249.612,882.548,-156.160
209.352,949.648,-142.252
175.436,1041.148,-63.196
204.228,1031.632,-70.760
300.852,995.032,-118.096
271.328,992.104,-97.112
152.988,1071.892,-8.540
166.652,1056.764,16.104
227.408,1024.556,0.244
289.872,994.788,-33.672
292.800,990.640,-51.484
233.508,1010.648,-57.340
213.012,1018.456,-48.800
226.920,1006.256,-40.016
264.252,977.708,-73.200
264.252,935.496,-83.692
254.492,914.268,-80.276
207.644,920.368,-84.424
156.160,958.920,-52.948
191.052,972.340,-64.904
183.488,984.052,-22.936
351.848,971.852,-99.308
334.524,953.308,-99.308
287.432,938.912,-84.424
249.856,969.656,-33.184
225.700,1002.108,8.540
234.240,1025.044,49.776
315.492,1033.828,3.904
351.360,1012.600,-25.620
305.732,980.636,-4.148
314.028,959.652,-39.528
296.948,948.916,-48.312
264.984,951.844,-31.720
244.000,960.872,-43.432
268.888,974.292,-86.620
233.508,998.936,-43.920
269.620,1014.308,-33.916
268.644,1018.456,-45.384
298.900,1009.428,-24.888
283.040,987.224,-7.076
282.552,969.900,-34.404
269.376,990.396,-43.432
256.200,1025.532,-54.168
216.428,1048.956,-50.264
227.408,1062.864,-65.148
229.848,1052.860,-89.304
222.528,1042.612,-107.848
244.732,1044.564,-131.028
226.676,1047.736,-107.360
196.908,1057.252,-77.348
195.444,1054.080,-101.260
170.800,1038.464,-107.116
92.964,1028.216,-67.344
75.640,1017.724,-74.908
62.952,990.396,-88.328
127.124,951.600,-114.192
184.708,910.120,-170.800
181.048,864.004,-173.972
225.700,716.384,-181.292
153.232,537.044,-102.236
87.840,408.456,23.912
153.720,240.096,75.152
393.572,147.864,7.320
566.324,69.784,-47.092
615.368,10.736,-87.108
975.024,-15.860,-53.924
813.984,-162.504,123.464
606.828,-283.040,176.900
1090.436,-339.648,-30.988
1537.688,-413.580,-299.144
1301.008,-364.536,114.680
1337.608,-366.488,260.836
1362.740,-451.888,245.464
1414.956,-436.760,198.616
1534.760,-376.248,2.928
1334.680,-320.128,96.624
1150.460,-343.064,169.336
1215.852,-365.512,117.852
1325.652,-372.100,57.828
1316.868,-359.900,26.596
1183.888,-335.500,28.304
1156.316,-313.540,1.708
1215.364,-308.172,10.004
1305.156,-308.904,-17.568
1406.416,-272.792,-34.648
1489.132,-278.648,-61.732
1550.864,-255.468,-80.520
1636.020,-232.532,-78.812
1723.616,-259.372,-80.276
1732.888,-228.872,-7.076
1747.284,-225.456,-17.324
1693.848,-217.160,-28.548
1809.992,-215.696,-84.668
1722.152,-228.384,-34.648
1560.868,-246.928,0.976
1527.928,-260.836,-2.440
1352.736,-264.008,59.048
1089.216,-256.200,133.712
881.572,-244.488,209.108
802.028,-189.344,172.752
585.356,-132.980,153.720
492.392,-105.164,72.224
284.016,-81.496,98.088
208.620,-66.368,50.020
285.236,-95.648,-22.448
259.372,-100.284,-95.892
398.696,-116.388,-242.780
739.808,-140.544,-449.204
1016.992,-149.572,-745.664
1119.472,-156.892,-907.436
1173.640,-38.308,-1147.044
971.120,23.668,-1132.160
768.844,25.620,-958.432
412.360,-60.512,-721.752
111.264,-62.952,-431.880
-50.752,-99.064,-235.216
-49.288,-130.052,-136.884
-0.488,-121.024,14.396
-53.436,-184.220,276.452
35.380,-253.272,361.364
111.508,-312.320,377.956
322.812,-279.868,328.424
384.544,-178.364,421.144
434.808,-99.064,514.596
542.900,-41.724,512.644
691.008,-34.160,486.536
877.912,-27.328,558.760
1005.036,-24.644,610.976
1198.528,-15.616,759.328
1429.596,-107.604,747.128
1378.600,-197.884,875.228
1523.048,-252.540,801.540
1618.208,-334.768,665.632
1698.972,-310.612,572.912
1638.216,-366.732,476.044
1534.516,-446.276,396.744
1529.636,-517.036,201.056
1673.596,-533.384,-23.180
1703.608,-600.972,-252.540
1654.076,-589.260,-428.952
1563.552,-550.952,-524.356
1507.676,-505.324,-524.600
1465.220,-447.740,-483.608
1488.156,-424.560,-396.256
1305.400,-484.340,-227.652
1232.200,-447.740,-124.684
1158.756,-419.680,-5.368
1117.520,-393.572,90.036
1176.324,-382.348,178.364
1350.052,-432.368,261.324
1515.240,-486.048,351.848
1605.276,-525.576,429.440
1794.376,-527.284,447.252
1782.176,-574.620,333.548
1701.656,-528.992,75.152
1236.592,-322.080,228.140
906.216,-127.124,153.964
393.572,-51.728,219.600
-77.836,164.700,257.908
99.796,412.360,-81.008
-412.848,648.308,182.268
-20.252,717.360,-55.144
-63.684,718.580,-31.720
9.272,708.088,-144.204
-101.504,854.000,-143.960
-112.484,892.552,-113.460
-48.068,864.736,-111.264
-68.320,843.508,-61.976
-96.868,873.764,33.672
82.472,865.956,-86.376
151.036,906.948,-73.688
250.344,955.748,-16.348
230.824,1006.012,-18.056
193.736,1024.556,6.588
207.888,1020.164,-45.140
228.384,1009.428,-86.864
182.024,1023.336,-59.048
114.924,1012.112,-9.272
146.644,1018.700,-88.572
122.000,1029.924,-91.256
188.368,1049.200,-196.664
142.496,1044.076,-97.356
141.032,1016.260,-43.188
190.808,971.608,-17.568
129.320,942.572,87.840
186.172,914.756,56.364
193.492,922.808,43.188
203.252,927.444,30.256
235.704,952.820,-2.440
194.224,982.588,55.876
189.344,970.632,61.976
240.096,962.824,5.856
199.104,974.536,40.504
172.996,972.828,17.568
177.876,953.796,-25.376
159.820,975.512,-8.784
149.816,983.076,-7.808
231.312,981.368,-70.760
215.940,1012.844,-23.424
223.748,1003.084,2.440
264.496,985.272,-7.808
242.292,969.656,61.488
224.724,957.944,82.228
252.052,954.284,40.748
232.288,963.556,33.672
192.272,974.780,46.360
243.512,970.144,-9.272
201.788,970.876,24.400
218.624,971.852,16.348
218.624,979.416,25.864
284.504,980.148,16.836
291.580,990.152,31.232
276.940,1001.132,56.608
269.864,1013.332,91.256
239.852,1007.476,126.880
275.964,997.716,98.820
243.024,1001.864,116.632
245.220,1006.256,111.752
243.512,1012.356,109.800
285.968,1016.016,65.148
280.112,1006.500,79.300
264.984,989.176,53.924
200.080,953.552,87.840
160.308,914.756,102.480
143.472,904.752,82.472
206.668,926.468,49.532
229.360,944.036,38.796
248.636,946.720,36.356
231.068,946.476,38.552
228.628,930.128,49.288
234.972,926.712,31.964
232.532,936.960,26.108
227.408,976.976,40.016
244.000,1005.768,22.936
249.124,996.740,49.288
284.260,947.452,-8.540
236.680,914.512,47.336
251.564,886.208,81.008
219.844,883.280,112.240
217.892,840.824,85.400
241.072,862.296,-7.808
227.896,926.712,-31.964
248.880,939.400,-70.028
204.716,955.504,-34.648
185.440,939.644,1.952
166.164,908.412,44.164
226.432,875.716,-53.192
214.232,886.940,-34.892
241.072,895.968,-49.776
226.920,929.396,-114.192
224.236,980.880,-78.080
259.616,1032.364,-147.132
201.300,1035.780,-139.080
193.980,988.932,-112.728
164.700,941.596,-84.912
190.808,955.992,-109.800
236.192,989.664,-103.944
284.504,1018.944,-141.764
291.824,1048.468,-142.984
296.948,1059.448,-137.616
261.568,1068.232,-128.832
251.564,1067.256,-125.904
259.372,1076.040,-144.204
271.572,1078.480,-143.472
300.120,1073.112,-139.568
290.116,1054.324,-103.700
286.456,1028.216,-79.544
270.596,1001.864,-65.636
274.744,982.588,-62.220
267.912,969.656,-51.728
263.764,951.844,-57.828
244.732,944.280,-39.772
249.612,934.032,-31.232
252.540,931.348,-24.644
262.300,926.224,-25.132
248.636,946.476,-12.444
263.764,976.976,-20.984
274.256,1016.504,-21.716
270.108,1057.496,-16.348
213.500,1084.580,14.640
159.332,1087.264,20.740
57.584,1077.016,-3.172
82.472,1068.964,-36.112
142.008,987.468,-129.076
110.044,917.928,-158.356
79.056,782.752,-153.476
-20.252,671.976,-92.720
116.632,530.212,-93.452
200.080,275.476,-32.208
277.184,71.736,-11.956
652.456,-30.500,-81.984
750.300,-177.876,-16.348
602.924,-261.324,347.456
1066.524,-363.316,273.036
1251.232,-460.916,37.088
1333.948,-430.904,-69.784
1365.180,-339.404,6.832
1301.008,-406.016,160.552
1365.668,-528.260,234.972
1538.176,-564.860,145.180
1595.516,-396.256,106.140
1651.392,-201.788,185.928
1894.904,-203.252,222.772
2186.728,-237.656,288.164
2393.396,-245.220,335.012
2596.404,-364.048,258.396
2663.992,-463.112,103.700
2594.940,-448.716,-73.200
2410.232,-447.740,-49.288
1816.824,-514.596,166.164
1454.240,-553.148,230.092
916.952,-531.920,311.100
561.200,-344.040,250.832
464.820,-278.404,22.692
426.512,-320.128,-58.804
391.376,-386.984,-72.224
265.472,-359.168,-13.420
276.208,-318.908,-89.792
133.956,-312.564,-45.384
207.888,-204.960,-86.620
165.920,-173.972,-45.384
252.540,-133.712,-119.316
275.476,-46.116,-148.596
385.764,72.712,-244.000
472.872,108.580,-392.840
663.680,152.744,-533.628
811.056,134.200,-748.104
1058.716,149.084,-1104.832
1202.432,139.568,-1441.552
1006.012,196.176,-1551.352
884.256,202.764,-1616.500
673.440,138.348,-1437.648
408.700,10.004,-1212.192
165.676,-83.204,-880.840
-49.288,-156.648,-643.672
-175.680,-208.132,-297.924
-210.572,-303.048,-31.232
-253.272,-400.892,296.948
-360.388,-436.028,689.788
-202.032,-446.276,922.808
99.552,-501.664,1260.504
423.096,-486.780,1403.244
587.796,-394.792,1551.108
1012.112,-385.764,1501.088
1579.168,-377.712,1359.324
1770.708,-443.348,1348.588
2043.500,-439.932,1228.540
1944.192,-454.572,1017.724
1809.748,-453.596,745.908
1738.988,-386.252,635.376
1530.368,-291.336,688.812
1500.600,-455.304,494.344
1588.684,-515.328,98.088
1728.252,-491.904,-305.732
1779.980,-461.892,-370.392
1539.884,-490.684,-442.860
1293.932,-389.424,-438.712
1352.004,-387.716,-523.380
1506.944,-422.852,-714.432
1455.704,-368.928,-823.988
1224.392,-308.172,-676.856
1118.496,-300.120,-537.044
1104.100,-318.664,-507.764
1069.696,-276.208,-447.984
965.508,-219.356,-315.492
990.152,-187.392,-267.668
988.688,-202.276,-204.960
1010.648,-190.564,-186.904
1035.536,-195.200,-96.624
1163.148,-226.432,-83.448
1317.356,-261.568,26.352
1562.088,-335.744,54.900
1705.072,-488.000,125.904
1654.076,-532.652,259.616
1773.148,-378.444,74.908
1565.748,-327.936,146.888
1535.248,-276.208,-116.388
905.972,-287.432,172.264
362.828,-31.476,372.344
178.364,89.792,199.592
-490.684,367.708,355.996
-468.968,757.620,149.572
-60.268,883.036,-143.472
-228.140,863.516,-155.184
-144.448,792.512,-344.528
-191.052,794.220,-238.632
-164.944,811.544,-146.400
-139.568,830.820,-111.996
-58.804,884.744,-237.412
-114.192,935.984,-156.648
-44.652,931.836,-265.472
-113.948,916.464,-296.460
-116.144,945.988,-193.492
15.372,965.508,-254.736
-8.540,1009.184,-173.240
62.708,1005.280,-161.284
171.044,995.032,-291.092
112.484,1030.900,-169.580
116.876,1004.304,-155.672
109.556,981.124,-193.492
133.468,1008.696,-242.048
117.608,1029.924,-180.072
182.268,1012.356,-309.880
129.808,1028.460,-248.636
154.696,1005.280,-220.088
131.516,983.564,-179.096
143.716,973.560,-170.068
163.724,981.856,-174.216
168.360,983.564,-177.388
177.388,978.684,-170.068
176.900,967.460,-132.004
166.652,968.924,-160.308
178.852,985.028,-168.360
164.944,993.080,-183.000
154.696,998.692,-181.048
155.916,991.860,-202.520
163.724,987.224,-201.544
190.564,986.004,-202.520
166.896,987.956,-190.808
187.392,981.856,-193.492
194.712,969.168,-180.072
190.808,958.676,-188.368
181.780,948.916,-200.568
180.804,955.748,-222.528
151.768,973.072,-187.392
162.504,966.484,-208.132
166.408,974.292,-269.864
148.596,995.276,-242.048
149.328,999.912,-195.444
171.288,978.440,-199.348
171.288,964.044,-139.568
183.732,954.772,-167.628
165.432,958.676,-132.492
171.288,961.360,-131.028
162.748,965.996,-126.392
165.432,951.112,-98.088
178.608,934.520,-118.584
162.748,926.224,-116.388
176.412,928.420,-124.928
186.172,927.932,-128.100
175.436,929.152,-113.704
149.572,924.760,-110.532
138.104,916.464,-114.192
141.276,910.608,-105.896
150.060,902.068,-101.992
165.920,876.204,-105.408
182.512,856.196,-104.188
193.736,846.924,-121.268
180.316,850.828,-103.456
187.636,867.420,-102.236
192.028,863.272,-52.704
237.412,840.580,-53.924
252.052,812.520,-70.272
223.260,816.180,-95.160
178.364,839.360,-61.732
190.808,868.640,-58.316
204.228,857.416,-63.928
247.660,833.992,-90.280
239.364,833.260,-91.988
186.416,854.732,-78.324
180.560,876.448,-61.244
194.224,896.212,-96.380
180.316,993.080,-92.720
181.048,1040.660,-56.120
186.660,1022.360,-76.860
172.996,1015.772,-67.832
140.788,1040.660,-26.352
153.964,1069.452,-18.788
206.668,1102.392,-3.660
260.592,1115.568,-10.736
255.224,1138.016,-10.980
231.556,1118.008,-17.080
184.220,1111.908,-0.244
210.328,1115.812,28.792
272.548,1127.280,-8.784
270.352,1142.408,-5.124
319.884,1154.364,-16.104
281.820,1133.624,21.472
226.432,1107.516,58.560
284.992,1119.228,32.696
253.272,1109.224,30.012
239.120,1083.116,-29.524
202.276,1041.636,-70.028
144.448,993.324,-96.868
253.516,941.840,-179.584
354.288,853.512,-171.776
314.760,767.136,-71.736
292.312,671.732,-38.064
392.596,533.384,-87.352
445.056,427.000,-16.836
492.636,316.224,26.352
510.204,220.088,59.292
573.156,147.620,97.112
767.624,41.968,-11.224
811.056,-0.488,-156.160
875.716,-123.952,-135.176
1190.476,-202.032,-159.088
1128.988,-242.292,12.444
1136.552,-330.864,155.428
1410.320,-394.548,75.152
1498.648,-397.476,137.372
1564.772,-387.472,244.488
1629.676,-417.240,301.096
2076.440,-423.828,64.660
2445.124,-340.868,-89.060
2455.860,-305.244,-11.468
2395.104,-390.888,31.232
2296.528,-468.236,131.272
2057.164,-529.480,264.984
1903.444,-472.872,277.672
1757.776,-468.968,124.196
1464.488,-401.624,42.212
1155.828,-376.248,110.776
966.728,-354.776,232.776
884.256,-379.908,146.156
818.376,-358.192,123.220
751.276,-379.420,103.944
861.076,-402.600,33.428
922.076,-442.128,-217.892
688.324,-401.868,-435.296
582.916,-369.904,-532.408
489.220,-312.320,-617.076
484.340,-319.152,-736.392
294.264,-303.536,-766.404
183.732,-166.408,-773.968
91.988,-92.720,-694.180
3.904,1.952,-645.136
-69.296,51.240,-657.336
-88.328,105.164,-600.972
-7.808,116.876,-531.188
-54.168,95.160,-387.228
-28.792,106.140,-307.440
70.272,82.228,-302.072
110.044,48.312,-243.756
261.568,77.836,-193.980
215.940,92.232,-78.812
303.536,62.708,60.268
378.444,-0.976,210.572
473.604,-11.712,401.868
749.080,-2.928,526.308
994.056,-113.948,661.484
1287.588,-164.212,675.148
1360.544,-175.680,802.516
1251.476,-151.768,867.420
1320.284,-44.896,756.888
1352.736,-7.076,707.356
1431.548,-15.860,573.644
1253.428,62.708,722.484
1161.440,30.256,759.084
1382.260,-90.524,557.052
1527.440,-146.888,412.360
1313.452,-36.356,499.956
1156.316,-8.296,538.752
1054.324,-83.204,473.116
1323.456,-147.376,234.728
1517.680,-132.492,26.840
1398.120,-147.620,9.272
1389.824,-161.284,-102.480
1362.008,-212.036,-249.124
1371.768,-267.180,-269.864
1473.272,-294.020,-451.400
1517.192,-348.920,-516.304
1410.320,-318.176,-460.916
1316.380,-304.512,-425.536
1200.236,-285.236,-330.132
1123.864,-247.172,-276.208
1080.188,-255.468,-251.564
1085.312,-187.636,-265.716
1081.652,-143.960,-226.432
1047.004,-140.056,-183.244
1106.052,-114.680,-150.548
1128.744,-111.508,-63.684
1248.548,-157.624,-17.324
1316.380,-176.168,203.496
1475.224,-200.812,170.068
1567.700,-233.020,150.548
1685.552,-252.296,135.908
1809.504,-233.264,-155.184
1175.104,-183.000,207.644
901.092,-92.476,95.160
425.780,60.512,299.144
296.460,193.492,138.348
357.460,356.728,-158.600
-611.220,740.784,263.276
-200.324,920.856,80.032
242.292,841.800,-256.444
24.156,953.308,-275.476
6.100,989.176,-252.052
-65.880,932.568,-287.676
-115.168,840.580,-248.636
-66.612,823.500,-132.248
-144.204,850.340,-23.912
-237.900,869.128,82.472
-117.852,889.136,91.012
-83.936,933.788,111.264
33.184,968.192,67.344
104.432,986.980,-3.416
84.912,1009.916,26.596
146.644,1034.072,4.880
127.368,1050.664,-13.908
135.908,1071.160,-64.660
204.716,1073.112,-122.976
175.192,1082.140,-101.504
182.512,1066.280,-85.888
126.880,1043.344,-50.020
137.372,1001.620,-69.540
97.112,1006.256,-62.952
141.032,1009.916,-108.580
175.924,1007.720,-133.468
156.160,1002.596,-104.188
168.604,1021.628,-163.236
75.396,1040.416,-92.964
88.572,1036.756,-75.884
73.444,1037.488,-54.900
73.688,1017.724,-21.960
117.120,981.612,-25.376
84.912,974.292,16.104
87.596,945.988,43.676
130.296,920.612,7.564
107.604,936.228,-2.684
106.628,945.012,-7.808
88.084,940.620,-22.448
72.712,969.412,-61.732
65.392,998.448,-58.316
84.424,1006.744,-63.440
131.028,1012.112,-106.140
165.188,1019.432,-123.464
162.992,1018.456,-83.204
166.164,998.692,-60.268
158.844,989.176,-33.916
93.208,986.492,4.880
90.768,982.344,-1.952
123.464,987.712,-47.336
96.380,993.080,-24.888
106.384,978.684,-43.920
120.048,969.656,-64.904
117.364,957.700,-61.000
139.812,957.456,-68.076
185.928,975.024,-112.240
168.116,994.056,-75.396
165.432,1000.644,-50.996
157.868,980.880,-44.408
179.340,964.776,-52.460
184.220,976.000,-49.288
162.504,980.880,-44.408
130.052,984.540,-42.456
105.164,982.832,-41.236
91.744,986.004,-54.900
114.680,999.424,-75.640
114.680,1000.644,-72.956
119.560,990.884,-60.268
172.020,976.000,-85.156
143.960,971.852,-38.552
149.816,962.336,-24.888
157.136,956.724,-32.208
162.016,958.188,-44.652
158.600,977.952,-27.084
176.656,987.468,-52.216
180.804,995.276,-58.804
160.064,994.300,-34.892
149.572,986.980,-20.008
154.452,976.000,-1.952
158.356,970.632,0.000
143.716,969.900,15.128
133.468,970.876,-7.808
132.248,973.560,-25.376
133.224,992.348,-43.432
167.140,1006.988,-69.540
155.184,1016.504,-58.316
154.452,1011.380,-47.336
178.364,992.104,-71.492
169.092,988.444,-42.944
184.464,976.976,-35.868
175.436,974.536,-33.428
