acc_x[mg],acc_y[mg],acc_z[mg]
97.844,959.896,-14.396
113.704,973.072,-12.932
123.708,985.760,-14.396
131.516,994.544,-25.864
141.276,996.740,-40.504
138.104,1004.548,-55.876
132.004,1009.184,-50.020
141.764,1009.672,-69.296
127.856,1010.404,-81.984
100.040,1007.720,-49.288
100.040,992.104,-52.216
88.816,977.952,-51.728
95.892,976.976,-49.288
87.108,979.904,-43.188
96.868,982.832,-50.020
93.696,987.712,-39.040
101.016,982.832,-45.628
108.092,981.856,-50.752
102.236,981.856,-46.116
102.724,980.880,-43.188
95.648,978.928,-30.744
111.264,976.976,-34.404
115.168,977.464,-39.528
110.532,980.636,-32.696
112.728,978.684,-44.408
101.504,980.392,-48.068
107.116,985.516,-50.996
101.748,986.248,-52.704
100.528,983.320,-55.388
91.500,979.904,-48.068
99.796,975.024,-46.116
95.404,977.220,-46.604
109.556,986.492,-42.700
114.680,998.204,-45.384
118.584,1001.864,-35.624
115.168,1002.108,-30.500
124.440,996.008,-35.380
123.952,994.544,-41.968
128.588,990.396,-48.556
129.808,989.664,-61.732
111.020,990.396,-47.092
109.556,987.956,-46.116
104.676,985.028,-44.896
104.920,977.464,-38.308
109.800,972.340,-43.920
116.876,974.536,-50.752
122.488,977.708,-52.704
114.924,985.272,-44.896
117.608,983.320,-42.700
109.312,982.588,-40.992
101.992,983.320,-27.328
113.460,983.808,-33.672
120.292,983.320,-35.136
136.152,989.176,-41.236
139.080,990.396,-38.308
143.716,992.348,-48.068
125.904,993.812,-33.672
124.684,995.276,-38.796
112.484,1001.620,-33.672
121.756,999.668,-35.624
117.852,996.984,-37.576
137.128,991.616,-45.140
139.080,996.252,-49.532
139.324,997.228,-33.428
140.544,987.468,-35.380
133.712,981.612,-34.404
119.072,981.124,-14.152
125.416,979.416,-23.180
137.860,980.636,-51.484
138.592,994.788,-47.336
144.692,993.324,-60.268
139.324,988.444,-58.560
131.028,978.928,-52.948
119.560,973.316,-36.600
117.364,968.924,-31.964
118.584,969.412,-37.576
115.168,974.048,-32.452
133.224,986.980,-48.068
140.544,996.984,-52.216
146.888,1001.376,-52.948
139.568,1003.328,-38.796
142.496,1001.620,-38.796
140.544,999.668,-29.768
138.592,991.128,-33.916
138.592,986.248,-37.088
139.080,990.640,-36.844
132.492,995.276,-25.132
122.732,994.544,-27.328
112.484,990.884,-14.152
110.288,987.712,-10.248
125.660,986.248,-21.472
137.372,990.396,-36.356
133.468,992.348,-32.452
132.004,994.300,-36.844
121.512,990.640,-31.964
113.948,985.760,-19.032
115.168,982.344,-18.056
110.044,982.344,-12.932
113.216,982.588,-11.468
113.704,982.832,-14.396
121.512,985.272,-31.232
114.436,990.152,-27.328
114.436,991.616,-28.060
109.312,984.296,-28.792
107.116,981.856,-25.132
107.116,978.440,-20.496
105.652,980.636,-21.228
95.892,979.416,-17.568
96.380,978.928,-28.792
108.092,982.832,-44.896
126.392,992.592,-57.828
125.416,994.056,-58.560
111.996,992.836,-38.064
118.096,983.076,-37.820
108.580,983.320,-25.620
115.656,983.320,-23.668
118.096,983.564,-28.304
131.516,976.244,-49.776
154.452,973.804,-79.788
112.240,991.860,-36.600
88.084,999.668,-12.200
80.032,987.468,-1.464
90.768,973.072,-10.492
118.828,968.192,-40.260
123.952,979.904,-57.828
122.732,995.764,-56.608
116.144,998.936,-58.072
104.676,1001.132,-48.068
111.264,996.008,-47.580
108.336,994.300,-45.872
110.044,990.640,-39.040
101.504,995.764,-28.792
109.556,996.984,-31.964
109.068,998.936,-30.988
114.680,998.936,-41.236
116.144,1005.280,-46.116
109.068,1007.232,-44.896
92.476,1007.476,-37.576
75.396,1009.184,-36.844
68.808,1012.844,-40.504
52.948,1022.848,-38.552
70.516,1028.216,-66.368
18.788,1034.072,-62.220
-25.620,1021.140,-52.216
-64.904,1001.620,-42.700
-178.120,989.908,-32.696
-178.608,975.756,-28.304
-219.112,951.600,-12.200
-187.880,884.744,-39.772
-119.316,826.428,-59.048
-77.104,762.744,-59.048
-78.812,711.748,-60.756
-77.592,612.928,-64.904
-164.700,492.880,16.836
-91.988,346.236,40.016
27.572,143.960,77.836
259.616,-115.168,45.628
650.504,-261.812,20.740
1156.560,-424.804,-74.176
1317.600,-535.092,-10.492
1270.752,-634.156,355.996
1388.360,-765.916,392.596
1482.788,-816.668,308.416
1763.632,-665.876,217.892
1794.864,-546.560,71.004
1533.784,-453.352,47.092
1338.096,-384.788,121.024
1209.508,-370.880,175.924
1179.984,-371.612,206.180
1154.120,-362.096,236.680
1154.852,-333.792,210.328
1214.876,-280.356,159.332
1291.004,-195.444,158.112
1574.776,-107.116,182.756
1910.276,-138.104,193.248
2056.676,-216.916,242.292
2166.720,-223.260,336.476
2268.712,-264.496,379.176
2346.060,-292.800,368.928
2352.160,-325.984,332.816
2235.284,-370.636,248.148
1890.268,-437.980,124.684
1694.336,-422.852,28.304
1404.220,-443.836,67.344
962.092,-507.032,244.000
644.892,-545.096,237.412
443.104,-567.300,222.040
128.100,-416.020,336.720
68.320,-369.416,309.148
57.096,-300.120,167.140
10.248,-195.444,36.844
170.068,-98.820,3.904
187.392,-46.848,-95.160
346.480,2.928,-280.112
543.388,47.336,-356.484
666.608,3.660,-589.260
964.776,15.128,-832.040
1007.232,11.468,-1057.008
926.712,137.616,-1126.792
829.356,181.536,-1123.620
672.952,145.180,-1124.596
669.292,129.564,-1073.844
576.084,81.252,-1023.336
397.232,91.012,-826.184
229.848,33.916,-641.720
132.248,0.976,-483.608
124.196,-49.288,-365.268
42.212,-118.584,-174.948
81.008,-140.788,10.004
10.492,-253.516,235.460
47.824,-199.104,380.884
-40.016,-202.764,519.964
64.660,-164.212,710.528
371.612,-238.876,832.284
635.376,-340.380,993.812
782.020,-384.544,1050.176
855.464,-375.028,1112.396
978.684,-344.528,1224.636
1256.844,-344.284,1121.424
1473.760,-353.800,973.804
1398.120,-386.008,920.856
1465.464,-334.768,951.356
1546.228,-313.052,932.812
1731.424,-457.744,784.948
1783.640,-622.200,542.168
1870.260,-575.596,342.332
1863.428,-507.276,332.328
1793.400,-586.576,96.136
1841.224,-610.000,-192.516
1722.640,-633.668,-462.868
1717.516,-408.700,-515.572
1390.068,-412.848,-556.564
1390.800,-282.796,-658.556
1274.656,-243.756,-651.968
1130.696,-193.492,-604.876
1175.592,-153.232,-632.448
1102.636,-161.772,-578.524
1043.832,-160.308,-493.368
985.272,-164.212,-385.032
838.628,-162.748,-228.140
864.004,-160.308,-165.676
901.336,-181.780,-109.068
1002.840,-174.216,-115.656
1037.976,-183.488,-64.416
1038.464,-181.536,12.932
1076.528,-197.884,122.000
1274.412,-237.168,150.792
1353.224,-287.676,237.168
1690.920,-312.320,248.880
1956.392,-357.216,220.576
1688.480,-455.060,369.172
1678.476,-385.764,329.156
1694.824,-389.668,73.444
1405.440,-403.576,142.984
1021.140,-378.688,311.100
656.604,-225.212,262.544
283.772,-73.200,261.568
-151.036,144.936,224.236
-573.400,491.904,286.700
-190.808,701.744,-33.916
-27.328,771.040,-195.200
-377.224,811.300,-64.660
-297.680,837.164,-251.808
-244.976,813.740,-190.076
-198.128,865.956,-51.972
-112.484,929.884,52.216
-47.580,955.992,82.228
-12.444,958.432,122.488
52.704,959.652,71.736
101.504,981.368,10.248
105.408,1002.352,-3.660
74.664,1010.404,-13.908
109.556,1011.380,-99.308
108.824,1029.680,-94.428
209.108,1047.492,-150.060
168.116,1064.328,-111.996
126.392,1064.572,-61.000
117.608,1062.132,-81.252
83.204,1048.712,-79.300
95.648,1034.072,-94.428
107.848,1002.596,-138.348
62.708,996.496,-58.560
62.952,981.124,-11.468
115.168,965.508,-31.964
81.252,967.948,-2.684
90.036,965.020,-1.464
124.440,950.624,-23.180
154.696,952.332,-61.732
137.860,990.884,-43.920
154.696,998.936,-60.268
127.124,999.668,-36.356
101.992,996.740,-12.688
99.308,997.228,-39.772
104.920,1001.620,-47.336
142.984,1005.524,-58.072
130.052,1004.792,-46.604
106.872,999.668,-33.672
102.724,984.784,-20.252
118.584,964.532,-11.468
146.644,961.604,-17.568
131.028,965.752,-6.588
127.856,962.336,-2.196
116.632,947.940,0.976
114.192,937.204,9.760
122.976,932.324,-5.612
143.716,925.004,-21.716
166.896,929.152,-13.908
154.208,934.276,2.196
156.648,934.032,-0.732
161.772,923.052,38.064
193.492,897.920,29.524
202.764,880.352,40.016
248.880,868.396,48.800
238.144,865.956,77.104
222.772,865.468,70.516
229.604,869.616,37.820
224.968,874.496,30.988
228.140,872.544,-5.856
203.252,873.276,-8.540
169.336,880.108,36.112
162.748,881.084,17.324
161.772,895.968,25.620
203.008,939.400,-14.640
213.988,980.148,-13.420
194.468,987.956,-4.880
208.132,974.536,-35.868
186.416,985.028,-29.280
198.860,1002.840,3.904
181.780,1002.352,9.272
149.572,1008.452,-3.416
150.304,1020.896,-31.232
154.452,1028.948,-42.456
166.896,1045.540,-67.832
157.380,1071.160,-69.784
142.252,1059.692,-57.340
101.016,1063.596,-39.284
96.380,1096.780,-40.016
123.952,1097.756,-36.844
171.532,1083.360,-34.648
200.080,1080.432,-27.328
223.016,1068.232,-19.032
191.052,1057.252,-42.700
179.340,1065.548,-43.920
199.836,1080.676,-56.852
210.084,1092.876,-99.308
199.104,1112.152,-132.248
175.924,1111.420,-140.788
159.088,1099.708,-146.156
162.504,1079.944,-140.056
182.024,1059.448,-141.276
184.464,1038.220,-115.656
193.980,1002.352,-79.300
191.784,960.872,-70.760
203.252,945.012,-60.024
181.780,954.528,-15.128
158.112,959.408,10.004
161.772,951.844,41.968
194.712,944.524,15.372
235.704,960.872,-18.056
259.128,974.780,-61.732
239.852,982.100,-62.952
240.828,977.220,-56.364
292.068,967.216,-80.764
269.132,960.872,-62.464
285.724,948.428,-42.456
261.324,940.864,-56.852
199.836,940.376,0.976
164.456,946.232,2.440
114.192,964.288,32.208
117.608,973.072,-4.880
-33.916,971.120,-4.636
-302.072,978.928,55.388
-222.528,940.132,47.092
-235.704,884.744,-37.332
-284.992,822.524,-78.812
-18.056,689.056,-143.960
415.776,565.104,-126.636
683.200,287.676,-88.328
872.056,158.600,112.484
918.416,-47.824,291.336
1110.932,-122.976,275.964
1029.924,-128.100,136.640
931.104,-152.256,143.716
1121.180,-300.608,265.716
1295.396,-432.856,215.208
1523.536,-409.432,112.972
1335.656,-368.684,152.988
1048.712,-294.508,249.368
1264.164,-216.428,221.308
1546.228,-221.552,179.096
1724.104,-287.188,190.808
1545.496,-351.604,468.480
1747.040,-321.592,448.228
2059.604,-289.628,324.520
2254.072,-301.096,259.616
2066.680,-323.788,309.636
2015.196,-349.408,273.036
1788.032,-338.916,271.572
1700.924,-243.756,257.420
1566.480,-260.836,166.652
1442.772,-276.452,119.804
1190.964,-265.228,138.592
921.100,-202.520,74.420
1026.752,-145.668,16.348
811.300,-197.884,17.568
758.840,-219.600,-57.584
680.272,-274.500,57.340
662.948,-262.788,131.028
532.408,-327.204,179.096
414.312,-323.544,114.436
399.916,-188.124,-59.048
350.628,-9.272,-332.816
528.016,127.368,-777.140
579.012,153.232,-920.368
612.684,79.788,-840.336
728.828,91.988,-912.560
775.676,-7.320,-1138.504
652.212,-40.748,-1116.300
601.216,22.936,-1106.052
415.044,65.880,-1096.048
223.504,99.064,-1026.508
131.028,15.860,-960.384
17.080,-28.304,-688.324
64.904,-49.532,-472.140
29.280,-159.332,-186.660
74.176,-201.300,18.056
172.996,-192.028,181.536
136.884,-93.696,233.752
50.020,-15.372,359.412
49.776,-11.956,635.620
279.136,-37.088,846.436
343.552,-105.408,933.300
924.272,-221.796,764.940
1309.548,-279.136,563.640
1091.412,-67.344,809.592
1019.188,-119.560,813.984
1223.172,-200.080,759.572
1410.564,-162.992,761.768
1316.136,-114.192,813.984
1252.940,-192.516,745.176
1632.116,-223.748,569.984
1542.080,-39.040,836.676
1505.236,-173.972,820.816
1560.868,-347.456,563.884
1682.136,-281.820,563.152
1429.352,-165.188,727.364
1306.864,-381.860,590.236
1522.316,-510.204,269.132
1751.920,-451.644,-59.292
1580.388,-341.844,-165.676
1328.580,-340.136,-237.168
1283.684,-266.448,-380.884
1082.872,-213.500,-375.760
1268.556,-173.728,-514.352
1438.380,-178.852,-641.476
1369.328,-144.448,-636.840
1237.812,-120.780,-554.368
1121.180,-109.068,-440.420
1102.636,-133.712,-381.616
1124.352,-132.248,-307.440
1157.048,-161.528,-305.244
1130.452,-155.428,-269.376
1052.616,-126.148,-193.004
1050.176,-115.900,-173.484
978.928,-89.548,-183.976
1072.136,-41.724,-174.704
1083.116,-29.768,-159.576
1028.704,-42.212,-78.812
1044.076,-30.500,-2.196
1031.876,-74.420,45.628
1113.372,-111.508,65.880
1249.280,-89.548,163.724
1258.064,-162.992,135.420
1125.572,-151.036,275.232
1127.768,-95.892,293.776
1304.668,-33.672,107.848
1499.136,-13.176,-19.764
1215.608,-42.700,180.560
916.952,52.216,229.604
721.996,92.476,1.952
244.000,327.204,122.976
290.360,579.744,61.244
131.272,728.096,188.368
-210.816,923.052,214.964
-79.300,1040.416,-39.528
98.088,1093.608,-263.032
-115.412,1034.316,-94.672
-138.592,940.132,-131.272
-305.732,910.120,-85.888
-300.852,908.900,-72.468
-260.592,967.216,-40.504
-235.948,979.660,-83.692
-202.032,983.564,-77.836
-147.132,984.052,-105.164
-171.044,986.492,-49.044
-95.160,1020.164,-142.740
-84.912,1032.364,-171.288
23.180,1026.020,-189.588
36.844,1009.672,-180.072
54.900,1034.316,-193.980
75.152,1052.128,-160.064
62.952,1034.560,-77.104
64.904,992.836,-58.316
68.808,962.824,-58.316
70.272,936.716,-23.668
122.976,917.928,-56.120
42.456,939.156,10.248
11.224,933.056,42.700
69.052,902.312,-6.588
39.040,927.444,-27.328
29.280,964.776,-41.724
79.056,990.640,-131.516
71.248,1037.244,-162.260
37.820,1053.104,-115.412
53.436,1024.312,-98.820
46.116,1007.720,-71.492
52.216,984.784,-23.668
81.008,979.172,-25.376
134.444,971.364,-63.440
97.112,976.976,-53.680
111.508,1013.332,-119.316
81.008,1048.468,-113.216
74.908,1034.560,-113.216
113.948,1014.308,-146.644
81.008,1010.160,-107.604
77.836,983.320,-73.200
56.120,953.796,-59.048
95.404,939.400,-40.504
106.140,943.304,-10.248
141.032,968.436,-29.280
172.508,997.716,-50.264
141.764,1020.408,-44.408
116.876,1009.184,-65.880
92.720,1004.548,-62.952
111.996,980.148,-68.076
128.344,962.824,-79.056
114.924,961.604,-81.252
113.460,962.092,-82.228
101.992,956.724,-95.648
100.284,941.352,-122.244
122.976,910.120,-156.892
115.168,885.232,-154.452
150.792,861.564,-172.264
169.824,855.464,-162.016
178.852,841.556,-169.824
149.816,849.608,-160.064
147.620,870.348,-202.764
133.224,889.136,-194.712
138.836,888.160,-181.048
154.208,866.932,-182.756
167.140,865.468,-179.828
123.952,879.864,-150.548
110.044,905.240,-155.428
129.320,903.288,-151.524
181.536,898.164,-172.264
163.724,938.180,-157.868
140.544,965.264,-137.860
121.512,960.872,-110.288
168.360,936.228,-128.832
205.448,971.364,-172.996
152.500,1027.972,-147.132
156.404,1042.124,-143.716
183.488,998.692,-196.420
196.664,990.396,-228.140
187.148,988.688,-165.676
182.024,987.468,-148.108
175.192,960.872,-136.152
172.264,931.836,-115.412
243.512,914.512,-185.928
157.624,992.348,-150.060
89.792,1099.220,-10.004
181.780,1133.624,-4.880
236.192,1157.780,-58.072
285.236,1141.188,-79.056
245.708,1078.968,-95.404
168.604,1007.964,-90.524
102.724,959.896,-89.304
38.064,962.824,-60.512
-36.356,1002.352,-2.440
-40.748,1066.768,14.152
-25.376,1135.088,23.668
81.496,1163.636,9.516
146.400,1156.560,-15.128
200.568,1121.424,-53.436
213.500,1096.780,-84.912
199.592,1079.944,-59.048
158.112,1054.568,-18.788
132.248,1037.244,-19.032
134.444,1031.144,-61.732
101.992,1042.124,-92.476
75.884,1038.952,-101.992
49.776,1020.164,-109.800
14.640,1019.432,-82.472
-8.540,1029.680,-60.024
-39.528,1036.756,-66.124
-104.676,1035.536,-43.432
-111.752,992.348,-56.852
-117.364,952.332,-99.796
-33.428,885.232,-172.020
57.340,788.120,-239.852
45.872,686.616,-303.780
-55.632,534.116,-178.608
-16.592,374.784,-41.968
-12.932,191.540,47.336
39.528,7.320,39.772
-35.868,-225.944,85.644
640.988,-329.156,30.744
1021.872,-517.280,-23.668
1392.264,-576.328,-54.900
1320.528,-527.040,100.772
942.816,-533.628,239.608
1125.328,-495.320,162.504
1394.704,-523.380,115.900
1651.392,-533.628,49.044
1476.200,-550.952,82.716
1352.980,-493.124,146.400
1510.848,-416.752,270.108
1841.224,-482.388,211.060
2145.248,-470.432,191.784
2253.096,-389.180,127.856
2202.100,-244.488,169.336
2280.668,-181.048,254.248
2493.192,-232.776,185.684
2573.468,-319.884,53.924
2394.372,-276.208,38.308
2265.540,-304.512,61.244
2076.928,-337.696,36.112
1869.040,-376.980,53.192
1502.064,-397.720,130.052
1393.972,-394.548,168.116
1026.752,-383.324,201.788
818.620,-327.692,155.672
674.660,-289.384,67.344
404.552,-264.496,24.644
239.364,-168.360,32.696
54.168,-109.800,49.044
103.456,-73.688,-73.200
120.292,-136.640,-119.072
66.612,-209.108,-169.336
349.896,-202.032,-307.928
466.772,-178.120,-410.896
646.844,-243.024,-741.760
757.864,-209.596,-980.148
757.132,-212.524,-1229.272
758.596,-100.528,-1381.040
623.664,-8.296,-1360.788
448.960,25.376,-1247.816
329.400,-7.076,-1044.808
227.408,-78.812,-813.252
105.408,-125.904,-599.996
74.420,-94.184,-383.568
-54.656,-131.028,-171.288
44.164,-114.924,-8.052
65.880,-168.116,225.212
70.272,-149.084,328.668
116.632,-130.052,380.640
200.324,-114.192,444.568
365.268,-82.960,464.088
352.336,-0.976,641.476
361.608,-40.748,701.500
608.536,-171.288,704.916
1021.140,-169.580,632.448
1067.988,-95.160,722.484
949.648,-102.236,869.128
1008.940,-193.492,863.272
1414.712,-167.140,672.952
1624.796,-193.248,582.916
1647.488,-273.280,522.404
1457.656,-260.592,711.748
1516.460,-344.040,687.836
1704.096,-389.424,401.380
1677.500,-380.396,344.528
1339.316,-345.748,600.240
1432.768,-454.816,341.112
1681.892,-525.576,-40.748
1921.256,-415.776,-411.872
1598.200,-334.036,-393.816
1502.552,-316.712,-364.536
1459.852,-390.888,-511.912
1609.180,-390.156,-713.456
1544.764,-353.556,-798.612
1348.588,-297.680,-626.592
1284.416,-302.804,-539.728
1280.268,-358.192,-459.940
1228.540,-384.544,-467.016
1210.972,-309.392,-395.036
1148.020,-255.712,-306.464
1152.412,-278.160,-177.388
1085.800,-302.072,-50.264
1098.000,-280.356,7.808
1263.920,-270.352,-3.172
1326.872,-284.748,50.508
1401.048,-300.852,51.484
1516.948,-280.356,138.836
1332.728,-341.112,303.048
1325.164,-263.520,209.108
1373.964,-247.172,-23.912
1094.096,-112.728,95.160
749.568,21.960,220.820
611.464,235.704,99.308
179.340,436.516,160.796
-248.392,829.600,420.168
419.680,923.540,86.620
378.200,859.368,-61.000
152.500,813.252,-36.600
-38.064,820.084,-35.624
-31.964,873.764,-34.160
2.928,904.264,-17.324
72.712,958.920,-101.260
15.616,1016.260,-59.536
68.320,1008.696,-130.296
-35.136,987.956,-110.044
-0.244,988.200,-77.592
37.332,982.100,-77.836
-24.400,977.708,-21.472
-7.808,966.240,-55.632
-27.572,963.312,-84.180
-2.684,980.880,-103.700
55.388,1006.988,-150.792
107.848,1017.968,-160.064
119.804,1025.776,-166.652
131.028,1042.124,-109.556
126.636,1029.436,-87.840
152.256,995.276,-88.572
153.476,983.076,-88.084
207.156,985.516,-112.972
166.896,1003.572,-87.108
148.352,999.424,-56.120
236.192,992.836,-82.960
198.860,987.956,-46.116
147.864,965.264,5.124
177.388,943.548,10.004
223.504,922.320,-17.568
165.676,920.612,37.088
229.360,928.176,-25.376
265.960,957.456,-91.988
218.868,996.496,-53.436
204.472,1008.940,-66.612
169.824,1018.456,-57.096
146.156,1004.792,-26.352
188.124,970.144,-41.724
195.444,955.016,-50.264
229.360,954.528,-36.356
238.876,976.976,-52.704
214.476,986.492,-32.452
208.132,986.248,-16.348
197.884,977.708,-14.152
211.792,952.576,-23.180
241.316,943.060,-49.044
196.664,949.648,-22.204
245.220,956.724,-72.712
258.152,989.908,-88.816
227.652,1018.456,-60.756
218.380,1017.724,-47.336
190.564,993.568,-23.180
190.076,956.480,-17.324
192.028,932.080,-10.980
203.740,913.780,-16.348
206.424,913.536,0.000
214.232,917.684,7.076
248.148,913.048,1.952
263.276,909.876,23.180
299.144,900.116,56.120
299.388,886.696,68.808
313.052,887.184,111.020
348.432,890.600,136.884
361.364,890.844,177.632
409.432,893.528,201.788
403.088,886.452,223.260
366.244,879.620,211.792
344.284,887.428,198.372
375.028,916.220,150.304
415.532,951.844,75.884
370.636,979.660,29.768
330.132,1004.792,18.056
317.200,1023.824,25.376
334.036,1032.852,27.572
360.144,1014.796,36.844
334.524,982.832,35.624
359.168,984.784,14.152
375.516,995.764,3.172
385.520,997.228,-26.840
340.136,990.884,-24.644
293.532,986.492,-73.200
258.884,984.784,-84.424
307.196,991.372,-127.612
337.452,1008.208,-141.764
371.124,997.960,-139.080
332.084,987.956,-136.152
270.352,966.240,-155.672
224.724,955.748,-152.500
228.140,962.092,-170.312
225.944,976.488,-198.372
263.520,999.424,-219.356
247.416,985.028,-180.804
244.488,955.504,-191.784
184.220,921.344,-176.900
180.316,914.512,-179.340
137.860,939.156,-140.788
167.384,962.092,-172.264
152.500,976.488,-155.672
179.828,974.048,-152.256
205.692,968.436,-138.348
197.640,947.696,-84.668
191.784,928.420,-33.916
170.556,921.100,-0.732
171.288,904.020,3.172
224.480,893.040,-51.728
260.836,857.904,-124.196
226.188,845.460,-107.848
125.660,827.160,-30.500
65.148,779.580,6.588
115.168,724.680,-2.928
118.584,669.780,-2.196
250.344,618.784,-7.808
443.592,526.552,-125.172
368.196,387.228,-37.088
275.232,254.736,101.748
421.632,73.932,68.076
505.568,-95.648,188.856
551.684,-230.824,205.692
1028.460,-350.628,-83.692
1445.212,-455.792,-218.380
1169.248,-564.860,148.108
1197.552,-572.180,281.820
1349.076,-709.064,139.080
1556.720,-713.212,74.420
1695.068,-678.320,18.056
1578.680,-592.676,32.452
1352.004,-551.196,86.620
1389.824,-535.580,98.576
1455.948,-525.820,126.392
1609.180,-513.620,112.240
1603.568,-461.892,123.952
1855.376,-339.892,-4.880
2123.288,-222.772,-101.260
2178.676,-337.208,74.420
2226.500,-420.656,210.084
2217.472,-550.708,182.268
2257.976,-496.540,72.224
2168.184,-429.440,-36.844
2060.092,-348.676,-59.536
1783.152,-420.656,0.488
1696.776,-478.240,-69.540
1391.044,-549.000,-63.684
1105.564,-487.756,-30.256
946.720,-453.596,-74.664
799.832,-445.544,-59.536
728.828,-455.060,-98.820
620.492,-532.652,-141.276
579.744,-603.168,-198.616
537.044,-602.192,-318.420
427.488,-634.644,-398.208
381.372,-568.032,-541.924
310.124,-439.200,-717.360
189.100,-320.860,-768.600
187.148,-152.744,-852.048
43.432,-21.716,-887.184
153.720,129.808,-1019.432
100.284,164.456,-974.292
26.352,196.420,-899.628
58.560,194.956,-838.628
116.144,116.144,-692.472
147.132,33.672,-525.820
123.220,-9.760,-301.096
53.192,-98.332,-104.188
122.976,-129.076,55.388
265.472,-161.040,118.340
191.052,-196.176,243.512
58.560,-110.044,391.864
96.136,-20.252,431.148
41.724,-65.880,566.812
287.676,-79.788,593.896
475.312,-141.276,610.976
606.584,-106.872,694.912
632.204,-68.564,754.936
612.196,-58.072,911.584
910.120,-70.272,837.896
1282.952,-154.940,749.812
1467.904,-189.344,800.076
1458.632,-249.368,1016.748
1450.824,-368.440,1138.016
1637.728,-266.448,1182.912
1825.364,-435.296,1114.592
1829.268,-599.264,1062.376
1548.180,-564.616,1115.080
1282.220,-529.480,1134.844
1529.880,-686.128,806.664
2009.584,-835.944,111.508
2057.652,-786.412,-484.096
1677.256,-642.208,-491.172
1643.828,-577.060,-577.548
1636.264,-537.044,-802.760
1676.280,-538.264,-1056.764
1578.192,-447.984,-1098.732
1325.408,-318.176,-891.088
1116.788,-267.424,-645.624
1079.944,-274.012,-526.064
1123.376,-289.384,-500.444
1183.888,-249.856,-477.996
1080.188,-202.276,-394.792
1006.988,-131.272,-266.692
982.832,-139.812,-155.184
980.636,-167.384,-58.316
1036.024,-142.984,-8.296
1133.868,-142.252,25.864
1220.976,-194.468,213.988
1415.444,-264.008,258.396
1388.360,-353.068,344.772
1316.136,-379.664,481.412
1542.080,-354.776,410.652
1598.200,-380.640,230.336
1246.108,-358.924,359.412
1126.304,-250.832,200.324
916.464,-183.732,334.524
910.852,-177.632,263.520
540.460,-54.412,194.712
-503.128,372.100,334.768
-784.216,875.716,328.668
84.424,893.528,-77.104
-416.996,981.124,-9.516
-390.156,986.980,-204.960
-441.396,958.920,-234.240
-348.676,924.272,-235.948
-225.944,947.940,-171.532
-139.080,958.432,-97.844
4.880,1015.528,-185.440
59.048,1056.520,-92.232
157.624,1027.240,-117.608
152.744,1010.648,-54.900
165.188,987.468,31.232
151.524,952.088,32.696
242.292,916.952,-155.428
112.484,984.296,-64.660
89.548,1008.940,-116.632
139.324,1007.232,-291.092
53.436,1061.888,-177.876
79.788,1071.404,-142.496
35.624,1050.908,-84.668
15.128,1000.400,-52.948
77.104,968.680,-123.708
64.660,965.020,-43.920
56.608,947.452,-42.944
55.876,929.884,-37.820
125.660,931.104,-74.176
156.648,952.088,-81.740
225.944,985.760,-114.680
238.632,1004.304,-137.860
173.972,1018.456,-73.444
130.784,1020.652,-42.212
132.736,1002.596,-39.528
142.008,988.688,-64.904
138.592,992.836,-56.364
166.652,973.072,-87.840
133.468,973.316,-83.204
130.052,985.272,-54.168
141.764,985.760,-55.388
135.420,1000.888,-58.804
153.720,1014.064,-42.700
155.672,993.568,-42.456
146.156,974.780,-61.000
147.620,982.588,-54.168
147.864,976.244,-33.428
117.608,981.368,-37.332
118.584,986.736,-48.312
121.512,979.904,-51.484
170.068,965.996,-126.392
143.228,982.832,-90.524
159.820,969.656,-94.916
106.628,991.128,-85.156
89.792,999.424,-20.008
77.836,979.172,-20.496
145.912,955.260,-93.940
121.512,966.240,-81.008
127.856,959.408,-78.324
107.848,968.192,-75.884
143.960,975.512,-91.988
144.448,989.420,-66.856
182.756,990.640,-109.068
165.676,990.640,-89.304
135.176,990.396,-54.412
124.440,992.592,-72.224
125.172,996.984,-69.052
142.008,1009.428,-90.036
153.476,1002.596,-90.768
162.260,985.760,-103.212
136.396,974.536,-73.932
112.728,964.044,-53.192
139.324,950.136,-93.940
148.108,953.552,-105.408
189.344,954.284,-135.908
200.812,964.044,-184.220
169.580,991.860,-149.572
154.208,1005.036,-130.296
149.572,994.788,-130.052
179.096,973.072,-161.040
174.704,965.752,-147.132
144.692,966.484,-120.780
149.572,955.260,-120.048
149.572,952.576,-134.444
128.832,975.268,-119.072
111.752,990.640,-99.796
125.416,982.344,-118.584
125.416,976.976,-125.904
98.576,995.032,-111.996
92.476,998.204,-117.608
94.428,990.884,-117.852
111.752,984.784,-131.272
110.776,1004.792,-154.208
129.076,1021.872,-125.904
149.328,1012.600,-131.272
175.924,996.740,-163.724
184.708,996.496,-154.208
151.280,993.568,-121.512
149.328,970.876,-123.952
161.528,947.208,-111.996
165.432,926.956,-92.232
121.756,938.180,-65.148
73.932,945.988,-87.108
91.744,957.700,-111.996
89.792,994.544,-130.296
120.292,1039.440,-136.640
144.692,1056.276,-108.092
178.852,1024.800,-84.180
174.216,992.836,-63.928
145.912,980.148,-28.060
151.036,988.688,4.392
156.648,994.788,6.832
141.032,1014.064,-18.544
133.468,1039.684,-24.644
143.228,1042.124,-43.920
153.476,1033.340,-46.116
148.596,1013.820,-30.744
125.660,997.716,11.956
142.496,979.660,10.980
124.196,968.924,36.112
135.176,969.168,28.792
108.580,972.828,24.400
111.996,980.636,-4.880
106.384,997.228,-30.500
88.572,1052.128,-59.536
60.268,1108.980,-52.704
26.840,1164.856,-43.920
14.152,1192.184,-11.712
-8.052,1203.652,16.592
-96.136,1212.436,-12.688
-34.892,1202.432,-48.312
6.344,1204.384,-128.588
-81.984,1075.308,-190.564
-40.992,978.928,-195.444
52.460,758.840,-107.848
59.780,569.496,10.980
21.472,292.312,141.520
337.452,154.696,242.048
606.340,-119.072,20.984
443.104,-153.232,211.304
587.308,-215.452,229.848
777.628,-255.956,160.308
1139.968,-372.832,-121.756
973.072,-366.732,-51.484
1150.948,-337.452,147.376
1242.204,-425.780,139.080
1377.136,-488.000,154.452
1443.016,-428.464,75.152
1140.212,-333.304,109.068
1350.296,-188.612,97.600
1352.492,-179.828,122.732
1504.016,-167.140,162.016
1608.204,-149.816,200.324
1812.676,-115.656,172.264
2119.872,-163.480,177.388
2263.832,-246.196,221.552
2325.320,-367.708,235.216
2301.896,-392.840,184.464
2253.828,-331.596,75.884
2037.644,-310.124,135.664
1875.872,-333.060,112.972
1660.664,-344.528,83.448
1224.636,-355.264,214.720
926.956,-373.320,223.016
663.436,-348.432,152.744
444.324,-289.872,30.012
224.968,-204.960,-2.440
107.848,-109.312,-87.840
-99.308,-33.428,-23.668
-39.284,46.848,-39.040
43.676,48.556,-29.280
89.304,145.668,-29.280
369.660,140.300,-184.464
542.168,193.248,-427.488
730.292,347.456,-707.112
813.496,393.572,-939.644
968.192,406.748,-1236.104
943.304,392.840,-1289.784
976.976,391.376,-1450.092
827.404,261.324,-1352.004
711.504,178.364,-1208.776
534.604,120.048,-1079.212
477.264,118.340,-986.980
319.640,79.544,-847.900
221.552,110.532,-638.548
90.524,26.840,-392.352
-14.640,-75.884,-149.084
-4.636,-101.504,151.036
-145.912,-264.496,541.436
-91.988,-232.288,725.656
51.728,-337.696,830.820
512.644,-373.808,976.244
770.064,-407.968,1064.816
816.180,-385.276,1119.228
961.848,-332.328,1153.876
1052.860,-385.032,1152.412
1334.680,-444.812,966.240
1422.276,-437.736,811.056
1241.716,-241.804,955.260
1297.348,-292.800,933.300
1664.080,-418.460,706.380
1765.340,-463.112,558.760
1640.900,-438.956,540.704
1472.540,-528.992,590.968
1551.352,-559.492,511.668
1723.616,-642.940,306.464
1580.876,-664.900,169.336
1628.456,-618.784,-35.380
1769.976,-539.484,-425.048
1576.484,-404.796,-608.780
1355.908,-245.952,-636.596
1291.248,-227.652,-698.572
1289.540,-214.720,-744.200
1247.084,-161.528,-740.296
1157.536,-105.896,-652.700
1053.104,-75.396,-568.276
852.536,-73.444,-500.688
1019.676,-4.636,-461.648
1097.024,-57.340,-345.260
1340.048,-78.080,-260.104
1484.008,-202.764,-190.564
1600.640,-259.128,-136.152
1634.312,-308.904,-17.568
1687.260,-286.700,-14.152
1582.584,-305.732,-107.360
1176.324,-247.904,111.020
1076.284,-62.952,58.804
937.204,-1.220,-119.804
331.108,201.056,249.124
-203.984,487.024,133.956
-488.976,849.608,408.212
248.392,822.768,-203.008
-313.296,884.256,3.660
-270.108,819.840,-195.200
-414.800,787.632,-244.488
-584.136,785.924,-181.780
-612.928,819.108,-167.140
-600.484,866.444,-122.732
-520.940,872.300,-72.224
-427.732,860.832,0.000
-324.520,824.232,-42.700
-367.708,854.976,53.192
-245.708,876.692,55.144
-185.440,946.476,-35.624
-202.276,1018.456,16.592
-103.212,1008.452,-80.032
-1.708,1035.780,-246.928
-63.684,1092.876,-87.596
-71.736,1047.492,-87.596
-72.956,993.324,-77.348
-146.644,980.392,-38.064
-69.784,986.492,-113.460
-89.060,998.448,-185.928
-92.476,1000.888,-154.208
-130.052,995.764,-118.828
-171.288,968.680,-77.104
-131.028,941.840,-62.464
-88.328,914.756,-106.628
-87.108,896.700,-117.608
-98.088,904.996,-109.800
-87.840,913.292,-130.784
-57.584,927.444,-160.308
-81.252,931.836,-148.108
-100.040,910.120,-160.308
-101.504,876.692,-165.676
-74.908,854.488,-179.340
-36.600,859.124,-201.788
4.880,882.792,-261.812
-53.436,910.608,-264.496
-60.512,924.760,-266.692
-30.744,926.712,-283.772
-32.208,918.172,-248.392
-10.004,900.848,-277.672
-30.744,893.284,-256.200
-49.044,922.808,-235.460
-27.572,942.572,-230.092
14.396,923.540,-231.800
26.352,926.712,-240.828
-0.976,940.864,-192.760
-10.004,962.336,-212.036
-2.196,969.656,-215.940
43.432,996.252,-226.432
11.224,1015.040,-183.488
79.056,999.668,-214.964
63.196,971.852,-174.948
68.564,955.260,-106.872
42.700,995.276,-90.524
101.260,1009.184,-64.416
158.112,1014.796,-73.200
179.828,985.516,-72.224
109.312,984.296,-45.140
77.836,974.780,-20.740
30.012,1003.816,-17.568
95.160,1018.456,-26.596
146.400,1016.504,-32.940
118.340,1003.328,-34.648
78.568,1022.116,0.488
62.708,1030.900,3.904
73.200,1027.240,2.684
142.496,1028.704,-17.812
148.840,1024.068,28.548
140.056,994.544,49.044
77.104,940.864,50.752
16.104,927.932,45.384
102.968,970.388,-30.256
53.192,1012.600,1.220
75.396,1007.964,-14.884
53.192,1009.672,6.588
89.304,1015.040,-11.224
50.752,999.180,29.768
-7.320,979.172,21.716
19.276,964.044,-39.284
23.668,968.436,-39.528
104.188,1003.816,-56.852
50.264,1023.824,-11.956
36.600,1010.160,36.356
29.280,992.592,27.084
13.420,987.712,-9.028
-2.928,989.664,-6.100
31.232,1008.208,-71.248
40.016,1045.540,-111.508
78.324,1102.636,-106.628
97.356,1129.720,-96.136
151.036,1135.088,-103.700
124.928,1129.232,-40.992
109.068,1094.828,12.932
95.892,1057.008,-4.880
79.788,1046.760,-38.796
132.492,1068.964,-66.856
131.760,1105.076,-82.960
132.980,1097.512,-82.228
124.684,1067.256,-84.668
129.320,1021.140,-72.468
137.372,998.692,-71.980
128.100,989.908,-47.580
114.436,988.444,-19.276
144.936,973.072,-51.972
150.304,978.196,-45.628
180.072,980.392,-61.000
135.420,996.984,-57.096
69.052,1021.872,-36.112
-58.560,1034.316,2.684
-81.984,1031.876,-8.540
-39.528,989.420,-101.016
17.080,958.432,-128.344
156.404,876.448,-171.288
184.952,793.000,-172.264
168.360,693.448,-175.924
126.392,611.220,-161.772
115.900,490.440,-141.764
155.916,419.436,-86.132
32.452,233.996,-41.480
295.728,240.584,-4.636
539.728,132.980,-139.324
646.112,75.884,-144.692
351.360,-86.376,-27.328
426.268,-250.100,112.972
767.624,-423.584,77.348
1274.656,-544.364,-78.324
1406.904,-646.356,-160.064
1408.124,-727.120,-59.292
1394.216,-750.544,20.496
1605.032,-683.932,-79.300
1800.232,-640.012,-162.260
1824.876,-511.180,-128.832
1830.488,-424.560,-112.972
1853.180,-355.020,48.800
2113.528,-269.132,80.520
2375.584,-148.108,42.700
2630.320,-20.496,5.856
2749.148,-80.764,-52.948
2738.412,-215.940,-64.172
2779.892,-397.476,-44.408
2663.504,-548.756,-32.208
2471.720,-663.192,29.768
1971.276,-721.752,100.528
1404.708,-621.224,194.712
1117.032,-615.124,236.192
855.220,-602.924,144.692
550.464,-509.472,180.804
340.868,-506.544,121.268
302.316,-432.368,1.464
169.580,-307.928,-18.788
25.620,-288.896,-30.744
189.100,-290.360,-69.784
183.732,-199.348,-34.892
12.932,-189.588,-61.244
262.056,-122.244,-120.780
226.188,-121.512,-164.456
413.092,-7.076,-303.292
344.528,77.592,-413.336
550.220,165.920,-716.140
652.944,171.288,-974.048
732.488,246.196,-1080.920
674.416,266.448,-1143.384
613.904,270.596,-1113.616
553.880,275.476,-1086.532
389.668,266.448,-968.436
406.260,293.288,-882.060
304.512,244.976,-782.508
261.080,175.192,-662.948
255.468,94.916,-506.056
175.924,45.628,-323.300
153.476,17.568,-143.960
101.504,-10.004,13.176
-49.776,-35.136,184.708
-87.108,-20.252,382.592
-59.292,-110.288,495.320
205.692,-220.820,607.072
455.060,-284.992,700.768
870.348,-401.624,759.328
1216.096,-506.544,831.796
1514.752,-497.516,755.180
1529.880,-427.000,818.132
1515.484,-390.888,808.372
1631.628,-366.488,689.056
1479.372,-388.448,618.296
1452.776,-354.288,567.300
1318.576,-296.460,585.844
1374.696,-244.000,440.908
1561.112,-229.360,165.676
1598.688,-186.660,45.140
1601.860,-151.524,-3.416
1370.060,-184.708,119.316
1403.244,-176.168,78.080
1449.848,-222.284,-7.320
1580.388,-251.808,-162.504
1697.508,-290.604,-332.572
1594.052,-268.156,-391.620
1375.916,-204.472,-303.292
1352.248,-132.736,-322.080
1375.428,-145.668,-432.612
1411.784,-124.928,-521.916
1346.148,-85.156,-512.644
1241.960,-51.728,-389.424
1137.284,-113.704,-304.756
1194.868,-134.932,-221.552
1300.276,-154.940,-153.964
1453.996,-224.480,-102.968
1596.248,-288.164,-133.956
1395.436,-311.832,101.992
1329.312,-244.976,250.832
1508.408,-222.284,-6.344
1584.048,-224.724,-192.272
1222.684,-159.820,6.832
950.624,-65.880,-22.448
730.536,0.976,-98.820
366.244,156.892,-11.468
-40.260,412.848,97.112
-378.200,690.520,230.336
-66.368,653.920,86.132
113.948,613.416,-110.288
-272.304,685.640,1.220
-423.828,762.988,127.856
-389.668,722.972,-25.376
-468.968,705.648,-26.596
-454.572,827.648,-115.656
-640.012,938.180,34.892
-556.076,951.356,-25.620
-423.584,1007.964,-141.276
-451.888,1113.616,-29.524
-328.912,1130.940,-31.476
-189.588,1119.228,-140.056
-152.500,1106.784,-51.972
-90.280,1091.900,10.736
-8.052,1070.428,-37.332
48.312,1096.536,-62.464
29.524,1100.928,3.660
14.640,1079.456,-31.232
13.908,1045.296,-20.496
46.116,1013.332,12.444
28.060,985.028,33.916
117.852,971.608,-9.760
76.860,982.588,-17.812
11.712,993.080,43.188
63.196,992.592,-16.104
0.000,988.932,12.688
-39.284,979.904,21.228
26.840,962.824,-50.264
56.120,968.680,-83.204
61.976,982.588,-69.296
60.756,997.960,-33.428
41.724,995.032,-4.392
50.996,980.148,-0.488
51.240,965.752,13.664
57.340,953.796,13.176
79.300,954.528,10.492
83.692,954.040,-0.488
48.800,963.312,25.132
42.944,953.552,28.060
61.244,955.992,-8.540
69.784,971.120,-62.464
59.780,979.660,-41.968
42.212,987.224,-45.628
100.528,1005.036,-53.192
93.696,1015.284,20.740
156.160,990.396,41.968
169.824,968.436,79.788
153.476,956.968,113.948
120.048,949.160,99.796
97.356,959.896,112.240
100.772,964.044,113.704
118.828,968.680,60.756
136.396,980.636,27.328
144.448,985.272,40.992
161.528,965.996,26.596
170.800,945.012,20.740
160.064,952.820,27.816
147.620,980.392,50.508
137.372,994.056,42.700
139.568,1002.108,49.044
131.760,990.396,-6.832
116.876,995.032,-49.044
104.920,1010.160,-37.088
107.116,1020.896,-44.408
102.724,1040.172,-65.880
101.748,1045.052,-79.300
108.580,1031.144,-78.324
98.332,1015.528,-98.088
132.736,1019.676,-108.580
104.188,1029.680,-85.156
118.828,1044.320,-84.180
96.624,1056.764,-90.768
108.580,1059.692,-93.452
128.588,1048.712,-124.684
112.972,1035.780,-127.124
124.440,1025.776,-142.496
105.896,1028.216,-133.712
100.528,1023.336,-127.368
95.160,1017.724,-146.888
77.104,1008.940,-124.928
91.500,994.544,-117.608
92.720,982.832,-100.284
133.956,967.704,-102.236
113.948,969.412,-67.100
116.632,970.388,-43.432
111.264,974.536,-45.628
84.668,988.932,-21.472
90.280,1004.792,-15.372
129.564,1015.040,-37.820
92.476,1026.264,-14.152
72.468,1029.680,-11.956
56.852,1017.968,-3.172
12.444,1013.332,10.004
-58.316,1026.752,27.572
-40.992,1037.488,5.368
-87.352,1040.416,-64.172
-55.144,1020.164,-74.664
-5.368,946.964,-68.808
12.200,883.768,-70.272
31.720,791.048,-69.296
-21.228,722.972,-71.736
16.836,658.556,-29.524
-97.600,493.124,-36.844
83.692,389.180,-40.016
279.136,149.084,-34.648
386.984,70.272,75.884
578.036,-156.160,2.928
858.148,-213.012,-33.916
1064.572,-193.248,-18.056
745.176,-368.684,80.276
974.780,-326.228,118.340
1070.184,-398.208,-35.380
1338.584,-459.940,-90.524
1498.160,-588.040,-85.888
1547.448,-674.904,-10.736
1278.316,-658.800,111.508
1359.812,-579.988,178.120
1388.116,-528.504,198.860
1443.260,-502.152,226.920
1561.844,-450.668,141.520
1756.556,-409.188,98.088
1924.428,-378.932,75.640
2180.140,-285.236,92.232
2324.588,-325.984,154.208
2508.564,-377.468,136.640
2634.468,-455.304,57.096
2605.676,-523.380,112.972
2425.116,-575.596,160.308
2165.500,-564.616,159.576
1814.872,-564.128,233.508
1514.020,-624.884,170.556
1263.676,-606.584,121.268
905.972,-611.464,104.920
701.744,-582.916,6.588
375.272,-519.232,-69.296
66.368,-436.760,-71.980
-58.316,-261.080,-121.268
-173.972,-148.840,-101.260
-163.968,-66.612,-82.716
-126.636,-85.644,3.660
-99.064,-95.648,70.760
12.200,73.688,102.480
193.980,166.652,-92.720
551.440,260.348,-367.220
812.764,208.376,-712.724
978.440,256.688,-1079.944
959.652,317.688,-1295.396
825.696,324.032,-1400.072
637.084,383.568,-1334.924
460.916,363.316,-1295.884
389.912,368.928,-1216.584
219.844,285.724,-976.244
146.156,179.828,-740.540
104.432,139.080,-496.296
21.228,65.392,-317.688
-48.556,69.540,-134.444
63.440,10.980,-77.104
94.916,-65.392,68.076
25.376,-131.760,251.076
50.752,-151.524,442.372
59.780,-144.936,613.904
381.860,-253.516,573.644
833.504,-365.756,558.516
1086.532,-328.912,719.068
890.356,-425.048,892.552
1053.104,-491.416,915.488
1226.100,-318.176,984.296
1297.348,-299.632,852.048
1439.112,-376.492,687.348
1550.620,-381.128,579.500
1761.924,-218.136,520.452
1654.564,-199.592,532.652
1522.560,-321.348,487.024
1723.128,-323.788,324.032
1804.624,-280.356,290.360
1644.316,-324.520,273.280
1634.068,-300.120,257.176
1711.660,-289.872,224.480
1633.336,-316.712,122.000
1536.468,-312.076,-85.644
1569.652,-238.632,-229.604
1590.392,-106.872,-304.268
1318.820,-123.464,-390.644
1385.188,-45.140,-483.852
1232.200,-61.976,-572.912
1312.964,20.008,-715.652
1131.672,76.860,-651.236
1018.212,109.800,-584.380
913.292,100.772,-488.244
787.144,68.808,-381.860
803.004,71.492,-341.844
886.696,47.824,-289.628
968.924,65.392,-245.220
1013.576,29.768,-121.512
1127.524,-23.180,-58.316
1145.092,-122.488,10.248
1457.412,-133.468,-81.008
1584.780,-197.640,28.792
1747.528,-199.836,191.784
1872.944,-294.996,164.456
1583.316,-395.768,150.304
1388.116,-333.060,73.200
941.596,-151.036,136.640
599.264,109.068,192.028
358.436,229.116,48.800
25.620,333.304,-57.340
-808.616,635.132,246.440
-562.420,852.292,198.860
89.792,809.592,-303.292
-340.380,895.236,-124.440
-241.804,907.924,-161.040
-208.620,869.860,-295.484
-238.876,864.980,-184.464
-129.808,897.432,-171.288
-188.612,927.444,-95.892
-130.296,956.480,-118.584
-136.640,981.124,-129.076
-115.412,972.096,-127.856
-30.256,953.308,-155.428
-8.540,961.604,-151.280
23.668,979.904,-118.340
-12.200,993.080,-106.628
22.204,1022.360,-134.444
103.456,1042.368,-139.812
129.808,1056.764,-95.648
228.628,1060.668,-149.084
159.576,1051.640,-45.872
179.340,1004.304,-7.320
207.888,985.760,-30.744
178.364,981.856,6.344
148.596,978.684,32.452
148.352,976.000,0.732
131.760,973.804,-68.076
65.148,990.396,-62.952
113.948,1025.776,-223.992
75.152,1048.224,-269.864
77.348,1044.320,-225.212
63.684,1024.556,-131.516
72.956,997.472,-85.644
64.660,974.780,-27.816
95.404,962.580,-41.724
79.544,960.384,-28.548
125.904,954.040,-80.764
110.288,965.996,-74.176
151.280,965.752,-90.768
179.584,997.472,-121.512
132.980,1008.696,-61.244
124.684,980.636,-57.096
162.748,948.672,-93.452
124.684,940.620,-68.076
139.812,932.812,-95.404
122.732,939.644,-119.560
113.216,941.108,-110.288
108.092,931.104,-99.552
124.196,918.416,-94.672
142.496,901.824,-75.152
140.788,884.744,-81.740
146.156,872.788,-83.692
137.128,877.180,-81.252
152.256,883.280,-78.080
158.600,890.112,-97.356
116.144,907.436,-57.584
115.168,912.560,-56.852
121.024,921.588,-63.684
138.836,934.520,-89.304
94.672,961.116,-63.928
83.448,963.800,-68.808
116.876,953.796,-119.072
102.968,961.848,-124.928
90.280,977.220,-104.920
96.136,976.488,-111.508
130.296,972.096,-120.536
166.408,970.876,-125.172
138.836,992.836,-116.632
131.516,980.392,-90.768
148.108,958.920,-81.496
137.616,961.116,-71.980
110.776,1016.748,-22.692
108.336,1057.984,-22.692
148.108,1077.016,-39.772
155.672,1087.020,-53.680
179.096,1066.280,-47.092
172.020,1047.492,-84.424
148.840,1035.048,-72.956
167.384,1037.488,-116.632
120.536,1041.148,-81.008
152.744,1066.768,-89.060
146.888,1092.144,-87.596
172.508,1084.580,-58.072
224.968,1071.404,-41.480
214.476,1049.688,5.124
261.812,1029.436,5.856
242.536,1026.508,11.224
221.064,999.424,9.516
213.744,988.932,-32.940
173.728,999.668,-59.780
141.032,991.616,-49.532
177.388,992.348,-114.192
154.940,1001.376,-102.236
147.376,997.472,-72.224
177.144,991.860,-100.040
165.676,1010.404,-96.624
159.332,1023.824,-87.596
162.748,1042.124,-90.524
175.436,1067.256,-110.776
208.620,1118.496,-140.056
155.184,1166.320,-130.540
135.908,1199.260,-117.120
93.208,1185.596,-109.556
10.980,1152.412,-82.228
-13.420,1117.764,-95.160
39.772,1058.716,-131.272
27.084,946.720,-209.840
-33.428,878.644,-172.508
80.764,724.192,-163.968
17.324,558.272,-151.036
10.736,407.968,-74.420
356.240,252.052,-55.144
223.992,49.044,30.744
468.968,-133.224,141.276
1088.728,-313.784,-164.456
1214.876,-295.484,-283.772
808.860,-258.640,35.868
1013.820,-325.740,119.072
1425.204,-487.512,-93.208
1441.308,-488.488,-16.836
1395.680,-484.584,262.300
1370.548,-542.412,173.972
1503.772,-449.692,89.792
1415.688,-369.416,100.284
1436.428,-226.920,112.240
1510.848,-168.360,177.876
1638.948,-213.988,200.568
1977.620,-245.220,148.352
2270.420,-325.252,73.444
2267.980,-387.228,104.188
2211.372,-379.908,141.276
2106.940,-354.288,145.180
1951.512,-363.560,79.788
1731.912,-366.732,162.504
1554.280,-394.548,160.308
1432.036,-391.132,84.912
1296.372,-476.776,6.832
1073.356,-495.320,34.160
873.764,-445.300,-23.180
677.588,-442.372,-13.176
584.136,-427.976,-95.892
306.464,-310.124,-70.028
233.508,-221.064,-134.200
154.208,-145.912,-186.416
132.492,-72.712,-275.476
10.492,29.524,-237.900
120.780,158.112,-268.156
110.532,207.644,-275.232
143.716,282.064,-389.180
327.448,345.748,-614.880
352.092,381.372,-796.172
572.424,479.948,-1137.284
539.972,465.552,-1273.680
486.780,477.752,-1390.068
437.492,433.344,-1303.692
483.364,344.284,-1250.256
422.364,290.604,-1085.556
346.236,244.488,-970.632
292.068,188.612,-807.152
225.944,133.468,-545.584
153.476,110.288,-321.348
48.068,103.212,-95.892
76.860,53.192,135.908
103.700,-54.900,446.520
104.432,-193.492,656.116
135.420,-244.732,756.644
390.156,-229.848,645.380
786.412,-186.660,600.240
970.632,-150.060,553.636
744.688,-205.204,633.912
868.152,-200.324,738.100
1038.464,-257.908,928.664
1422.032,-391.864,824.476
1505.236,-487.024,740.296
1386.408,-423.584,831.064
1535.980,-345.260,786.412
1630.408,-485.316,757.864
1830.488,-585.844,668.560
1830.000,-613.172,577.792
1741.916,-720.288,604.144
1808.528,-867.664,739.808
1795.352,-1073.844,716.872
1701.656,-1121.912,395.524
1608.204,-1034.560,-111.752
1620.892,-785.192,-902.556
1328.824,-321.592,-1274.656
1159.976,-88.084,-1277.096
1164.124,-61.244,-1417.396
1119.472,-11.956,-1321.504
1082.384,4.880,-1130.696
1179.252,-121.024,-933.544
1117.520,-275.476,-703.208
1265.628,-285.968,-633.424
1364.692,-291.580,-524.112
1315.404,-278.648,-279.380
1258.796,-290.604,-118.096
1350.784,-337.696,91.012
1331.996,-459.208,195.932
1276.120,-403.088,172.020
1744.112,-293.044,80.276
1978.352,-380.640,42.456
1847.812,-533.384,123.708
1491.328,-764.452,99.552
740.784,-725.656,314.760
303.536,-594.872,440.908
-302.804,-386.984,320.128
-1260.748,444.324,236.680
-87.596,773.724,315.736
-295.484,685.396,122.000
-664.168,676.124,-226.432
-833.748,750.788,-69.540
-831.064,841.556,-111.996
-692.472,968.436,-218.380
-679.540,1024.556,-14.884
-511.668,1020.652,-40.260
-435.540,992.348,-11.956
-198.860,987.468,-60.024
-224.968,993.080,44.896
-147.864,970.388,13.908
-99.064,972.584,-132.248
-229.848,992.836,-50.264
-229.116,993.812,-89.792
-110.288,1005.280,-260.592
-186.172,1026.996,-140.300
-94.184,991.372,-166.896
-87.108,955.504,-173.972
-78.324,934.032,-66.856
47.824,921.100,-16.836
118.584,874.984,61.976
155.428,849.364,61.732
98.332,873.276,103.944
49.532,898.652,30.256
29.524,939.156,-61.488
-29.036,923.540,-40.504
19.764,834.480,-133.956
28.548,772.016,-143.472
-26.352,770.796,0.244
-24.400,763.964,24.400
15.616,782.020,77.836
37.576,829.356,182.512
48.312,884.744,124.196
-21.472,936.716,88.084
-29.036,959.408,55.632
-21.960,965.752,48.556
-21.228,999.180,62.220
-30.012,997.960,36.600
-20.252,993.324,3.416
-21.960,1019.676,-15.616
-28.792,1059.204,32.940
16.104,1060.912,-12.444
-26.108,1033.584,23.912
75.884,1022.116,3.660
169.824,1044.564,-2.196
162.016,1048.956,71.004
142.496,1060.912,25.376
40.748,1058.960,-1.952
-28.792,1089.460,6.344
69.296,1117.032,-78.568
-10.248,1131.916,-37.820
33.184,1077.504,-35.136
54.900,1014.796,-46.360
-1.220,971.608,20.740
39.040,1000.156,-43.676
30.500,1029.192,-97.112
19.520,1069.696,-142.008
51.972,1118.496,-204.716
63.196,1116.544,-167.628
122.732,1090.680,-124.684
48.068,1040.660,-77.348
60.024,996.008,-49.288
75.152,1015.528,-58.072
36.356,1034.560,-16.592
59.536,1044.320,-7.808
126.148,1054.568,-66.856
112.728,1068.476,-57.340
173.240,1067.500,-102.724
142.008,1052.128,-98.088
132.004,1041.880,-55.144
131.516,1044.564,-95.892
89.548,1051.396,-45.140
122.244,1012.356,-30.744
106.384,968.192,-23.180
101.016,949.160,-35.868
65.880,977.952,-22.204
52.216,992.836,-44.408
62.952,1004.304,-39.772
77.348,1017.724,-70.272
54.900,1026.264,-54.412
56.608,1015.772,-41.480
74.908,997.960,-42.212
74.420,996.252,-33.428
99.064,995.520,9.760
154.696,991.860,-13.664
137.616,997.472,6.832
155.428,1009.916,-25.376
108.336,1012.356,-20.984
108.336,1020.652,-47.336
124.928,1033.340,-71.004
133.224,1053.104,-52.948
195.932,1048.712,-73.932
213.012,1032.852,-48.556
170.312,1012.112,12.444
132.248,1004.792,37.088
103.944,1001.620,53.192
40.504,1006.256,64.660
10.492,1023.336,50.752
7.320,1032.364,9.028
-7.808,1030.168,-15.372
0.244,996.984,-55.876
-54.900,937.936,-50.752
-106.384,863.760,-30.256
-47.824,791.780,-51.240
57.096,711.504,-83.204
38.796,631.228,-79.544
-2.684,516.548,-86.620
-93.696,347.944,7.320
132.004,237.412,36.112
161.528,-3.416,50.752
247.904,-61.488,129.320
739.808,-188.124,166.896
952.820,-366.488,-9.028
1180.960,-373.808,-51.240
1225.856,-378.444,40.992
1307.352,-428.952,51.240
1405.440,-457.744,80.276
1588.928,-477.752,-28.304
1707.268,-443.836,-94.428
1587.952,-406.016,38.308
1594.296,-404.308,143.228
1611.620,-399.672,240.096
1871.480,-369.172,221.796
2152.568,-337.696,122.732
2240.896,-398.940,67.100
2362.652,-354.288,101.992
2408.036,-330.864,151.280
2425.116,-359.168,250.100
2500.268,-437.980,202.276
2451.956,-598.776,115.900
2060.336,-636.352,176.900
1802.672,-590.236,119.560
1484.252,-476.044,149.816
1136.064,-421.876,271.816
856.440,-518.988,184.220
708.576,-518.500,79.300
458.720,-485.804,20.252
280.844,-405.772,-70.516
205.448,-288.652,-230.092
61.000,-203.496,-179.096
104.920,-163.724,-156.892
84.668,-153.964,-189.832
132.736,-91.256,-308.172
266.204,16.836,-529.968
236.924,111.996,-586.576
449.936,162.992,-945.012
640.744,213.256,-1234.640
581.452,248.392,-1323.700
521.428,255.712,-1259.284
463.600,190.320,-1137.528
321.836,131.760,-951.356
185.196,118.828,-769.576
140.300,79.544,-592.920
132.004,33.916,-469.456
48.312,-13.908,-290.604
64.172,-40.992,-165.432
61.488,-80.276,-27.572
174.948,-78.568,74.664
147.376,-113.948,242.292
133.468,-160.064,389.912
240.584,-204.960,522.648
335.012,-199.592,738.832
639.524,-225.700,855.708
976.976,-319.640,912.560
1125.816,-331.840,936.228
1085.556,-214.964,1176.568
1104.832,-274.500,1205.116
1313.940,-366.488,978.440
1524.024,-215.696,805.688
1358.592,-97.844,970.632
1325.408,-211.304,771.772
1427.400,-277.184,512.156
1567.700,-148.108,312.320
1413.004,-31.232,484.096
1314.672,-126.148,387.960
1281.976,-247.416,388.692
1610.888,-260.836,205.936
1662.128,-194.712,236.192
1447.896,-326.716,197.640
1542.080,-309.148,44.408
1710.684,-264.740,-97.112
1583.316,-300.608,-54.168
1636.264,-350.628,-197.884
1529.880,-388.936,-322.568
1522.560,-319.152,-342.088
1489.132,-257.908,-430.904
1309.548,-186.660,-353.068
1169.492,-146.400,-362.584
1087.996,-123.220,-364.292
1088.972,-95.648,-312.320
1089.216,-90.280,-280.600
1107.028,-101.016,-216.184
1071.648,-82.716,-55.144
1132.404,-133.956,-2.684
1177.788,-113.216,-6.588
1233.664,-89.548,138.592
1415.688,-112.728,221.796
1601.128,-154.452,256.200
1823.656,-222.284,199.836
1690.676,-235.216,320.372
1737.524,-245.708,160.552
1317.844,-236.924,236.680
784.704,-82.960,454.816
539.972,138.592,363.804
327.448,244.244,261.324
78.812,382.348,319.884
-168.848,485.072,248.148
-369.904,622.444,162.504
-323.056,696.620,-18.788
-261.812,724.436,-104.188
-284.016,789.340,-285.724
-306.708,810.568,-242.292
-306.220,839.604,-238.388
-343.796,818.376,-180.316
-291.336,835.944,-125.172
-291.824,877.424,-22.936
-132.492,880.840,-122.976
-154.452,949.404,-35.868
-83.936,981.612,18.300
-20.008,1024.556,-78.568
-40.748,1077.748,-36.356
6.588,1081.164,-90.768
7.076,1071.648,-157.868
-38.064,1068.232,-51.240
27.084,1033.828,-116.144
-43.432,1044.320,-86.376
-73.200,1028.948,-26.108
-40.016,999.668,-60.756
-57.096,1000.156,-37.332
-38.796,993.568,-16.836
33.184,1010.404,-87.596
-15.372,1031.144,-29.036
-9.028,1017.724,-51.240
-21.472,1020.408,-78.568
-44.408,1007.964,-51.728
30.256,991.372,-104.676
32.452,1015.528,-132.492
-8.052,1011.624,-51.240
-41.968,981.368,-55.388
-8.540,955.016,-57.340
-29.524,952.820,-14.152
-32.696,932.568,-2.196
-6.344,939.644,-7.320
30.012,944.036,-19.032
28.060,953.796,-0.488
47.580,970.632,-35.868
13.908,996.740,-29.524
88.572,1023.824,-90.036
36.844,1067.744,-76.372
49.044,1058.716,-67.832
20.496,1027.240,-66.856
32.452,999.180,-71.248
4.148,974.780,-27.084
56.364,952.576,-71.736
35.868,959.652,-64.416
43.676,971.608,-50.020
36.600,990.152,-46.116
7.320,1010.648,-8.296
16.104,1005.768,-28.792
9.272,990.396,-22.204
18.788,991.616,-39.040
22.936,987.468,-59.536
52.460,988.200,-74.176
49.776,1006.744,-73.444
43.676,1016.748,-57.340
16.836,1027.484,-35.136
30.988,1012.112,-33.672
80.032,981.856,-64.904
52.460,969.168,-27.328
56.608,960.140,-20.252
57.828,955.016,13.908
53.924,941.596,54.168
78.324,921.832,33.184
61.488,926.468,40.748
81.984,926.468,20.496
84.180,919.636,-1.464
73.444,924.516,-20.496
82.228,951.600,-60.512
68.808,995.520,-69.540
35.136,1015.528,-63.684
12.688,1028.704,-53.680
3.172,1033.340,-66.368
48.800,1032.120,-93.208
67.344,1051.640,-135.420
74.176,1063.108,-135.664
83.448,1053.592,-126.636
69.540,1046.028,-110.776
53.192,1025.776,-76.372
27.572,1011.624,-51.240
51.484,1008.452,-37.576
52.460,995.764,-30.988
66.124,995.520,-86.864
35.136,1014.308,-131.760
3.172,1038.464,-186.416
0.488,1052.616,-220.088
2.440,1061.888,-244.732
14.396,1057.252,-265.960
13.176,1030.900,-252.296
8.784,992.836,-249.368
-2.928,969.168,-215.208
16.592,952.332,-181.292
92.720,937.936,-213.500
91.256,948.428,-175.436
136.152,946.964,-155.184
129.564,941.352,-152.256
106.384,962.336,-146.156
91.012,976.976,-93.452
99.064,980.880,-78.080
124.196,961.116,-99.308
128.588,960.384,-73.932
88.084,980.392,-30.744
122.488,964.532,-48.800
128.832,950.624,-58.316
142.008,948.428,-52.460
113.704,957.456,-60.024
62.952,978.684,-43.676
57.340,1010.892,-18.056
95.404,1015.528,4.880
134.932,1016.992,25.864
137.372,1028.460,34.404
122.488,1022.848,46.116
121.512,1017.236,56.608
111.020,1043.100,96.380
126.148,1078.968,108.824
129.564,1078.968,97.112
140.788,1054.812,92.720
109.800,1032.120,83.692
121.512,1019.188,56.852
93.208,1016.260,75.640
71.492,1012.356,62.708
48.312,1013.576,77.104
59.780,993.812,70.760
41.480,942.816,70.272
9.516,907.192,80.032
66.612,885.964,51.484
55.876,881.572,30.744
15.372,873.032,-50.020
-142.984,865.224,-80.032
-150.548,798.612,-54.168
-274.744,660.264,-38.796
-274.988,527.284,43.676
-84.912,407.724,55.388
-231.312,323.300,111.020
-161.284,158.844,-32.208
-115.168,2.928,-51.240
856.196,-142.740,-215.452
779.580,-296.460,166.896
904.264,-619.272,316.224
1823.168,-631.716,-349.408
1637.484,-494.100,-366.000
1640.168,-282.064,-27.572
1826.828,-464.576,-169.580
1902.224,-571.692,-63.440
1856.840,-571.936,4.636
1531.588,-534.360,73.444
1387.872,-436.760,187.636
1386.652,-403.820,132.736
1362.740,-389.180,101.992
1320.284,-354.532,68.808
1332.484,-267.912,-14.396
1274.656,-200.324,34.404
1398.120,-168.604,41.724
1579.168,-183.976,25.864
1773.636,-241.316,99.308
2019.832,-340.136,119.804
2089.860,-478.240,166.896
2063.264,-506.544,312.320
2227.964,-464.088,203.252
2160.132,-456.768,198.128
2127.192,-449.204,65.880
1882.216,-373.808,51.240
1608.204,-362.584,-11.468
1266.116,-420.656,33.916
889.624,-439.688,120.536
471.652,-391.132,160.552
227.164,-335.988,164.456
84.180,-236.680,125.416
-94.184,-165.188,60.024
-75.396,-70.516,-32.208
-54.656,-29.768,-39.772
-69.784,-27.816,-5.368
-55.144,50.508,-27.816
86.376,137.860,-231.068
122.000,236.924,-464.820
488.976,341.844,-854.976
846.192,358.192,-1155.828
959.896,386.252,-1402.024
863.760,424.072,-1485.472
664.412,438.468,-1439.844
567.300,395.768,-1267.580
385.032,309.880,-1010.892
238.144,192.028,-819.108
180.072,98.332,-567.544
144.936,64.416,-317.932
71.004,-57.584,-111.508
108.336,-121.268,114.924
3.416,-148.352,355.508
-63.684,-57.340,424.316
-131.760,-96.624,478.972
113.460,-115.656,634.888
318.420,-159.088,756.644
448.716,-335.988,883.768
879.620,-429.684,1021.384
1233.664,-479.704,1144.116
1250.744,-515.816,1221.464
1420.080,-511.424,1216.096
1429.352,-482.388,1250.256
1667.496,-518.012,1076.772
1963.956,-561.688,801.540
1987.380,-558.272,602.436
1929.308,-474.336,470.432
1676.036,-425.536,327.448
1746.796,-387.228,98.332
1859.524,-450.912,-167.140
1649.928,-387.960,-340.624
1399.096,-194.224,-370.880
1241.960,-250.344,-553.636
1261.968,-132.492,-705.160
1317.600,-96.868,-816.180
1147.776,-96.136,-694.424
1148.996,-122.976,-611.464
1054.568,-186.172,-501.176
1114.836,-145.180,-505.568
1141.920,-115.412,-388.936
1260.748,-109.800,-399.428
1342.976,-128.100,-303.780
1496.208,-150.060,-267.912
1369.572,-215.696,-25.620
1375.184,-232.044,106.872
1828.536,-252.784,-68.564
1957.612,-349.164,-197.152
1527.196,-302.804,-176.168
1087.508,-147.620,-56.364
1045.540,-122.976,-45.140
700.768,-73.200,223.016
150.304,147.132,155.428
-868.396,612.440,392.352
58.316,851.560,154.208
33.916,758.352,-71.736
-280.600,825.452,-204.960
-227.164,850.340,-451.156
-537.288,895.236,-337.208
-546.316,858.148,-317.444
-534.604,871.080,-305.488
-529.968,882.060,-200.080
-506.056,863.028,-102.236
-364.780,836.432,-91.988
-395.524,834.480,8.052
-271.084,846.680,72.956
-108.824,872.300,-6.344
-143.472,945.012,75.884
-106.384,1006.256,25.620
-87.596,1050.908,-172.020
-89.060,1099.464,-190.564
-73.932,1162.172,-253.760
-88.328,1143.140,-250.100
-10.004,1040.416,-162.504
-11.468,970.632,-111.508
-9.516,915.244,-43.676
23.668,940.376,6.588
-14.396,957.212,13.664
12.200,1005.768,-103.456
-24.156,1048.468,-116.876
-53.924,1028.216,-91.988
-68.808,973.560,-105.408
-62.464,949.160,-86.620
-57.096,944.280,-68.808
-28.792,945.256,-48.556
-54.656,948.916,-22.692
-54.168,952.332,-14.640
-57.340,959.896,-25.376
-57.096,970.632,-43.676
-74.420,983.808,-38.796
-37.088,979.660,-55.632
-52.704,990.152,-45.140
-28.304,1002.596,-83.692
-75.640,1029.924,-48.800
-36.600,1022.360,-30.988
-53.192,1000.888,-32.452
-71.980,976.244,3.172
-38.796,964.532,1.952
-13.176,950.136,-32.452
-55.876,938.668,-8.296
-47.092,951.112,-22.204
-10.248,960.872,-103.456
11.956,988.688,-117.608
51.972,1026.508,-182.756
26.108,1033.828,-165.920
-15.860,1018.700,-103.700
-12.688,987.224,-75.884
-2.928,971.852,-61.976
30.988,964.532,-65.880
37.332,969.656,-85.156
29.280,973.560,-111.508
13.664,983.076,-120.536
5.124,993.080,-126.148
-7.564,999.668,-103.944
-8.540,997.960,-105.652
4.392,993.324,-97.600
10.492,1015.528,-90.524
2.196,1031.876,-62.220
-6.100,1038.464,-48.068
2.928,1044.076,-65.636
2.196,1045.784,-43.920
30.500,1033.340,-54.656
47.336,1015.040,-62.952
62.952,1006.256,-55.632
67.588,1010.160,-71.004
51.728,998.936,-56.608
30.988,993.812,-55.388
16.592,991.860,-77.592
12.932,990.152,-75.152
29.036,997.716,-77.348
41.724,1000.156,-100.528
70.028,994.300,-110.044
87.352,997.716,-113.216
46.604,1010.648,-66.368
52.948,999.424,-52.704
52.948,998.204,-44.164
50.752,988.444,-25.132
65.392,980.880,-22.448
92.232,966.484,-24.156
103.700,960.872,-17.080
86.620,962.824,-3.660
61.976,979.660,-5.368
57.340,986.736,-56.608
52.460,998.692,-109.556
63.440,1016.992,-166.408
38.552,1039.196,-168.116
21.960,1032.364,-116.876
25.620,1008.208,-81.008
43.188,981.124,-51.972
69.052,962.580,-41.236
80.520,957.700,-22.204
86.376,965.996,-32.696
63.928,985.516,-64.904
58.316,993.568,-72.224
64.660,1012.844,-105.652
27.816,1020.896,-108.824
4.880,1008.208,-97.600
5.368,1000.888,-94.184
-3.416,989.420,-96.136
-22.448,979.416,-61.000
0.976,978.196,-62.708
39.284,967.216,-88.084
60.024,971.608,-66.124
103.456,986.492,-78.324
91.012,990.152,-76.128
100.040,981.856,-53.924
105.164,971.608,-43.188
75.396,969.412,-29.280
63.196,966.972,-37.576
52.460,971.608,-45.140
30.500,990.152,-52.460
18.544,989.176,-75.884
16.348,987.956,-89.304
58.804,999.424,-136.152
