acc_x[mg],acc_y[mg],acc_z[mg]
267.912,973.560,-20.008
254.492,974.292,-15.616
268.400,970.144,-16.836
258.396,965.264,-16.592
274.500,962.092,-31.232
274.012,978.440,-35.868
247.172,956.480,-9.272
268.644,946.232,-21.716
261.568,957.700,-25.376
248.392,946.720,-4.880
281.576,971.608,-41.236
253.272,959.652,-23.180
245.708,949.648,7.808
262.056,949.404,4.392
264.740,966.972,-13.664
277.916,974.536,-32.208
269.132,977.464,-29.280
252.052,962.092,-6.588
257.176,959.164,-10.736
262.056,958.676,-11.224
273.524,962.336,-13.420
276.696,969.412,-22.204
250.344,963.556,-7.808
262.300,962.580,-22.448
253.028,956.236,-7.808
247.416,953.064,-6.100
257.176,963.556,-24.644
252.540,957.944,-10.004
259.128,955.992,-6.832
253.760,962.824,-14.640
260.348,971.852,-23.912
264.008,967.948,-24.156
257.908,960.140,-8.540
246.440,961.360,-1.952
255.712,959.408,-13.664
260.592,962.580,-17.080
259.616,964.776,-18.788
263.520,970.632,-17.568
258.396,974.048,-12.688
258.396,963.312,-5.856
254.492,962.336,-3.416
260.348,971.608,-25.864
245.708,965.508,-17.812
254.004,964.044,-11.712
256.688,964.288,-9.028
253.760,961.116,-10.980
255.956,958.432,-9.760
253.760,961.604,-8.296
247.660,959.896,-10.248
249.124,958.188,-9.516
260.592,958.188,-16.592
255.956,963.068,-9.760
244.732,960.872,6.588
257.176,969.900,1.464
253.272,981.856,-17.324
243.512,968.192,-16.104
250.344,954.772,3.416
252.540,953.064,4.880
265.228,950.380,3.660
269.620,955.260,-10.004
239.608,963.312,2.928
259.616,971.608,-10.980
260.836,965.996,-4.392
243.512,960.628,14.640
254.736,973.316,1.220
250.832,976.000,-4.636
230.336,977.464,8.784
253.760,978.684,-4.880
254.004,969.168,0.000
258.640,965.264,4.148
252.540,977.220,-1.220
250.100,971.120,-0.488
245.464,964.288,11.224
240.096,959.652,18.544
243.512,968.192,6.344
230.824,976.000,23.424
222.772,980.880,48.556
239.120,1002.840,38.064
214.720,1044.076,17.080
213.500,1090.680,-2.196
190.564,1110.688,1.708
140.788,1155.584,11.224
102.480,1164.612,26.840
64.172,1113.372,44.652
28.548,1067.500,33.184
51.484,1017.480,-17.568
-10.980,993.080,-142.496
-144.936,946.232,-175.436
-159.820,749.324,-151.524
-263.276,504.592,-301.828
-213.988,229.604,-206.912
20.984,-10.004,-154.940
251.076,-243.512,-39.040
167.628,-443.836,567.544
270.840,-643.428,897.188
863.516,-760.304,233.752
1223.172,-767.868,-517.768
1190.232,-771.284,-301.828
1214.632,-991.616,173.484
1573.312,-1083.848,324.276
1717.272,-1011.136,170.800
1516.948,-850.828,182.512
1279.048,-756.644,238.144
1098.732,-686.860,319.884
1115.324,-624.396,294.996
1150.704,-613.660,228.140
1113.372,-628.788,176.656
1097.512,-639.280,208.620
1274.900,-575.108,131.760
1402.024,-535.824,67.832
1429.352,-510.204,189.100
1456.192,-491.904,224.968
1543.544,-542.412,234.240
1638.460,-566.812,210.572
1645.536,-546.560,121.268
1542.568,-543.632,154.940
1436.184,-553.392,237.900
1423.984,-508.984,194.224
1383.236,-487.268,149.084
1322.724,-475.068,106.384
1279.536,-455.060,82.716
1116.544,-467.748,114.924
1067.012,-489.708,106.384
1011.868,-472.872,73.200
911.340,-427.732,112.484
783.728,-430.904,134.444
867.908,-407.724,12.200
819.108,-352.092,-5.124
772.260,-317.444,-6.588
806.420,-254.736,-131.272
683.688,-206.180,-124.196
741.760,-194.956,-134.688
805.200,-196.176,-161.040
736.636,-149.084,-138.104
812.764,-118.340,-210.572
848.632,-89.304,-346.968
888.648,-4.148,-407.724
813.008,30.744,-397.964
834.724,47.824,-375.272
783.484,71.492,-340.624
780.312,108.336,-385.276
794.464,108.824,-393.328
844.972,98.088,-382.836
796.172,77.348,-355.264
756.888,85.888,-302.072
712.236,54.656,-234.972
650.504,39.772,-174.216
592.432,52.704,-183.976
596.580,72.956,-136.640
462.380,33.428,-56.120
423.584,69.052,-5.856
316.956,119.072,-5.856
360.388,112.972,-2.928
423.584,94.428,10.736
284.016,49.044,139.568
272.548,75.884,288.408
295.240,8.540,373.076
553.392,-50.752,327.204
810.324,15.616,283.772
648.064,16.348,424.316
523.868,-65.148,691.252
559.736,-136.884,927.932
759.572,-268.400,988.688
951.844,-259.128,999.912
1016.016,-292.800,1033.584
1223.660,-274.744,827.648
1161.196,-273.768,787.388
971.608,-218.624,925.736
1032.364,-214.964,982.588
1159.732,-316.712,918.416
1439.600,-308.416,612.196
1558.672,-334.768,445.544
1441.064,-429.440,518.500
1375.916,-524.844,592.188
1410.564,-574.864,457.256
1402.024,-643.916,319.640
1555.256,-564.128,23.668
1590.880,-489.220,-222.284
1512.068,-423.340,-280.112
1376.404,-385.764,-351.604
1351.760,-323.056,-458.720
1241.716,-277.672,-469.944
1112.396,-279.380,-402.112
1082.384,-274.256,-332.328
1049.932,-289.384,-250.100
1051.152,-273.524,-227.164
1007.964,-254.248,-211.304
995.032,-210.084,-168.360
998.448,-230.824,-119.804
1006.500,-246.196,-52.460
1003.572,-247.660,33.672
1101.172,-279.624,114.680
1284.660,-320.616,256.444
1330.776,-382.104,292.556
1312.232,-416.264,312.564
1299.544,-399.428,387.960
1382.260,-419.924,406.016
1392.752,-382.836,424.804
1406.660,-318.908,274.256
1573.312,-315.736,142.740
1597.712,-501.176,225.944
975.268,-484.096,419.192
-206.180,88.816,304.268
-547.536,698.328,203.984
707.112,592.676,-198.860
48.800,451.400,119.560
-430.660,596.092,29.036
-476.288,733.708,-261.812
-701.500,835.456,-215.696
-586.576,931.104,-320.616
-438.468,1039.684,-288.408
-274.012,1100.440,-40.504
-85.400,1064.084,88.816
85.644,1077.748,24.644
128.832,1108.980,-61.000
85.400,1158.024,-143.716
83.692,1171.688,-295.240
17.568,1165.832,-306.464
-8.052,1084.824,-211.548
128.588,1005.036,-239.364
92.964,942.816,-163.968
84.912,920.124,-120.292
71.980,907.680,-109.800
139.568,926.712,-208.132
55.388,920.124,-168.360
55.876,896.944,-148.840
102.724,859.368,-161.284
117.608,860.832,-133.956
127.368,849.364,-95.648
158.112,863.028,-91.744
119.316,858.880,-39.040
112.484,842.532,-19.032
71.492,831.308,13.908
144.692,846.436,-59.048
145.424,865.468,-56.120
175.924,894.016,-78.324
152.988,929.396,-48.800
149.816,970.144,-40.504
203.984,958.920,-58.316
209.840,945.988,-50.020
213.988,930.128,-16.104
238.388,967.948,-52.704
234.972,989.664,-70.516
260.348,973.804,-72.468
278.892,963.556,-54.900
266.448,956.236,-29.036
278.404,945.012,-40.260
304.512,935.496,-58.072
316.956,934.276,-77.836
312.320,948.672,-66.124
244.732,923.052,8.052
294.264,913.536,-24.400
316.712,945.012,-61.000
356.484,948.916,-78.324
361.608,946.964,-35.624
418.704,970.144,-35.624
386.740,975.268,11.712
377.468,957.944,28.548
377.956,977.464,-11.712
356.484,982.832,-5.124
407.480,976.488,-24.644
494.832,962.580,-48.556
502.640,934.764,-10.004
495.564,931.104,-9.760
489.464,924.760,-25.376
495.564,913.536,-47.824
481.168,910.608,-37.576
534.360,893.040,-60.756
518.256,897.188,-38.064
485.804,902.312,0.000
520.208,925.492,-47.580
469.944,972.584,-22.692
506.544,985.760,6.832
565.348,974.292,-3.416
550.464,975.024,9.760
524.844,973.560,-2.196
481.168,956.968,-16.104
487.756,960.628,-81.252
468.968,1002.596,-152.744
434.320,1009.428,-146.888
438.468,1011.136,-142.984
430.904,982.344,-116.876
447.496,932.324,-89.548
466.284,872.056,-61.732
497.028,859.856,-68.564
474.824,856.684,-35.624
477.508,860.100,-23.180
486.536,869.372,-44.408
467.748,874.740,-38.308
453.108,873.032,-29.280
457.256,879.864,-39.528
450.668,882.304,-43.920
447.984,885.720,-32.940
442.860,878.156,-29.768
451.156,879.132,-42.944
482.632,885.232,-71.004
482.388,876.936,-49.776
533.384,903.288,-75.152
474.824,896.700,-15.372
483.852,882.304,-8.784
437.004,854.976,24.644
511.668,835.456,-53.924
462.624,890.356,-76.860
408.700,884.012,-26.596
419.436,869.128,-24.400
531.188,915.488,-93.696
487.512,919.636,-42.944
456.280,897.188,-0.976
433.100,874.252,9.760
430.416,867.908,-0.244
388.936,829.356,6.588
477.264,830.088,-82.472
496.296,896.944,-107.116
484.584,898.896,-75.640
525.576,924.028,-61.000
497.516,913.048,-10.248
483.852,901.092,6.588
482.144,876.692,-5.368
475.312,897.432,-32.452
429.440,918.904,-21.960
397.964,935.496,-12.932
461.160,970.388,-46.848
383.812,965.996,15.372
355.264,955.748,35.868
268.156,964.288,53.436
434.320,943.060,-59.536
465.308,918.172,-87.352
325.496,950.868,-89.792
132.980,965.508,-72.712
11.468,909.144,-74.176
-52.948,793.732,-114.436
38.308,516.060,-121.512
-34.648,53.680,-36.112
223.260,-307.928,65.148
764.208,-483.852,40.992
1081.164,-516.304,143.960
1090.436,-470.188,293.288
1091.900,-518.744,106.384
1114.592,-721.996,111.264
1257.576,-692.472,97.356
1106.784,-729.804,125.172
1356.396,-716.140,115.900
1338.096,-716.140,252.784
1180.472,-689.300,299.388
1019.920,-674.416,387.472
867.664,-640.500,442.616
977.464,-552.660,357.948
1149.728,-503.616,141.764
966.972,-501.420,197.152
984.784,-452.376,167.628
923.540,-456.768,188.124
914.756,-448.472,214.232
965.020,-443.836,176.656
939.156,-444.568,144.204
950.380,-426.268,129.320
903.044,-453.596,153.720
873.764,-443.592,148.108
930.372,-460.672,139.324
889.868,-503.128,202.520
921.344,-483.120,188.856
939.400,-463.600,140.300
920.856,-477.264,137.860
895.236,-459.940,136.152
911.096,-434.320,126.880
892.796,-441.396,138.592
883.036,-454.572,159.820
882.792,-423.096,125.904
897.920,-442.616,140.544
942.084,-458.232,143.716
982.588,-476.288,187.392
1023.580,-486.292,188.124
1083.360,-477.264,217.648
1156.560,-457.988,254.248
1252.940,-476.044,256.444
1393.240,-506.544,278.160
1489.864,-514.108,260.592
1512.800,-545.096,301.584
1561.844,-528.992,298.656
1532.076,-511.180,294.508
1514.996,-510.692,322.324
1499.136,-541.680,376.736
1426.668,-546.072,366.732
1423.740,-503.860,256.688
1479.860,-462.136,180.560
1444.724,-419.680,128.588
1364.448,-406.504,126.148
1276.608,-429.440,180.804
1125.328,-434.808,216.916
1166.564,-414.068,192.272
1078.480,-434.808,174.460
1019.920,-442.372,158.600
1001.132,-366.732,105.652
855.708,-397.964,117.364
807.884,-370.636,55.632
666.120,-260.348,63.196
623.664,-246.928,34.160
580.476,-176.412,-77.836
437.980,-81.740,59.536
455.060,-132.736,93.452
569.252,-101.260,-1.708
473.848,-27.084,4.880
378.200,62.952,57.828
440.176,88.816,51.728
627.812,63.196,4.880
623.664,48.068,-17.324
537.532,88.084,-24.400
511.912,153.476,-19.520
547.536,187.392,-16.104
605.364,192.516,0.000
649.772,183.732,-3.904
787.388,210.572,-39.772
867.908,211.792,-52.948
942.816,216.428,-99.308
1071.648,176.900,-121.024
1135.820,147.864,-223.748
1209.020,193.980,-306.708
1209.508,197.152,-345.748
1209.020,192.028,-353.556
1240.984,117.608,-297.436
1273.436,80.764,-329.888
1200.724,78.812,-382.348
1091.412,129.564,-390.400
977.708,147.376,-442.860
904.264,197.640,-453.596
866.200,189.344,-462.868
810.568,153.964,-437.980
774.700,117.120,-391.620
689.788,96.624,-313.296
583.404,52.216,-215.452
448.960,19.032,-89.304
391.620,16.104,-3.416
353.068,42.212,1.952
275.964,8.540,136.884
214.964,-19.764,308.172
146.400,-36.844,481.168
309.148,-4.392,535.580
493.612,-29.768,492.880
769.820,-31.476,523.624
848.144,-94.184,657.824
741.760,-149.328,735.904
629.276,-123.708,794.220
714.920,-124.684,848.632
876.204,-86.864,796.904
957.944,-175.436,686.616
1083.848,-195.932,544.608
1135.820,-228.628,500.932
855.952,-181.536,846.680
839.604,-371.368,986.248
1248.060,-466.772,805.200
1499.868,-480.436,631.716
1617.232,-486.780,600.972
1440.820,-495.808,690.764
1435.208,-605.120,662.704
1426.668,-676.856,638.060
1456.436,-632.936,506.300
1551.352,-624.640,336.964
1438.380,-629.520,208.376
1414.956,-556.320,114.924
1279.048,-517.524,-15.372
1233.908,-461.404,-147.376
1339.316,-369.904,-315.004
1276.120,-255.224,-512.156
1238.544,-191.296,-579.988
1201.456,-173.972,-560.712
1161.440,-203.496,-499.956
1267.336,-202.032,-549.976
1126.304,-236.924,-454.572
1063.596,-231.800,-383.812
1028.460,-226.188,-324.520
980.148,-264.252,-223.016
1012.600,-268.888,-185.928
992.104,-248.148,-160.796
979.660,-257.176,-71.736
897.920,-269.132,5.612
903.776,-276.208,99.552
968.680,-284.748,141.032
990.152,-257.908,136.396
993.568,-235.216,134.932
961.116,-217.404,178.608
954.040,-244.976,259.128
944.768,-248.636,279.136
953.064,-232.288,260.592
1026.508,-221.064,214.720
1021.872,-213.012,215.452
985.516,-227.652,252.052
986.248,-228.628,244.488
977.220,-240.584,240.096
1016.504,-251.564,244.000
1029.192,-237.168,237.900
968.436,-240.096,270.840
919.636,-209.596,209.108
962.824,-188.856,195.932
904.020,-192.272,227.408
995.276,-207.156,246.928
1047.736,-233.264,267.424
1091.900,-243.024,203.008
1344.928,-199.592,79.056
1365.424,-282.552,268.400
1284.416,-351.604,390.888
1413.004,-352.336,372.344
1539.884,-411.140,358.924
1289.052,-460.428,427.976
1172.420,-417.728,194.468
1312.232,-299.876,-75.884
1039.440,-317.444,54.412
-95.160,65.636,196.420
-847.168,984.784,197.396
834.724,872.788,-344.772
57.096,598.776,14.396
-145.424,704.672,35.380
-128.588,732.488,48.556
-253.516,888.648,-69.784
-277.184,1027.972,-259.372
-195.688,964.532,-241.072
-75.640,996.252,-43.432
-6.832,1027.972,127.612
91.988,1059.448,52.704
113.216,1139.236,-127.612
158.844,1192.428,-263.032
228.872,1224.880,-364.536
186.416,1234.884,-272.304
217.648,1143.872,-177.632
239.608,1105.076,-144.692
239.120,1014.796,-72.468
286.944,967.704,-32.208
242.536,901.824,27.084
306.220,939.888,-66.124
197.640,916.952,-20.740
209.840,915.000,-85.400
161.040,895.480,-100.528
208.376,876.204,-136.884
199.836,863.760,-127.612
133.224,823.012,-60.024
170.068,807.640,-78.812
181.780,844.972,-88.572
214.476,851.316,-86.864
236.924,823.988,-67.100
216.184,807.884,0.244
213.744,826.184,1.220
181.780,851.804,0.976
193.004,847.900,-18.544
205.692,853.512,-34.404
183.244,858.880,-30.500
171.532,863.028,-9.516
199.348,882.548,-32.208
223.992,905.484,-40.260
242.292,884.012,-32.696
218.136,890.600,-20.252
188.124,893.040,6.344
225.700,921.344,-33.184
271.816,947.452,-91.500
246.684,978.684,-75.152
252.784,986.492,-3.904
273.036,983.320,37.332
294.264,939.644,77.836
322.324,945.988,65.636
307.928,966.972,30.256
304.024,1011.380,-11.712
373.076,1058.228,-43.432
436.028,1018.456,-35.136
523.624,996.496,-52.704
464.576,958.432,10.248
482.144,915.488,31.232
510.448,910.120,30.500
527.284,918.172,44.896
529.968,936.716,40.992
518.256,955.992,14.640
521.916,976.488,10.004
552.416,957.212,36.844
539.240,912.316,79.300
519.476,879.864,105.164
516.548,903.776,74.176
491.660,951.844,41.724
473.360,987.224,-9.028
441.884,986.980,12.444
484.584,1023.824,-5.612
488.488,1020.652,38.552
514.352,1010.160,37.088
549.976,1023.824,4.392
488.000,1024.556,64.904
415.044,1046.272,59.292
395.768,1073.356,-30.988
385.520,1043.588,-41.480
370.392,969.168,3.416
418.460,949.648,-24.400
386.496,919.148,14.152
400.404,879.132,12.200
404.064,874.008,13.664
374.784,868.152,21.472
387.716,876.692,-45.384
318.176,885.720,-23.180
323.056,878.888,-36.844
321.104,900.848,-35.380
355.752,869.860,-39.040
408.456,925.004,-58.560
349.896,906.460,31.232
358.192,891.576,60.268
414.312,906.948,21.960
406.748,925.004,19.032
435.052,943.792,-21.960
413.336,936.472,19.276
424.804,898.408,67.344
452.376,883.768,59.536
449.936,883.768,34.892
434.564,912.804,3.660
396.500,928.176,5.368
366.732,928.176,17.324
356.728,915.732,28.548
476.288,929.884,-62.952
408.456,915.976,27.816
436.028,889.136,43.188
422.608,907.436,41.968
365.756,905.240,66.612
372.832,928.664,5.368
471.408,989.908,-122.000
411.628,986.736,-40.504
379.908,950.868,73.200
305.732,909.876,181.780
217.892,871.324,228.140
536.556,915.732,-113.460
718.336,1003.572,-347.212
379.664,1009.916,-64.172
366.488,1009.428,75.396
125.416,950.868,230.824
197.640,949.648,137.372
349.408,857.416,2.440
271.328,737.612,-9.272
486.536,596.092,-116.388
475.556,391.620,39.772
516.304,261.080,96.868
510.448,119.804,175.192
425.780,-34.892,281.088
768.844,-48.312,-88.084
721.264,-230.336,-54.168
926.956,-212.280,-151.524
631.960,-391.864,103.700
915.732,-504.348,266.448
729.804,-633.912,228.872
829.356,-696.620,204.228
869.128,-806.420,239.608
1231.224,-851.072,100.040
1346.636,-973.072,215.208
1168.516,-997.228,417.728
1174.860,-861.564,382.348
1052.860,-789.340,356.484
1102.636,-729.804,392.840
944.036,-739.320,356.484
937.692,-692.472,321.836
932.324,-620.492,193.004
888.892,-551.196,121.268
949.404,-528.260,150.060
865.956,-581.208,208.376
895.968,-614.636,235.460
992.836,-604.876,200.324
1140.700,-574.864,123.220
1170.712,-559.736,147.864
1223.172,-597.800,233.508
1274.656,-651.968,311.588
1330.288,-697.352,335.988
1488.644,-694.424,296.948
1540.616,-695.400,264.496
1534.516,-672.220,268.888
1413.248,-644.892,318.664
1520.852,-639.280,258.640
1503.528,-642.208,181.292
1462.292,-601.704,163.968
1357.860,-570.716,144.204
1242.692,-555.588,215.208
1171.932,-525.820,238.144
1194.624,-507.276,199.592
1045.052,-540.704,157.868
1165.588,-526.796,55.388
1098.976,-462.868,-62.708
990.396,-481.412,28.548
860.100,-539.240,126.636
809.592,-540.460,161.772
824.476,-440.420,169.580
719.556,-400.160,167.384
761.768,-373.564,101.504
773.724,-352.092,40.992
758.108,-311.344,42.700
625.860,-228.384,26.352
446.032,-128.344,-14.152
423.828,-96.624,49.532
399.428,-104.188,50.752
428.708,-1.708,-3.172
356.728,100.040,-51.728
296.460,138.104,-114.680
450.912,190.320,-68.808
469.212,201.544,-55.388
617.320,183.976,-77.348
630.496,181.292,-51.728
834.480,190.320,-119.316
876.936,152.500,-179.584
1091.412,149.816,-202.520
1055.544,102.236,-252.784
1190.476,78.812,-288.652
1133.624,60.756,-290.848
1154.608,101.504,-349.652
1135.332,124.440,-399.428
1122.156,142.740,-402.600
1127.280,117.852,-415.044
1048.224,139.324,-450.180
888.892,159.332,-445.788
837.408,179.096,-433.588
838.140,158.356,-413.580
736.148,114.436,-366.976
657.092,123.708,-369.172
540.704,114.680,-335.744
486.780,93.696,-276.696
463.600,1.464,-156.160
437.736,-76.860,1.708
402.844,-87.596,225.212
330.376,-106.384,259.860
579.256,-81.496,164.944
589.748,-87.352,213.012
368.440,-115.412,403.820
324.764,-154.696,584.624
398.208,-208.132,758.352
674.172,-194.468,843.508
797.636,-218.136,888.892
868.152,-286.944,918.416
979.416,-263.520,1084.336
1083.604,-320.860,1117.520
1202.432,-405.528,1046.272
1185.596,-456.280,977.708
952.332,-369.416,1038.708
1010.648,-330.132,1090.680
1168.272,-416.996,895.236
1523.048,-391.132,645.380
1491.572,-379.908,482.388
1277.340,-454.084,607.560
1097.268,-499.468,665.388
1132.404,-496.052,581.452
1176.812,-499.468,461.404
1310.036,-432.856,280.356
1332.972,-398.452,111.020
1392.020,-374.540,-24.644
1428.132,-365.268,-102.968
1409.588,-355.020,-163.724
1394.216,-313.540,-259.128
1353.468,-272.304,-370.148
1338.096,-301.096,-360.876
1244.156,-327.448,-357.460
1205.848,-253.516,-349.408
1115.324,-254.248,-278.160
1060.180,-268.156,-161.284
1003.328,-261.324,-171.776
1073.600,-252.784,-120.048
942.816,-285.724,-34.404
944.280,-262.788,29.768
1003.328,-299.876,86.620
945.988,-290.360,49.044
1001.376,-247.416,47.824
920.368,-254.248,118.340
935.252,-248.392,139.080
989.420,-243.756,152.012
969.656,-252.296,166.896
1034.804,-281.820,243.512
1029.436,-342.576,319.640
1095.316,-343.064,323.056
1165.588,-324.032,304.512
1019.432,-300.852,273.036
973.072,-255.224,259.372
1245.376,-256.932,247.416
1455.216,-278.404,281.088
1246.840,-427.732,562.908
1171.444,-423.584,564.128
1436.672,-336.232,337.696
1509.628,-320.372,249.612
1372.988,-319.884,255.224
1276.852,-294.264,257.176
1249.036,-285.968,52.460
739.076,-189.588,42.944
-357.948,153.720,150.792
-706.868,678.808,27.328
254.980,718.092,-182.268
7.076,610.976,56.852
-498.980,736.636,137.860
-569.252,779.336,23.424
-552.904,941.596,10.736
-496.540,1037.244,73.200
-405.772,1024.068,150.060
-283.528,1011.624,217.160
-214.476,1082.628,195.932
-152.012,1163.148,37.332
-106.872,1216.340,-121.512
-107.360,1285.392,-228.628
-203.740,1172.664,-89.060
-98.820,1050.908,-34.892
-188.124,1004.060,103.944
-176.168,926.712,130.784
66.856,893.284,-68.808
-50.996,945.744,-24.156
-58.804,987.956,-48.800
79.544,1044.320,-224.236
-14.640,1051.396,-117.364
-17.324,1015.040,7.076
-22.936,942.572,68.076
-9.516,881.816,61.732
25.132,841.800,21.472
-0.488,855.952,-10.980
-27.816,854.000,26.108
-11.468,863.760,46.360
-18.544,863.028,86.864
72.956,882.548,19.764
48.068,876.692,32.696
71.492,881.572,9.760
68.320,888.404,10.492
49.532,913.536,30.012
76.128,907.192,31.720
83.448,862.296,42.212
69.540,845.216,51.240
63.196,861.076,58.072
96.380,878.888,44.164
75.152,882.060,90.036
84.180,872.544,113.216
102.236,883.036,79.788
125.172,926.956,15.616
124.440,972.828,-11.468
135.664,983.564,5.856
179.096,939.400,45.140
269.864,883.524,71.492
312.808,876.448,84.424
287.188,894.016,101.260
303.780,931.348,30.744
362.096,957.212,-66.612
271.084,993.080,-24.400
255.956,1021.140,4.148
247.904,1006.012,47.824
326.960,980.636,41.968
383.812,980.392,38.552
347.456,967.948,134.444
406.260,954.040,170.068
460.672,966.728,138.836
508.496,1003.084,37.576
453.108,1011.624,34.648
405.772,992.104,44.164
399.916,986.492,25.620
421.144,960.140,-3.416
467.260,940.376,-36.112
399.428,914.756,66.856
396.012,909.144,84.668
386.252,941.596,33.184
384.788,947.696,-16.348
387.228,963.068,-33.672
374.052,944.036,-1.952
397.964,935.984,-5.612
347.944,957.456,35.136
393.084,985.516,-1.220
468.724,1032.608,-88.328
612.196,1083.848,-162.748
597.068,1080.920,-45.628
589.260,1033.340,66.368
638.304,1020.164,64.172
593.408,984.052,126.148
638.792,958.920,100.040
621.712,945.500,94.184
598.288,932.080,113.216
589.748,885.720,117.852
564.372,849.608,124.928
532.896,843.020,114.680
493.856,834.968,98.576
503.616,843.752,52.460
514.352,834.968,33.916
496.296,835.456,45.384
503.372,831.064,62.464
513.132,824.964,72.224
494.588,836.676,96.136
539.728,851.560,70.028
475.312,841.312,117.120
507.032,860.588,92.964
515.328,862.052,56.364
420.168,866.688,102.480
530.212,894.748,66.612
635.864,904.752,25.132
585.356,930.616,19.032
630.496,946.720,-13.176
505.324,909.144,125.172
298.168,897.188,248.880
340.136,906.948,135.908
455.304,814.960,-11.468
673.196,770.552,-153.720
611.708,620.736,-25.132
534.116,479.948,141.764
597.800,364.536,220.820
848.144,190.076,161.528
757.132,81.496,50.020
903.288,115.900,-97.112
1000.888,-53.924,-46.604
408.456,-116.388,277.428
425.780,-236.192,381.860
811.544,-330.620,92.232
473.604,-364.536,18.300
869.128,-405.284,-142.984
938.424,-599.996,113.216
1011.380,-802.272,391.376
1170.956,-934.276,531.676
1229.516,-830.332,429.928
1343.220,-703.940,173.728
1285.880,-668.072,178.608
1101.660,-716.140,368.928
1190.964,-661.728,285.236
1010.892,-564.128,187.636
910.852,-450.912,115.656
853.512,-391.620,89.304
735.904,-412.360,146.644
817.400,-435.784,191.296
986.736,-459.940,172.996
984.784,-546.804,237.900
1080.920,-568.276,297.680
1158.512,-552.172,245.708
1199.504,-585.600,301.340
1231.224,-570.716,313.784
1338.340,-507.764,149.328
1371.036,-483.852,148.596
1316.380,-482.144,212.036
1337.852,-499.468,245.220
1339.316,-539.484,276.452
1260.016,-514.840,254.492
1322.236,-478.484,218.380
1384.456,-467.748,192.028
1376.648,-522.648,244.488
1295.396,-520.452,201.300
1276.120,-507.276,165.676
1152.168,-519.232,202.032
1129.720,-518.988,161.040
1121.180,-442.372,125.660
1196.820,-458.476,22.936
988.200,-493.856,63.684
1032.852,-413.580,104.676
888.648,-356.972,97.600
942.572,-335.256,105.652
887.916,-390.156,125.172
1018.700,-366.488,-26.352
828.624,-364.536,-46.360
694.180,-278.892,-25.620
536.556,-275.964,22.692
492.880,-211.548,-13.908
436.028,-151.036,10.736
445.300,-132.492,-12.688
479.704,-104.676,-71.004
522.404,-17.080,-83.448
558.760,-16.836,-86.864
611.952,7.564,-97.600
929.640,11.468,-195.200
969.412,-39.528,-296.704
1022.604,-13.420,-288.164
1116.788,-49.532,-340.624
1248.304,-91.988,-440.420
1266.604,-100.284,-463.356
1217.072,-76.860,-593.652
1176.812,-20.740,-650.016
1042.856,0.000,-631.960
994.788,-22.692,-607.804
940.376,-11.468,-629.764
844.240,7.564,-642.208
709.308,-10.248,-562.176
648.552,-43.188,-434.320
511.180,-72.712,-308.416
391.864,-36.844,-264.252
224.236,-5.856,-167.628
181.780,-34.160,-68.808
178.120,-71.736,83.448
44.896,-103.944,218.624
95.404,-219.356,345.992
244.000,-295.728,516.060
294.264,-318.664,659.044
382.592,-287.676,725.900
550.464,-326.472,744.688
589.504,-269.132,872.300
735.660,-317.688,988.688
998.936,-407.480,1100.928
1228.784,-466.284,1129.720
1162.904,-563.152,1282.952
1144.360,-632.692,1443.260
1264.164,-608.292,1376.404
1440.576,-603.656,1065.548
1654.320,-648.308,817.156
1526.220,-608.536,690.764
1465.464,-682.956,632.204
1460.584,-735.904,589.260
1551.108,-742.004,377.224
1586.000,-710.040,-62.464
1705.316,-626.592,-474.336
1647.976,-482.144,-719.312
1451.312,-354.776,-783.972
1314.184,-366.244,-644.892
1061.156,-390.400,-550.708
1067.744,-312.564,-561.932
1086.776,-293.532,-573.644
1065.304,-275.964,-490.440
1113.372,-276.940,-305.244
814.716,-317.444,-203.740
849.364,-267.180,-149.084
1086.776,-258.884,-30.988
1267.092,-360.876,134.200
1345.172,-409.676,201.544
1529.392,-432.368,141.764
1587.708,-503.128,226.920
1602.592,-574.620,178.608
1545.984,-784.460,301.340
1064.816,-817.156,537.776
-28.060,-227.164,427.732
-840.092,596.824,193.004
433.588,807.396,-435.296
79.056,734.684,-456.036
-698.816,906.704,-481.656
-709.552,933.056,-616.832
-667.828,937.204,-413.824
-512.400,867.664,-92.476
-339.404,870.592,185.440
-174.948,945.012,428.952
80.032,1112.640,401.380
137.860,1227.808,274.012
136.640,1288.320,167.872
141.276,1326.628,10.492
116.632,1304.424,-71.004
155.672,1142.896,-45.872
230.092,1021.384,-13.420
188.856,1006.256,0.732
115.412,999.668,5.368
110.044,986.248,-51.728
108.092,909.388,-74.420
101.992,870.592,-44.896
57.584,856.684,-38.064
176.656,881.816,-188.856
111.996,888.892,-101.504
84.912,859.368,-42.944
61.000,829.112,-6.100
189.832,802.028,-68.564
136.152,800.564,3.660
148.108,785.192,49.288
139.324,773.724,82.960
176.412,830.088,77.348
215.696,867.908,15.616
218.380,904.508,-46.360
218.868,935.252,-61.244
164.700,922.564,9.272
222.772,870.592,47.580
268.888,816.424,104.676
218.136,819.596,164.456
248.880,890.356,75.884
266.692,973.560,22.448
325.984,1001.132,-30.500
323.300,989.420,-6.344
266.692,974.048,34.404
295.484,937.936,22.204
390.644,955.016,-34.404
420.412,955.260,-60.024
370.148,936.472,-43.920
318.176,961.848,-55.876
311.588,975.512,-62.464
361.608,971.608,-56.852
360.144,916.708,19.764
361.364,872.544,42.456
337.696,859.124,56.852
326.716,883.768,3.416
248.880,949.404,-56.852
234.728,986.492,-81.984
306.220,985.516,-120.536
385.032,947.696,-114.924
500.200,892.796,-76.860
528.992,888.160,-33.428
507.276,900.116,16.592
494.100,900.848,26.596
483.852,986.980,75.396
600.484,1033.096,-8.540
621.712,1036.268,26.840
654.408,997.716,59.292
631.960,1019.676,47.580
636.352,1061.888,-47.092
597.068,1126.792,-143.716
534.116,1136.552,-143.960
550.464,1106.296,-157.624
505.080,1057.252,-60.512
499.956,993.568,-13.176
506.788,946.720,-53.680
475.800,912.804,-52.460
524.600,907.436,-118.340
475.556,871.568,-49.044
452.376,817.644,16.104
409.432,783.972,57.340
429.928,743.712,-13.420
543.632,830.088,-172.264
413.092,837.896,-27.084
454.816,868.152,-25.132
454.816,881.084,0.244
515.816,861.808,-27.572
495.564,890.112,-23.180
476.532,878.644,-5.856
501.420,902.800,-29.036
490.196,884.744,-20.252
523.136,871.080,-57.828
499.224,879.864,-52.704
496.540,870.836,-55.632
480.924,883.768,-53.192
457.744,864.492,-19.764
513.376,864.248,-57.584
503.128,881.572,-34.892
497.760,883.524,-37.576
478.972,894.992,-39.040
484.340,891.332,-69.540
494.832,912.316,-101.260
479.948,910.364,-81.008
513.132,915.976,-120.780
495.320,930.128,-127.612
491.904,924.272,-120.048
480.924,921.832,-102.480
509.228,891.820,-97.844
494.588,859.612,-17.324
533.872,837.896,-21.228
484.584,866.444,5.368
449.936,858.392,37.576
461.892,859.368,52.216
434.808,824.476,132.248
516.304,823.500,78.568
513.132,835.944,87.108
487.024,819.108,113.216
511.180,835.456,41.968
439.200,872.544,24.644
404.064,891.576,24.888
416.752,889.624,16.104
474.824,901.824,-27.084
464.576,914.024,-7.076
462.136,907.680,11.224
463.112,915.000,3.660
425.048,962.580,-4.636
451.156,1007.232,-32.208
341.600,993.324,38.064
389.180,995.764,65.392
304.512,935.008,121.512
329.888,942.816,31.232
470.432,1019.432,-185.196
438.956,1008.940,-264.984
362.584,920.368,-134.932
378.932,759.328,-61.488
376.980,661.240,16.104
389.180,521.428,74.176
416.752,293.044,152.012
582.184,141.032,98.088
712.480,24.888,-56.364
678.564,-189.344,-28.548
660.996,-284.016,279.868
582.184,-358.192,331.596
1136.064,-304.512,-102.968
1243.424,-416.752,-196.908
859.856,-575.352,86.376
908.168,-716.872,323.056
1141.920,-737.856,274.256
1149.484,-770.552,271.328
1103.856,-781.044,277.184
1173.152,-709.796,234.484
958.432,-680.760,294.508
955.016,-649.040,335.012
1106.784,-659.776,331.352
1094.584,-676.368,330.132
994.544,-611.464,295.728
1248.792,-507.520,199.348
1251.476,-511.180,168.116
1270.752,-511.180,179.096
1404.952,-528.748,202.032
1474.492,-586.332,291.580
1545.984,-625.372,310.612
1621.380,-572.424,208.132
1461.316,-544.852,172.996
1509.872,-507.520,230.824
1467.416,-541.192,351.116
1454.240,-565.592,308.416
1458.632,-535.336,200.324
1319.308,-441.640,149.572
1239.276,-439.200,166.164
1218.048,-466.040,183.244
1135.820,-456.036,104.920
1118.740,-422.608,69.052
919.636,-446.276,197.396
743.712,-476.288,196.420
749.568,-370.148,22.936
646.600,-319.152,60.024
568.032,-322.324,52.948
581.940,-306.464,71.980
402.356,-306.220,213.012
373.320,-193.980,182.024
485.072,-129.564,23.180
483.608,-94.428,-1.708
498.004,-36.600,-46.360
467.748,-4.636,-45.140
556.808,37.820,-48.556
611.220,30.500,-68.808
698.084,44.164,-89.060
876.692,9.028,-134.688
1026.508,-6.100,-189.344
1238.056,-34.892,-302.560
1181.204,-84.424,-276.940
1143.872,-49.288,-291.092
1113.616,-10.248,-336.476
1179.496,-4.636,-416.508
1231.224,-6.832,-517.524
1151.192,-23.424,-538.508
1084.336,4.880,-532.408
854.732,-37.576,-414.312
690.276,-23.424,-340.380
508.252,34.892,-343.552
476.776,58.072,-340.380
459.452,96.380,-329.400
395.036,40.504,-195.932
305.000,-23.668,-36.356
316.712,-30.988,68.320
249.124,-62.220,187.392
230.336,-88.328,318.420
328.424,-91.012,458.232
476.044,-113.704,581.940
598.776,-121.024,606.828
820.572,-160.796,640.744
935.496,-196.664,806.176
901.336,-285.236,993.324
894.992,-374.052,1077.992
1024.556,-369.416,1100.928
1115.812,-427.732,1105.076
1170.224,-496.540,996.984
1209.752,-473.848,958.432
1087.508,-485.316,942.572
1203.408,-470.676,823.012
1316.624,-443.348,619.760
1375.672,-415.044,426.512
1307.352,-423.828,398.452
1328.092,-453.108,394.060
1288.320,-489.708,324.276
1381.284,-482.144,170.556
1533.296,-484.340,-47.336
1417.640,-518.500,-64.660
1336.632,-502.640,-95.404
1301.008,-461.160,-162.992
1171.200,-418.460,-201.544
1259.040,-346.968,-245.952
1167.540,-348.676,-213.256
1126.792,-325.984,-184.708
1155.828,-267.424,-243.756
1135.088,-255.224,-219.356
1086.288,-256.932,-96.624
981.124,-272.792,-3.904
1060.424,-282.552,-2.928
1172.664,-253.028,-41.480
1276.364,-273.524,42.212
1253.428,-361.852,207.156
1235.128,-362.828,221.552
1087.020,-385.764,358.436
1270.020,-315.980,221.308
1338.828,-296.948,216.184
1132.648,-294.264,293.776
1025.532,-329.156,344.528
1230.492,-267.668,77.836
1133.136,-409.920,138.348
575.596,-379.176,272.304
-204.960,57.828,211.792
-858.148,595.604,185.684
87.596,806.176,-313.784
77.836,942.572,-326.472
-416.264,1052.860,-68.076
-248.148,1077.016,-205.936
-259.372,1109.224,-162.992
-196.420,1143.140,-4.880
-36.600,1157.536,50.264
11.956,1134.356,143.960
59.780,1164.124,150.304
157.624,1176.568,40.992
173.484,1196.088,-87.840
211.304,1144.360,-163.968
252.296,1155.340,-275.232
138.836,1117.032,-186.904
89.548,1059.204,-136.396
176.900,1039.440,-115.656
83.204,972.584,-18.300
102.968,878.888,18.788
196.908,794.464,10.736
265.960,814.472,15.616
171.044,815.204,132.004
214.964,886.696,52.460
273.768,976.976,-51.972
212.768,969.656,2.928
172.752,970.876,50.996
288.164,999.912,20.252
202.520,953.064,131.760
157.380,941.108,156.160
212.036,961.848,86.132
281.576,999.668,-17.080
246.928,1001.864,-22.692
275.964,1028.948,-41.480
278.160,992.348,-13.664
281.576,967.460,11.712
283.284,956.236,28.548
259.616,925.736,57.096
240.828,931.836,49.044
221.552,914.024,47.336
239.852,909.144,9.272
196.176,913.292,20.252
244.976,905.240,-21.228
238.388,924.516,-40.504
245.220,912.560,-35.136
299.632,920.368,-71.980
237.900,910.852,-0.244
233.996,892.552,18.300
243.756,918.904,-2.684
205.692,908.412,15.128
238.632,879.864,-2.196
270.840,910.364,-39.040
250.100,913.780,3.904
270.352,889.136,35.136
314.516,856.196,32.208
338.672,843.508,-27.816
315.248,836.920,-59.780
316.956,850.584,-99.552
308.416,833.260,-59.536
366.000,790.316,-22.692
397.964,800.320,-36.112
311.588,832.284,2.928
326.228,853.268,-1.220
346.480,875.716,-5.124
409.432,907.924,-32.696
392.352,917.684,-18.788
366.000,931.348,-20.496
405.528,948.672,-75.640
365.512,957.700,-60.024
290.116,966.484,19.764
379.664,964.776,-1.220
441.884,973.316,-41.968
486.780,997.228,-39.040
494.832,977.220,5.124
496.784,966.728,20.008
449.448,985.028,36.844
500.444,994.056,-6.100
502.640,996.008,11.956
502.640,1017.724,60.756
493.124,996.252,90.768
535.580,972.828,87.352
537.044,981.368,100.284
514.596,1002.596,101.992
514.108,1025.532,90.280
490.928,1038.464,111.508
512.644,1023.580,77.836
503.372,1029.924,16.592
471.164,1014.796,-18.788
454.816,1013.332,-77.348
417.240,993.080,-83.692
434.564,966.728,-103.944
440.420,919.636,-94.184
461.160,872.300,-37.088
425.780,857.904,16.104
413.824,864.248,17.812
417.484,867.908,7.320
439.932,885.232,-35.136
401.868,901.824,-22.692
415.532,911.340,-0.488
401.380,913.292,20.984
383.812,920.368,12.932
342.088,942.328,10.004
284.016,1017.480,-5.368
298.168,1097.512,-77.836
356.240,1051.640,-98.820
394.548,959.408,-2.684
731.024,854.976,-70.760
782.996,767.136,-85.644
500.688,782.996,75.396
304.268,786.900,127.124
251.320,709.796,117.120
513.620,573.156,-14.640
826.916,370.148,-127.368
768.112,189.344,-85.644
458.232,174.704,-78.080
329.644,118.340,-107.116
440.420,-0.488,-46.848
438.468,-139.568,248.392
378.688,-379.664,314.760
538.020,-559.248,332.084
1364.692,-775.920,205.692
1217.560,-735.416,113.704
1457.656,-712.236,78.080
1360.788,-769.576,327.692
1203.652,-689.788,303.048
1316.868,-600.240,215.208
1050.908,-608.292,248.880
1001.864,-559.980,209.840
1077.992,-638.060,230.092
960.872,-651.480,321.348
1016.504,-571.692,253.028
955.016,-532.652,218.380
933.300,-514.352,251.808
1038.952,-476.044,173.484
1057.740,-490.928,239.364
1269.288,-502.396,220.576
1307.596,-538.752,220.576
1269.288,-518.744,264.740
1289.784,-535.336,309.148
1303.448,-581.940,354.044
1342.000,-566.568,321.836
1436.428,-501.664,179.340
1464.976,-496.784,190.564
1423.252,-563.396,307.196
1484.252,-580.476,286.700
1416.176,-552.416,283.284
1244.156,-547.780,310.124
1307.352,-522.160,250.588
1349.808,-510.692,142.008
1292.224,-521.916,74.420
1177.056,-478.728,91.744
1188.768,-422.608,15.860
1055.056,-394.304,-8.052
1033.096,-381.860,-69.784
996.984,-394.304,-116.144
913.536,-400.648,-61.000
795.928,-372.588,-63.440
822.280,-275.964,-184.708
818.376,-233.508,-250.344
946.232,-250.832,-341.112
882.792,-223.016,-416.752
787.876,-169.092,-393.572
759.572,-151.280,-419.924
675.636,-88.328,-428.952
624.640,-55.388,-426.268
532.896,-52.948,-443.348
436.028,24.888,-397.964
358.192,86.864,-422.608
462.868,131.272,-469.700
480.192,131.028,-474.580
422.364,139.080,-431.148
336.476,98.576,-297.436
336.964,57.096,-142.984
266.204,62.708,-61.000
255.468,72.224,97.112
196.420,94.916,205.448
164.212,80.520,218.136
370.148,77.592,271.084
403.576,64.904,325.740
551.928,58.804,287.920
544.364,48.312,395.524
490.928,71.004,625.372
635.376,17.812,766.892
766.160,-65.392,734.684
967.948,-86.864,688.324
978.928,-55.388,774.456
954.284,-112.728,813.740
1035.536,-178.852,819.596
1089.460,-152.500,935.984
1165.100,-187.392,861.320
1241.716,-230.824,674.660
1320.284,-288.408,574.376
1289.052,-257.664,622.932
1174.616,-298.656,703.696
1286.612,-345.016,546.560
1316.380,-367.952,374.296
1348.100,-320.128,308.904
1286.612,-288.896,271.572
1301.496,-307.928,250.344
1234.884,-392.352,206.668
1418.616,-377.224,57.828
1510.604,-356.240,-77.348
1383.724,-338.184,-165.432
1503.040,-326.228,-203.008
1379.088,-337.208,-195.200
1217.560,-316.956,-174.948
1220.976,-264.008,-150.548
1015.284,-241.560,-108.824
1060.180,-193.004,-151.280
1038.220,-183.732,-173.484
1050.908,-180.804,-116.876
1041.392,-159.088,-111.264
967.460,-165.188,-37.332
927.932,-174.704,34.648
962.824,-186.660,59.536
963.556,-188.856,108.336
1003.328,-227.652,174.216
999.912,-252.540,202.764
1059.448,-233.996,199.348
995.520,-230.824,228.628
1085.556,-201.056,214.476
1097.268,-177.144,219.600
1076.284,-182.268,279.624
1079.456,-195.444,353.312
1066.280,-186.904,375.028
983.564,-158.600,350.872
1050.420,-108.092,300.852
1188.036,-109.068,291.092
1369.328,-132.004,335.012
1447.408,-136.884,292.312
1403.732,-98.820,259.616
1208.288,-60.756,257.908
1212.436,-50.264,234.972
1199.504,-85.888,295.972
921.588,-104.920,433.344
483.120,43.676,506.300
-68.320,490.440,220.088
-401.624,930.616,31.720
250.344,852.780,-129.076
117.364,815.692,-74.664
-92.964,860.588,-65.636
74.420,807.396,-143.472
46.604,807.152,-62.952
-6.100,953.552,-10.004
149.572,1037.000,7.320
267.668,1031.388,61.488
225.212,1071.160,125.904
320.128,1111.908,-1.708
244.244,1123.132,-13.176
271.328,1105.320,-97.600
307.440,1140.456,-245.708
167.140,1141.676,-186.172
204.472,1083.116,-142.008
227.164,1028.460,-141.276
145.912,960.140,-22.692
247.660,910.608,-53.192
231.800,919.148,-56.120
206.912,925.004,-25.376
337.452,953.308,-128.832
261.812,980.636,-104.920
236.192,987.712,-75.884
234.728,995.764,-71.004
212.768,947.452,-39.040
235.704,909.632,-37.088
244.732,918.172,-42.944
242.780,886.208,-8.540
318.664,905.972,-59.536
232.044,933.788,-10.492
174.216,956.968,13.664
180.072,936.228,0.488
178.608,938.668,1.708
215.452,924.028,-6.100
264.984,927.932,-31.964
210.572,937.936,31.964
256.200,939.400,11.956
288.164,979.904,-34.404
304.024,999.668,-38.552
312.564,976.244,-15.372
349.164,977.220,-39.284
287.432,968.436,24.888
272.548,959.652,33.672
259.128,953.796,35.136
253.028,950.868,34.404
197.884,932.568,62.464
225.944,933.788,25.132
341.112,956.968,-97.600
280.600,977.220,-57.096
310.612,990.396,-57.096
292.068,986.004,-40.504
280.844,957.944,0.488
276.940,932.080,15.860
265.228,925.736,10.492
276.940,921.588,-2.684
256.932,917.196,12.200
288.408,936.228,0.976
261.324,937.692,15.128
302.560,916.952,-5.856
292.800,928.664,-9.272
290.848,939.400,-21.716
316.224,941.108,-61.244
263.032,918.660,-13.664
295.972,868.152,-5.124
304.756,833.260,-13.908
326.716,821.060,-14.152
296.948,810.080,16.104
296.460,780.556,62.220
308.416,746.640,72.956
357.460,752.984,-2.440
366.732,793.000,-51.728
318.176,823.500,-7.320
324.520,835.700,-5.612
373.320,873.764,-47.092
364.292,872.300,-9.516
362.340,871.568,47.580
333.060,897.432,87.840
387.960,937.936,-16.592
328.668,931.104,-33.916
311.100,929.396,-62.220
300.852,952.088,-125.416
200.568,986.248,-90.524
243.268,978.928,-115.412
280.356,1001.132,-115.656
274.744,1021.140,-72.956
304.268,1064.084,-91.744
309.880,1083.848,-57.828
393.328,1096.780,-83.448
404.552,1082.628,-60.024
549.244,1099.464,-147.132
512.888,1089.460,-83.448
540.948,1052.128,-23.912
513.132,1029.924,49.044
540.948,1007.720,29.768
509.960,1006.256,1.220
493.368,973.560,13.420
486.292,967.460,17.324
493.368,951.112,5.368
508.740,956.724,-42.700
474.092,945.988,-19.276
487.756,920.124,-7.564
469.456,908.656,2.440
444.568,906.216,5.612
460.428,900.604,40.260
487.024,892.064,14.152
398.696,931.836,-34.404
444.812,961.116,-101.748
383.568,967.460,-65.636
284.748,914.512,45.628
438.712,889.136,28.304
543.144,853.024,-51.240
533.384,910.120,-63.440
542.412,864.736,-68.076
330.376,832.772,29.768
328.180,818.376,121.024
377.468,746.152,131.272
356.728,628.788,221.552
541.436,510.448,67.100
510.692,384.544,-47.336
540.948,338.916,-37.088
610.732,186.660,-27.572
541.192,48.556,112.484
459.452,-60.024,215.940
652.456,-79.300,21.228
650.748,-178.364,-63.440
579.256,-268.400,-19.520
915.976,-361.364,28.304
973.072,-454.084,127.124
1011.868,-488.000,140.056
1178.032,-501.908,73.932
1268.556,-574.620,132.248
1314.916,-662.216,249.124
1358.104,-662.460,283.040
1372.256,-648.796,217.160
1378.112,-576.816,139.080
1252.452,-550.464,162.748
1159.732,-506.788,190.564
1129.232,-515.084,208.620
1206.824,-518.744,167.384
1321.748,-505.812,100.772
1221.708,-493.368,96.868
1199.016,-496.540,174.704
1206.092,-512.888,186.904
1164.124,-482.632,167.872
1267.336,-464.088,86.620
1322.968,-473.604,65.148
1319.064,-533.872,123.708
1354.932,-541.680,172.508
1443.016,-521.428,197.884
1354.932,-521.672,205.204
1390.800,-504.104,180.804
1360.300,-470.920,140.056
1362.008,-396.744,89.060
1312.232,-441.396,186.416
1311.988,-478.240,243.512
1184.376,-419.924,235.948
1183.156,-408.212,237.412
1199.260,-462.380,243.268
1137.040,-500.688,289.628
1142.164,-403.332,241.316
1109.712,-356.972,144.204
1172.420,-382.836,90.768
1137.772,-437.736,74.908
1101.172,-410.896,58.316
957.944,-377.468,56.852
839.360,-347.456,81.008
742.004,-280.844,78.568
782.264,-235.704,34.404
684.908,-241.804,42.700
680.028,-236.924,8.052
767.136,-189.344,-46.116
812.520,-180.316,-88.572
758.840,-165.432,-113.216
700.036,-131.760,-117.364
729.804,-95.648,-160.308
799.344,-50.752,-269.620
847.656,-8.540,-429.928
795.684,17.812,-538.996
808.860,43.920,-534.604
777.628,55.388,-564.372
753.228,62.708,-630.252
723.460,74.420,-660.264
639.036,66.612,-628.788
569.008,40.016,-532.652
479.948,25.620,-454.816
300.364,61.244,-331.840
249.124,66.368,-221.796
274.012,41.968,-196.176
212.036,-33.916,-65.880
129.320,-13.908,148.352
-0.244,16.836,317.200
98.820,-37.088,386.496
292.800,-37.576,490.440
345.504,-46.604,661.240
454.816,-54.900,657.336
660.508,-16.104,654.652
694.424,-49.776,720.044
775.432,-87.840,782.020
975.756,-137.616,771.040
958.920,-139.568,839.848
1090.680,-220.820,845.216
1067.500,-334.036,798.368
1134.112,-270.108,861.808
1172.664,-281.820,885.232
1245.620,-330.864,738.588
1300.032,-340.380,619.760
1303.692,-354.776,680.272
1239.520,-342.576,747.128
1297.348,-416.508,759.572
1498.404,-494.344,629.032
1318.332,-509.960,469.700
1393.484,-501.908,544.852
1306.864,-525.088,488.000
1239.764,-522.404,458.232
1327.116,-504.104,275.232
1446.920,-507.276,45.140
1458.388,-475.556,-142.984
1290.760,-394.060,-182.024
1225.612,-345.016,-118.828
1090.680,-281.088,-152.988
975.268,-282.552,-97.600
1117.764,-248.636,-122.488
1143.628,-240.340,-201.056
1118.496,-199.104,-189.344
1028.460,-192.272,-169.580
1010.648,-172.264,-122.244
943.060,-198.128,-29.280
965.264,-208.620,44.164
982.588,-209.352,116.632
951.600,-243.756,201.788
785.924,-213.256,107.360
1113.860,-194.224,156.160
1034.072,-190.076,249.368
1220.000,-198.860,300.852
1121.668,-219.356,345.504
847.656,-167.384,314.028
845.460,-99.796,347.944
955.504,-50.752,376.248
1169.980,7.320,258.152
1256.112,-33.672,337.452
1128.500,-112.972,569.252
1070.916,-140.056,590.236
1131.428,-55.632,366.488
1237.812,50.996,132.248
1286.612,18.300,97.356
1172.664,-62.708,372.832
828.624,-63.928,583.648
679.296,148.352,241.560
275.476,485.804,-59.048
-273.280,702.476,-28.304
-411.872,854.244,63.684
-29.768,851.316,-80.764
107.116,940.376,-203.252
-115.412,952.820,-116.388
-178.608,945.744,-79.056
-108.580,944.524,-102.236
36.112,1047.248,-141.520
76.372,1188.280,-153.476
95.892,1244.644,-113.460
89.060,1200.968,-44.896
36.600,1063.596,78.568
155.672,1023.092,-0.732
117.120,978.196,-16.836
74.908,969.168,-48.556
172.752,983.808,-167.628
182.512,1013.576,-186.660
130.540,1017.968,-139.324
167.384,1006.256,-113.216
190.076,1009.428,-105.652
187.636,1008.208,-97.112
207.888,939.400,1.464
319.884,935.740,1.708
248.636,954.284,15.860
263.032,992.104,-36.112
243.756,1016.016,-65.636
180.072,988.688,-3.416
224.724,956.236,3.416
171.532,939.156,29.036
195.200,905.728,42.700
248.880,926.712,8.540
219.844,952.332,-5.368
335.012,969.412,-87.596
275.964,990.396,-78.568
219.356,974.536,-27.328
269.376,982.100,-27.816
199.836,960.872,10.980
206.668,922.564,30.744
227.408,914.024,33.672
207.400,947.452,21.960
224.724,965.996,-28.792
199.348,952.332,-31.720
228.872,936.716,-11.224
254.248,956.968,-45.628
256.932,960.140,-81.984
247.660,952.820,-59.048
228.628,935.252,-18.544
234.728,964.044,-33.916
244.976,972.340,-45.140
241.560,958.188,-26.108
223.016,940.620,14.152
256.932,944.280,-12.932
199.348,946.964,6.832
228.872,950.136,-14.152
259.860,946.232,-50.020
252.296,971.852,-29.036
270.352,974.048,-12.932
293.044,964.288,-11.224
297.924,975.268,-37.088
279.136,995.276,-59.536
282.064,991.616,-61.244
321.592,1016.016,-60.024
274.256,1002.840,-6.100
258.396,971.852,7.320
275.476,965.508,-28.060
270.108,986.980,-55.876
299.388,975.756,-71.004
336.964,980.880,-104.676
301.096,998.936,-75.396
320.128,985.272,-46.848
300.364,969.412,-12.932
272.792,944.036,21.716
253.272,943.304,20.496
228.384,948.672,11.712
274.988,969.412,-57.096
235.704,979.904,-58.072
203.984,969.412,-26.352
215.452,964.044,-17.812
240.340,966.484,-30.744
228.140,947.696,-18.300
321.104,940.864,-48.556
315.492,986.980,-27.816
319.152,996.496,4.636
349.164,984.540,21.228
318.176,980.392,26.108
297.680,972.340,5.856
258.640,964.288,-10.736
241.804,961.360,-26.596
235.216,953.552,-40.748
305.244,956.480,-89.792
276.452,980.880,-96.136
257.420,976.000,-82.228
275.720,956.236,-60.512
254.492,942.084,-1.952
233.264,934.520,37.332
292.556,933.300,22.448
368.440,929.152,-1.708
445.544,935.984,-51.484
346.480,948.428,0.244
295.972,953.308,27.084
305.976,942.084,27.572
201.056,965.264,37.088
254.248,1000.644,-17.812
406.016,1018.944,-113.704
411.628,1021.872,-106.384
326.960,1012.844,-14.152
264.252,1002.108,64.172
233.508,967.948,110.044
278.892,934.276,96.868
575.352,917.440,-61.000
752.252,902.068,-158.356
546.804,908.900,-156.160
461.892,922.076,-100.772
426.756,815.448,57.584
439.444,701.500,200.080
493.612,628.056,264.496
597.068,604.144,158.844
599.996,615.612,-17.812
501.420,471.408,-36.844
380.640,253.028,165.676
511.668,144.936,240.828
877.912,101.260,-18.544
772.016,23.912,-32.940
245.464,-157.624,178.120
670.756,-321.592,311.100
1037.244,-408.456,180.316
880.352,-521.672,264.496
897.676,-583.404,346.236
1218.292,-596.092,179.096
1514.020,-624.396,189.588
1241.716,-622.688,396.256
960.140,-582.184,482.632
1058.472,-526.308,408.212
1278.560,-572.668,303.536
1345.172,-567.056,255.468
1173.884,-517.036,296.948
961.360,-533.384,367.952
963.800,-505.080,313.052
898.408,-436.516,231.556
939.644,-436.760,208.376
1045.784,-466.528,253.028
1144.360,-515.328,326.228
1187.304,-544.852,380.884
1316.868,-555.588,352.824
1468.148,-574.620,335.744
1422.520,-592.920,399.916
1356.152,-543.876,395.524
1298.568,-512.400,364.048
1366.888,-490.196,298.656
1310.036,-471.164,243.512
1222.928,-439.200,216.916
1186.816,-406.748,153.964
1186.816,-408.944,124.440
1305.888,-390.156,30.988
1173.396,-368.196,23.912
1127.036,-349.408,91.012
1057.740,-359.900,82.228
984.052,-356.972,35.624
964.776,-319.884,50.264
959.164,-317.932,18.056
977.708,-314.516,23.424
935.740,-232.532,-36.112
882.304,-173.240,-62.220
902.312,-123.952,-142.008
879.620,-121.756,-113.948
919.148,-107.604,-182.024
826.184,-109.800,-178.120
626.836,-34.648,-139.812
551.684,32.696,-162.748
540.460,54.168,-197.152
507.520,118.340,-192.516
517.768,139.812,-158.356
473.116,150.548,-168.848
638.548,145.180,-141.032
720.532,118.828,-180.804
845.948,153.476,-301.584
903.776,121.268,-352.336
1070.428,80.520,-426.268
1082.872,83.204,-450.180
995.032,132.248,-481.900
967.216,148.108,-544.852
984.296,120.780,-531.188
987.956,107.116,-531.920
981.368,122.732,-589.748
879.376,151.768,-634.156
801.540,206.668,-649.528
675.148,223.504,-583.160
655.872,170.800,-518.500
580.720,117.120,-447.496
472.872,131.760,-347.456
442.860,123.220,-219.356
379.908,113.704,-101.748
298.412,87.596,4.880
296.216,154.940,119.316
278.892,140.788,218.868
473.116,109.800,181.048
525.576,87.596,188.124
563.152,40.992,275.232
723.460,-0.244,478.484
759.572,-48.068,652.944
807.152,-134.200,782.752
860.832,-243.756,899.384
1072.868,-314.272,884.988
1136.552,-245.464,816.912
1023.336,-156.892,845.460
1085.556,-236.924,833.748
1153.876,-302.072,723.704
1182.180,-253.760,629.520
1108.736,-238.144,591.944
1172.420,-272.304,556.808
1268.068,-283.528,493.124
1332.484,-319.884,457.744
1527.928,-344.772,290.848
1540.372,-401.868,279.136
1422.276,-452.620,403.820
1371.768,-514.352,384.788
1349.564,-526.552,351.360
1224.636,-545.096,299.632
1301.008,-537.776,202.520
1254.404,-533.628,45.140
1227.320,-454.816,-128.344
1212.924,-422.364,-196.664
1217.560,-362.584,-309.636
1250.988,-296.948,-465.064
1180.716,-208.864,-601.704
1135.088,-179.096,-590.480
1099.708,-205.448,-452.620
977.952,-262.300,-301.828
962.580,-249.856,-190.808
926.712,-259.616,-126.880
942.572,-252.296,-11.712
1012.844,-229.116,0.000
1175.104,-204.472,-29.768
1342.488,-199.348,49.044
1136.308,-274.988,93.208
725.656,-191.296,87.352
1123.376,-149.328,123.464
1360.300,-152.744,217.892
1512.556,-146.888,223.504
1386.896,-150.792,103.700
1274.900,-133.712,35.868
1249.524,-72.956,7.076
1314.916,26.108,-18.544
834.480,-57.340,332.328
608.292,94.916,303.292
589.504,307.440,-16.104
426.756,457.744,-218.380
-167.628,568.520,106.628
-181.536,690.032,310.124
150.060,660.752,118.584
62.220,701.988,-157.380
-163.236,780.556,-159.088
-15.128,901.336,-254.736
-167.628,1044.320,-285.724
-350.140,1083.116,-187.392
-307.440,1084.336,-185.684
-180.316,1055.056,-174.704
-195.932,1022.116,28.548
-197.396,1042.612,190.076
-159.576,1079.456,171.776
-96.868,1096.048,102.724
-59.048,1101.416,68.320
18.056,1132.892,8.052
23.668,1133.380,15.128
3.172,1158.756,-24.400
36.112,1146.068,-121.024
152.500,1095.072,-203.740
170.800,1032.120,-161.772
115.900,994.300,-121.024
50.996,959.164,-77.592
39.284,978.440,-91.256
24.644,969.900,-115.656
12.200,925.736,-84.912
11.956,884.256,-36.112
65.636,852.780,-37.088
65.636,833.504,-26.596
99.308,862.540,-32.696
75.152,922.076,-43.920
106.628,963.312,-68.808
104.676,948.184,-62.952
92.720,919.636,-14.396
82.960,892.796,13.176
92.232,868.640,30.012
147.864,869.616,-36.844
117.852,877.912,-52.948
102.968,912.072,-60.268
97.600,844.484,-0.976
102.480,818.864,-7.808
111.264,830.576,-92.476
95.648,843.264,-115.656
152.012,875.716,-138.104
166.896,870.592,-94.672
126.636,872.300,-28.304
105.896,879.376,15.128
108.336,889.136,10.736
157.136,892.552,-55.388
200.568,916.220,-116.144
228.384,947.696,-142.984
221.796,996.740,-124.684
116.632,1019.920,4.148
152.500,1033.340,40.748
211.548,1052.128,18.300
160.064,1097.268,2.684
120.292,1157.780,-25.620
132.248,1231.468,-49.776
154.452,1253.672,-37.576
249.124,1244.644,-74.176
280.844,1252.696,-126.392
245.220,1242.936,-99.796
220.332,1171.932,-53.192
234.484,1103.612,-23.668
162.260,1061.644,26.108
159.088,1037.976,19.520
178.608,1019.432,-12.444
225.944,1015.040,-55.632
205.448,1043.588,-11.956
189.588,1045.784,16.592
163.724,1031.388,54.168
132.736,995.764,102.724
155.672,992.104,59.048
179.096,1010.648,-23.424
164.456,1026.752,-67.588
167.384,1022.848,-104.432
178.608,999.912,-82.716
191.052,954.772,-30.012
215.452,903.288,43.676
159.576,886.208,86.132
171.044,922.808,57.096
195.444,947.452,-12.932
156.648,969.656,-7.076
191.540,987.224,-37.576
145.668,986.004,-1.708
215.696,1008.696,-0.732
238.632,999.912,30.256
242.292,1029.192,46.116
254.980,1063.840,50.752
271.816,1048.224,73.932
246.928,998.936,120.048
220.576,950.624,132.004
202.276,952.332,57.340
179.828,964.776,-47.824
170.556,958.188,-110.532
145.912,965.752,-111.508
176.656,942.084,-61.732
220.088,927.200,-8.052
202.764,909.876,61.244
235.460,910.120,53.924
206.180,933.056,36.600
210.084,943.792,24.400
218.136,969.168,-6.100
236.436,956.968,-5.368
291.580,991.616,-37.332
176.656,995.520,31.476
155.184,981.856,54.412
166.164,989.176,78.812
217.160,974.292,84.912
225.700,1023.824,81.008
258.884,1122.644,56.364
229.360,1153.632,90.524
220.332,1139.724,151.036
71.736,1129.720,209.596
-79.788,1177.544,216.428
85.888,1218.048,23.668
201.300,1222.684,-174.460
280.356,1115.324,-181.780
459.696,994.300,-111.264
209.352,961.848,91.988
-12.444,981.368,215.696
-3.904,833.260,282.064
273.280,701.744,194.224
508.984,696.620,-5.124
486.048,577.060,-52.460
291.824,450.912,71.492
243.756,345.260,171.532
719.312,270.352,45.140
766.648,191.296,-128.588
220.576,70.028,76.372
390.156,-159.576,293.532
701.988,-293.044,280.356
735.660,-344.772,98.332
745.908,-422.608,199.592
759.816,-531.920,457.256
919.636,-604.388,441.884
1075.796,-629.032,308.172
1097.024,-614.148,279.136
1194.624,-592.432,289.872
1353.224,-550.708,236.436
1185.108,-575.352,281.576
999.180,-550.464,378.688
861.076,-534.116,376.248
906.948,-541.680,348.676
1084.824,-595.604,312.564
1164.124,-597.068,296.704
1215.364,-575.840,215.452
1072.136,-539.484,191.540
959.408,-462.624,172.020
933.788,-423.340,145.180
973.316,-461.160,158.844
1159.732,-543.144,217.404
1288.076,-598.044,302.072
1385.432,-595.116,259.860
1380.064,-613.904,299.388
1391.044,-611.220,315.492
1374.696,-616.588,317.932
1415.688,-624.396,295.972
1431.548,-587.064,277.672
1454.728,-546.560,171.044
1402.268,-531.676,196.420
1318.576,-528.992,256.688
1238.300,-509.716,257.908
1254.404,-514.108,240.584
1351.516,-521.184,119.804
1261.724,-482.876,126.880
1208.044,-450.180,151.524
1107.028,-453.108,181.292
1099.708,-416.020,134.200
1050.664,-405.528,125.172
1065.792,-378.688,10.004
1138.016,-306.708,-101.992
864.004,-315.492,-116.388
707.356,-259.372,-135.176
660.752,-189.100,-157.624
612.928,-157.380,-120.780
470.920,-156.892,-52.704
373.564,-101.260,-10.248
406.748,-25.132,-30.500
376.248,36.600,-50.264
462.624,26.108,-49.776
561.932,20.740,-139.324
552.416,77.836,-155.672
612.196,155.428,-262.544
675.392,177.876,-259.860
672.708,153.720,-269.132
850.340,114.436,-428.464
953.308,80.032,-541.192
1086.776,77.592,-639.524
1200.480,62.464,-645.868
1176.324,61.488,-677.100
1009.672,67.100,-646.844
986.980,64.660,-637.572
978.928,48.068,-651.236
879.864,39.040,-595.116
798.856,35.624,-602.924
761.036,73.932,-606.828
647.332,57.096,-498.248
464.576,63.196,-356.728
303.292,81.252,-257.176
256.200,70.516,-111.508
294.264,46.116,26.596
261.324,13.908,121.756
298.412,-20.740,263.032
299.144,-72.224,429.196
385.032,-89.792,564.128
513.864,-124.684,667.096
662.704,-105.408,665.876
798.856,-95.160,733.464
925.004,-93.208,753.228
936.960,-92.964,854.732
976.000,-106.872,909.388
927.688,-155.184,948.428
957.700,-174.704,1044.076
1111.664,-253.028,951.112
1222.196,-317.688,817.156
1470.100,-330.132,678.320
1477.176,-264.252,535.092
1260.504,-267.912,623.176
1267.580,-369.660,613.904
1461.560,-493.856,560.712
1536.224,-430.660,451.156
1422.764,-392.596,374.296
1347.856,-438.224,291.580
1353.468,-442.372,235.704
1525.000,-463.112,173.972
1424.228,-453.352,27.084
1336.388,-369.660,-49.288
1173.152,-339.404,-103.456
1131.672,-297.924,-151.280
1188.524,-268.400,-90.524
1153.144,-246.440,-53.680
1255.624,-241.072,-73.688
1409.344,-218.380,-107.116
1132.648,-225.212,-76.372
877.180,-188.124,-4.392
1175.104,-175.436,25.864
1274.168,-220.820,221.796
1320.528,-252.784,311.588
1366.400,-228.628,131.272
1373.476,-207.888,37.088
1331.264,-175.924,122.976
1243.912,-209.596,229.360
984.784,-153.232,267.424
495.808,-60.268,213.500
166.408,147.376,17.324
-55.632,429.684,21.716
-291.824,660.020,110.532
-43.920,809.836,-162.260
-14.640,894.504,-335.012
-99.552,907.680,-233.264
-92.476,929.884,-58.804
2.196,880.108,84.912
80.032,947.452,31.476
50.996,1140.212,-184.464
41.968,1190.964,-265.228
40.260,1153.388,-181.048
114.436,1120.692,-167.384
35.624,1107.028,13.420
141.764,1030.900,20.252
194.712,1021.628,-46.116
58.804,1049.932,-41.236
180.072,1143.628,-184.464
108.824,1139.968,-179.584
109.556,1095.072,-128.344
194.956,1008.940,-78.080
160.308,940.132,-13.908
208.376,924.272,35.380
222.528,953.308,27.328
157.868,950.868,16.836
209.108,917.928,-33.672
284.260,959.896,-118.828
187.148,965.752,-65.880
199.592,1001.132,-67.588
315.980,1033.828,-92.476
264.496,1033.584,16.592
269.620,1018.456,90.524
259.860,999.180,159.088
260.104,976.732,140.788
281.088,966.240,73.200
325.252,980.392,-38.796
311.100,983.320,-51.484
254.736,1028.460,-89.792
184.220,1017.236,-51.240
151.280,988.444,-25.132
139.812,943.792,13.908
177.144,932.812,3.660
144.936,927.932,28.060
131.272,899.628,49.776
144.448,893.772,31.720
277.916,897.920,-48.556
268.156,965.996,-108.336
204.228,969.412,-64.660
225.700,937.448,-58.316
225.700,893.772,-33.428
221.552,851.072,3.904
235.704,832.040,1.464
191.296,839.360,18.056
258.152,840.092,-30.256
295.240,845.216,-69.540
286.944,854.976,-74.176
259.128,859.856,-43.188
247.172,891.332,-28.304
295.484,914.024,-67.832
289.628,956.724,-89.060
288.408,1027.240,-105.408
271.572,1082.384,-75.640
304.024,1061.888,-8.540
320.128,1020.164,25.620
237.656,1051.640,58.560
220.332,1068.476,45.384
273.036,1087.508,1.220
285.236,1082.384,-35.868
264.496,1100.928,-33.428
250.588,1089.460,-26.352
260.348,1068.720,-6.344
247.660,1047.980,35.624
248.636,1029.924,43.432
265.228,1016.992,22.936
251.320,1017.968,9.272
232.776,990.396,46.116
246.196,970.144,36.356
256.200,975.024,10.248
302.072,987.712,-36.112
239.120,1005.524,1.464
297.436,981.124,-3.416
298.900,954.284,-10.248
282.064,934.032,-4.880
317.932,951.112,-58.072
237.900,943.792,-34.160
206.912,921.344,-19.032
142.496,938.912,2.684
161.040,951.112,1.464
177.876,966.728,-6.100
147.132,971.608,16.348
199.104,988.688,2.684
170.800,1021.872,37.820
156.648,1034.316,65.880
-53.436,1067.744,111.996
-139.568,1094.340,97.844
140.788,1094.340,-137.128
251.564,1031.144,-134.932
503.616,1090.436,-362.584
374.540,993.568,-279.380
250.832,838.628,-50.508
219.844,710.284,157.624
374.296,626.104,162.260
413.092,578.280,53.680
376.004,538.020,-12.932
508.984,475.556,-102.724
365.756,398.940,-99.552
403.820,274.012,25.864
445.300,174.216,123.220
272.304,86.132,176.900
296.460,-34.404,9.028
582.428,-191.052,-67.832
690.764,-364.780,-6.344
729.072,-566.568,107.116
789.096,-813.252,409.920
1159.488,-868.640,489.952
1560.380,-808.860,340.380
1569.652,-724.436,305.000
1581.608,-689.788,361.852
1511.092,-620.492,294.020
1419.836,-540.216,129.808
1346.148,-508.496,118.584
1122.644,-489.464,186.904
1034.316,-469.456,209.840
1050.908,-479.948,185.440
958.920,-446.764,174.704
1053.836,-417.728,130.784
1095.560,-454.816,191.296
1145.580,-488.000,230.580
1254.648,-496.540,236.192
1237.568,-475.556,217.404
1139.480,-479.216,218.868
1247.816,-463.600,213.988
1157.536,-445.788,257.664
1212.924,-438.468,279.624
1311.012,-480.192,292.068
1374.208,-483.608,253.028
1437.404,-486.780,157.380
1427.644,-505.080,139.812
1405.196,-467.992,138.104
1445.212,-480.680,133.224
1394.460,-539.240,182.756
1376.892,-514.352,193.004
1379.332,-535.580,177.388
1330.288,-594.872,246.928
1347.856,-598.532,188.368
1315.892,-576.816,127.368
1291.004,-581.940,72.224
1249.280,-548.024,68.564
1057.008,-551.928,136.152
1025.288,-505.324,55.632
983.564,-452.376,-95.648
855.220,-363.072,-266.448
818.620,-273.524,-428.464
611.464,-146.644,-482.388
549.732,-22.936,-477.264
407.236,7.076,-446.520
467.748,38.796,-584.868
492.392,63.928,-612.684
400.404,80.520,-582.672
383.568,123.952,-580.964
389.912,143.960,-568.276
279.136,162.260,-475.068
276.940,181.048,-434.076
396.744,184.220,-392.352
368.440,145.424,-320.616
332.572,158.112,-307.684
261.080,177.632,-231.556
164.456,192.028,-27.572
89.548,254.248,161.040
184.708,241.804,88.328
311.832,197.640,195.932
401.868,151.524,290.604
469.456,130.784,351.116
612.684,125.904,389.668
717.604,48.068,487.756
818.376,56.852,557.540
806.908,22.692,652.456
911.584,12.444,685.396
1083.848,10.980,570.472
1026.264,65.636,565.348
931.348,88.572,619.272
990.396,-2.928,590.968
1118.252,-20.496,523.868
1281.976,-57.828,331.840
1293.932,-46.116,305.488
1072.136,-14.152,473.604
948.916,-117.852,658.800
1189.500,-276.452,571.448
1524.024,-314.760,396.500
1617.720,-316.956,264.740
1387.872,-313.052,323.056
1444.968,-373.564,414.800
1479.860,-448.716,333.060
1596.736,-471.652,158.844
1685.796,-465.064,-28.060
1341.512,-424.804,-71.980
1268.800,-354.776,-78.812
1311.012,-344.528,-118.828
1310.280,-292.312,-242.536
1342.976,-278.892,-317.200
945.500,-245.464,-336.720
846.436,-135.664,-317.932
1050.908,-86.864,-198.128
1146.312,-91.500,-247.660
1134.844,-47.092,-291.336
927.932,-60.756,-152.500
1058.228,8.296,-122.000
1030.900,-52.216,8.296
1041.148,-108.580,122.732
1028.948,-133.224,131.516
1054.568,-127.124,133.468
1118.740,-117.120,146.644
1202.920,-127.856,193.004
1260.504,-143.716,217.892
1347.124,-164.700,251.320
1359.812,-169.336,293.044
1233.664,-177.876,340.868
1238.056,-152.500,352.824
1420.080,-143.228,320.616
1665.300,-195.932,399.184
1492.792,-254.980,569.984
1081.164,-263.520,552.172
1021.384,-129.564,270.108
1163.880,-14.396,-93.208
897.188,-21.960,-87.840
251.808,79.300,313.052
-277.428,224.236,437.492
-447.008,472.628,136.640
-296.948,695.644,-215.452
-219.844,670.756,-61.000
-21.228,731.756,-34.648
-169.336,885.476,7.564
-179.096,1036.024,-174.216
-85.888,1010.892,-253.760
-79.300,1026.264,-169.824
-3.416,1077.504,-110.776
30.744,1059.936,-56.852
78.568,1076.772,-90.036
28.792,1070.184,-68.808
-2.928,1086.776,-102.724
38.796,1103.368,-194.712
-51.972,1117.764,-165.920
43.188,1136.064,-286.212
14.396,1133.380,-320.860
-30.500,1060.180,-170.312
123.952,957.944,-132.980
70.516,969.656,-13.664
75.396,957.700,66.124
164.456,957.700,76.860
98.088,917.928,113.948
108.092,938.668,61.244
207.888,980.636,-77.348
128.100,968.680,-54.168
109.312,963.556,-47.092
169.092,986.248,-116.632
131.272,981.124,-107.360
111.508,978.928,-99.064
162.748,989.420,-127.124
178.608,979.172,-101.748
141.276,983.564,-29.280
167.872,998.936,-16.104
146.644,982.588,24.888
190.320,960.872,0.732
178.608,963.556,27.572
144.692,956.480,53.192
156.892,954.284,16.348
195.444,971.608,-40.016
165.676,963.800,-37.576
159.576,968.436,-40.260
172.264,984.784,-64.172
142.496,975.268,-21.228
160.796,972.096,-16.348
141.764,973.804,17.812
227.408,972.096,-46.116
219.600,977.952,-59.048
171.532,974.292,-13.420
198.128,972.096,-15.860
169.580,962.824,0.488
190.320,971.852,-31.232
223.992,976.488,-93.696
170.312,973.560,-74.176
165.188,1002.596,-87.108
198.372,1012.600,-123.952
170.556,1011.868,-73.444
183.976,1003.084,-35.380
195.444,1000.644,-30.256
168.360,1008.452,-30.012
172.752,996.740,-28.304
224.480,987.712,-50.264
173.240,987.956,8.784
155.184,961.604,34.404
180.560,944.280,4.636
161.284,956.480,-25.132
128.832,961.604,-26.840
144.204,946.964,-47.580
212.280,942.816,-109.068
161.772,979.660,-72.956
176.168,1000.644,-62.220
174.704,1004.792,-56.120
137.860,990.884,-18.056
146.644,979.660,-19.276
160.308,984.296,-39.040
143.716,979.904,-20.496
157.380,978.196,-29.524
150.060,988.200,-42.212
161.772,993.568,-49.532
175.436,985.760,-48.068
204.228,983.564,-51.728
225.456,986.004,-50.264
201.788,993.568,-40.748
198.616,987.224,-35.136
217.404,978.928,-52.216
172.264,987.956,-12.932
177.144,972.096,-0.244
165.188,976.000,-7.808
146.400,968.436,-13.420
190.076,963.800,-50.264
