acc_x[mg],acc_y[mg],acc_z[mg]
312.076,943.304,-13.664
283.284,932.568,-16.836
238.388,931.592,13.908
257.908,925.248,-2.684
239.852,935.252,-2.928
234.728,943.548,5.368
253.760,952.332,-21.472
274.012,965.752,-45.872
276.452,969.412,-73.200
281.332,961.116,-113.704
245.708,937.204,-104.676
223.016,920.612,-94.428
189.588,915.000,-86.620
157.136,927.688,-54.168
166.164,927.932,-35.136
167.628,959.652,-38.796
191.296,966.972,-69.296
203.984,981.368,-74.664
197.396,1012.112,-72.956
204.716,1003.816,-70.760
233.508,993.324,-90.524
246.928,1005.524,-115.900
260.348,1010.160,-126.636
255.956,997.960,-107.848
260.592,962.092,-96.868
236.924,944.280,-86.864
220.088,938.668,-80.520
204.960,967.216,-91.744
192.028,955.016,-100.528
188.124,951.600,-98.088
171.776,955.016,-101.992
170.556,979.660,-120.780
181.536,969.900,-125.660
208.132,976.488,-110.044
207.888,966.240,-72.468
214.720,952.820,-47.580
327.204,1003.328,-152.012
259.372,974.048,-80.764
188.612,972.584,-16.104
182.756,952.332,-18.056
201.056,939.644,-79.300
192.028,910.120,-89.060
239.364,968.924,-164.944
201.056,966.484,-129.564
180.316,971.120,-96.136
232.532,993.080,-128.588
202.276,982.832,-97.844
229.360,978.684,-105.896
282.796,1016.748,-153.720
243.512,1000.644,-128.344
200.568,963.312,-91.012
228.140,951.112,-113.460
200.568,945.744,-107.116
176.900,921.832,-91.744
196.420,937.204,-113.704
175.924,947.696,-97.844
199.348,955.748,-99.064
228.140,976.244,-103.456
236.192,976.244,-94.428
265.228,980.636,-121.268
243.024,983.564,-95.160
232.044,975.268,-97.356
213.500,951.844,-89.060
213.012,965.020,-103.212
186.172,955.748,-88.328
195.200,958.188,-98.576
203.252,957.456,-108.092
217.404,960.628,-115.656
239.120,975.024,-128.100
235.704,984.784,-115.656
227.164,977.952,-103.456
256.200,972.340,-124.440
270.108,976.732,-137.616
215.208,964.044,-103.456
193.736,953.796,-95.404
198.616,949.160,-106.872
181.780,937.204,-93.208
231.556,946.232,-144.692
214.964,963.312,-135.908
222.528,964.044,-120.536
232.776,969.900,-120.536
222.528,968.680,-111.264
222.528,967.948,-108.092
221.308,967.216,-105.896
268.156,975.512,-154.696
237.900,973.072,-132.248
228.872,965.996,-108.336
220.820,957.700,-98.820
220.332,953.796,-104.432
230.824,945.988,-119.560
225.700,963.068,-130.052
206.424,964.776,-108.824
227.896,977.464,-130.540
233.508,977.220,-132.736
226.676,968.436,-116.876
258.396,974.292,-144.204
239.120,972.828,-133.712
216.916,962.824,-98.576
223.992,949.648,-95.404
218.624,949.648,-97.600
224.236,944.768,-107.848
272.304,969.656,-170.312
233.508,974.536,-146.644
218.868,960.140,-114.924
216.428,947.208,-96.624
219.844,931.836,-95.648
253.028,953.064,-140.788
228.384,971.608,-135.664
219.112,959.164,-116.876
256.932,958.676,-136.640
224.480,959.164,-110.532
213.988,945.256,-96.136
261.812,961.604,-138.836
229.848,958.676,-119.560
237.168,962.580,-118.828
241.072,968.192,-123.220
230.580,965.752,-117.120
241.316,971.120,-124.440
251.564,977.464,-133.224
240.828,965.508,-113.704
245.708,956.236,-108.824
245.952,958.676,-115.412
238.632,948.184,-122.244
245.464,953.796,-132.492
267.668,959.408,-147.132
263.520,961.116,-131.760
251.808,958.676,-117.364
235.460,952.332,-104.676
245.952,958.676,-126.636
252.540,968.436,-138.348
274.012,971.608,-149.816
256.444,961.604,-128.100
239.364,950.624,-111.752
226.676,943.792,-99.064
235.216,940.376,-103.944
245.220,942.328,-119.804
273.524,968.924,-159.820
238.632,973.804,-125.416
239.120,957.944,-111.996
240.340,951.356,-106.872
226.676,953.064,-98.576
259.860,954.528,-116.388
296.216,977.952,-156.892
253.272,975.512,-121.512
241.316,963.800,-113.948
223.992,952.576,-106.140
217.160,940.620,-104.676
225.212,943.548,-113.948
260.592,955.016,-142.008
274.988,979.904,-160.308
239.608,976.488,-116.144
238.388,963.556,-99.064
236.680,950.624,-101.260
246.196,941.596,-114.924
266.448,965.996,-147.620
243.024,959.408,-132.248
259.128,955.260,-134.932
252.052,963.800,-132.004
221.308,955.016,-109.312
229.848,954.284,-110.044
227.164,978.928,-111.752
202.764,989.908,-87.352
209.596,1007.720,-88.572
201.544,1039.440,-91.012
174.948,1095.072,-84.424
123.708,1120.448,-52.460
124.196,1120.204,-51.484
157.136,1102.148,-110.044
103.212,1098.488,-105.408
10.736,1064.816,-82.716
-42.456,1047.004,-79.300
-11.224,997.472,-104.188
115.900,1026.508,-215.940
109.068,941.108,-213.500
95.404,815.936,-80.520
93.940,624.884,26.840
57.828,425.536,99.796
176.656,277.184,79.544
30.744,79.544,115.656
-8.540,-95.404,189.832
377.712,-205.936,175.436
699.304,-223.504,179.584
596.580,-275.720,135.420
455.548,-379.664,91.256
854.976,-524.112,15.128
1025.288,-564.128,68.076
1096.780,-640.744,31.232
1255.624,-710.528,-41.724
1489.376,-889.380,73.688
1711.660,-843.508,156.892
1655.540,-776.652,150.792
1510.604,-738.100,145.912
1330.288,-683.200,238.632
1157.780,-673.440,311.832
1182.668,-614.392,251.564
1208.776,-530.944,104.432
1192.184,-500.200,76.128
1112.640,-446.032,27.328
1040.172,-390.400,-30.744
1004.548,-383.568,-4.148
950.624,-416.508,66.124
976.000,-414.556,99.552
1000.888,-438.468,95.404
1022.848,-408.212,47.092
1060.912,-376.004,-1.952
1090.192,-390.644,34.160
1050.176,-430.416,88.084
1117.520,-412.360,125.416
1168.272,-436.272,119.072
1184.132,-424.560,162.748
1245.376,-395.036,166.164
1327.360,-376.980,118.584
1405.196,-390.644,132.248
1397.876,-373.320,115.168
1404.952,-368.440,103.212
1394.460,-394.060,180.560
1414.956,-339.648,100.284
1491.816,-325.984,26.596
1428.864,-345.260,70.272
1387.140,-368.196,139.568
1414.712,-374.052,102.480
1336.144,-357.948,91.500
1336.388,-331.108,130.052
1427.644,-350.384,120.292
1365.180,-406.992,177.388
1224.392,-429.684,236.924
1172.908,-393.328,183.732
1128.500,-359.412,120.292
1077.992,-364.536,94.428
937.448,-384.788,90.768
835.700,-384.544,137.860
700.524,-340.136,113.704
617.076,-318.176,138.836
570.716,-289.628,124.928
520.452,-164.212,32.208
421.876,-142.008,5.856
504.104,-116.876,-39.284
536.556,-108.824,-57.096
408.700,-35.624,-52.948
414.800,26.840,-20.252
400.648,65.636,-44.408
463.112,121.268,-54.412
562.420,166.896,-66.612
595.848,169.336,-116.632
758.596,174.704,-144.692
988.200,171.288,-293.532
1018.456,133.468,-373.320
1103.124,121.512,-393.572
1062.132,150.060,-415.532
1067.500,155.184,-421.632
1123.864,172.264,-462.380
1108.004,138.104,-512.888
1100.928,129.564,-527.528
1000.644,120.292,-503.128
944.280,132.492,-522.648
868.396,127.368,-494.100
751.276,74.908,-432.856
700.036,38.064,-340.136
614.880,-4.392,-266.204
546.560,15.128,-239.852
492.636,15.860,-216.184
427.244,8.784,-162.992
323.544,-31.720,-21.960
325.984,-60.268,104.188
247.416,-99.308,224.968
315.492,-141.032,402.844
309.636,-189.344,495.564
428.952,-228.628,543.632
620.492,-244.000,558.272
657.580,-276.452,612.196
753.228,-284.992,729.804
761.036,-372.832,835.456
804.712,-401.624,909.876
848.144,-412.116,951.844
1068.476,-432.124,867.908
1202.432,-477.752,762.500
1160.952,-467.748,766.404
1174.616,-442.616,830.576
1247.328,-504.592,795.684
1427.644,-568.032,652.700
1450.092,-593.164,558.516
1225.856,-549.976,707.356
1258.552,-642.208,716.872
1494.500,-621.956,490.440
1572.824,-614.636,226.188
1573.800,-555.100,72.712
1386.408,-507.520,96.868
1309.060,-532.164,160.308
1334.924,-594.384,116.388
1401.048,-571.204,-52.216
1393.728,-545.096,-133.468
1289.296,-538.020,-129.564
1239.032,-511.912,-170.068
1164.368,-492.392,-162.992
1186.084,-483.364,-208.376
1130.696,-470.188,-199.836
1148.264,-437.248,-199.348
1080.188,-407.480,-194.468
1047.004,-371.124,-177.876
997.472,-324.520,-196.420
919.392,-295.728,-171.044
893.284,-280.600,-117.852
857.660,-286.456,-59.048
807.640,-287.432,-14.884
825.696,-264.740,-26.840
849.852,-250.100,-27.572
852.292,-268.400,31.232
816.668,-274.012,62.708
930.616,-268.644,74.908
1002.840,-287.432,113.460
1205.848,-281.332,98.576
1411.052,-309.392,154.940
1484.740,-400.648,309.880
1261.724,-482.388,437.736
1283.440,-420.168,312.076
1627.724,-393.084,85.400
1714.832,-350.872,7.320
1138.016,-386.008,295.972
761.036,-202.764,224.724
343.552,70.272,110.532
-230.580,602.192,-27.572
-455.304,970.144,90.036
361.120,856.928,81.008
245.220,857.416,-1.220
173.240,919.392,-70.516
210.084,887.672,-73.932
172.264,886.940,-22.204
195.932,961.116,-43.676
242.780,980.392,-58.316
356.240,985.760,-106.384
331.108,933.788,-38.308
407.968,950.868,-69.052
429.196,955.748,-88.816
370.880,966.484,-54.168
370.148,918.904,-61.976
417.728,864.248,-79.300
434.808,841.312,-52.460
412.360,825.208,-60.512
441.396,774.700,-79.788
434.320,756.400,-48.312
409.188,759.816,-59.292
422.120,722.240,-91.988
459.696,685.884,-73.444
343.064,648.796,22.204
302.316,661.240,23.180
260.348,697.352,23.180
328.912,772.016,-21.228
424.560,839.116,-76.372
337.940,856.196,35.136
274.256,890.844,99.308
369.904,961.604,9.028
451.888,1015.528,-51.240
431.392,1022.360,-45.384
322.568,1010.404,30.256
366.732,1030.900,32.940
365.512,1007.964,130.052
390.156,1024.556,111.996
370.392,1057.984,49.044
347.944,1068.964,33.672
326.228,1056.032,65.148
338.184,1071.404,25.376
334.768,1054.080,-6.100
286.212,1018.456,5.368
233.020,1012.844,28.792
215.696,1046.028,40.260
321.836,1089.216,1.952
350.872,1058.228,73.444
312.076,985.272,132.736
308.660,986.248,71.004
239.364,998.448,48.068
196.664,1052.860,-31.720
180.316,1099.464,-98.820
199.348,1107.272,-141.520
163.236,1074.088,-129.320
179.828,1036.268,-119.072
222.772,994.056,-71.004
226.676,965.996,-6.344
259.128,936.960,-35.868
240.828,924.272,-56.364
230.824,927.932,-61.000
215.696,921.588,-42.944
239.852,937.936,-59.048
290.116,935.740,-64.660
338.916,903.532,0.732
319.396,897.432,51.972
286.456,912.072,58.804
288.408,925.736,25.620
345.748,952.576,-40.260
353.068,968.680,-30.500
352.580,950.624,49.776
342.088,934.520,114.436
354.044,943.304,70.028
317.688,974.780,10.248
305.244,982.832,-31.476
301.096,999.912,-16.104
313.052,978.928,27.328
378.444,972.340,23.912
359.656,968.192,27.084
307.684,952.332,48.556
281.820,948.184,41.968
304.268,936.228,8.540
318.908,912.072,11.468
335.988,917.928,15.616
301.828,921.588,39.772
322.080,953.796,-1.464
304.024,972.096,-15.616
322.568,968.680,-14.640
261.812,923.296,70.760
234.484,919.148,121.512
224.968,967.460,94.672
131.760,1017.480,92.232
84.668,1051.884,87.108
-43.676,1131.184,87.840
-178.608,1087.996,131.272
-58.560,989.664,87.596
63.684,896.212,-24.400
16.592,832.528,-11.468
83.936,700.036,1.708
138.836,484.828,116.876
203.008,152.988,427.000
685.152,-42.944,385.764
1016.504,-62.464,133.956
550.220,-154.940,-20.252
409.432,-409.432,110.776
580.720,-507.032,125.904
1418.860,-503.372,-116.388
1430.572,-766.892,-85.644
1412.272,-916.464,94.428
1585.268,-1042.368,163.724
1327.360,-1024.800,241.316
1272.948,-929.884,275.720
1220.244,-845.704,297.192
1095.560,-732.244,328.180
1029.436,-665.876,385.520
967.704,-589.504,330.620
975.512,-463.844,206.912
996.740,-360.388,56.364
941.108,-298.168,34.404
957.700,-290.604,59.048
997.228,-291.336,72.712
922.320,-319.640,145.668
1041.148,-325.496,149.572
1180.472,-349.652,180.316
1156.316,-418.704,262.300
1221.708,-410.896,313.296
1287.588,-388.692,237.412
1335.168,-384.300,277.672
1371.036,-392.108,307.196
1416.908,-384.788,314.760
1424.960,-406.016,333.304
1465.952,-419.924,296.704
1481.568,-453.108,272.792
1492.548,-445.788,244.488
1484.496,-446.032,181.780
1428.376,-443.348,155.428
1348.344,-439.932,158.112
1215.608,-430.660,201.544
1247.572,-452.132,172.508
1206.336,-456.280,75.396
1168.272,-453.596,-7.564
1145.824,-409.188,48.800
1032.120,-410.896,123.220
911.584,-397.232,97.112
1030.168,-395.768,6.100
974.780,-412.116,59.536
867.664,-382.348,217.892
636.840,-352.336,266.204
708.088,-233.264,231.800
683.444,-252.540,71.980
733.708,-242.048,43.432
701.256,-223.016,-11.712
509.472,-166.896,30.500
424.804,-117.852,-23.912
241.804,-41.480,51.484
370.880,40.992,7.808
499.468,123.952,-146.644
689.300,160.552,-200.568
646.600,176.412,-261.080
532.896,206.424,-178.608
631.716,220.332,-145.424
792.268,189.344,-179.584
948.184,193.004,-325.008
1121.668,141.032,-466.772
1184.620,124.684,-591.700
1133.868,117.364,-594.384
1031.388,133.468,-507.032
1006.988,130.296,-478.240
985.760,124.440,-523.380
890.844,132.736,-540.704
866.200,131.028,-503.616
757.864,104.920,-400.648
684.664,76.372,-373.320
669.536,50.264,-303.292
580.964,24.156,-219.844
533.628,50.264,-161.528
477.020,24.156,-61.488
460.916,-27.084,49.044
468.968,-54.412,96.380
337.940,-67.588,222.040
193.492,-111.752,381.372
410.164,-106.872,385.032
480.436,-113.216,440.908
460.672,-131.516,512.156
426.756,-167.872,568.764
518.256,-259.128,648.308
801.052,-298.656,770.796
961.360,-380.396,709.064
803.004,-343.796,766.892
738.100,-386.008,775.920
1026.996,-382.104,718.336
1182.668,-421.144,715.408
1311.744,-513.620,772.992
1429.352,-646.600,779.580
1501.088,-735.904,827.404
1385.676,-696.376,947.208
1293.932,-703.696,982.344
1570.384,-709.796,727.120
1827.804,-801.296,538.020
1753.384,-777.872,492.392
1482.788,-756.400,460.184
1428.620,-762.988,360.632
1503.772,-759.572,68.808
1291.492,-618.052,-197.152
1121.180,-444.080,-324.032
1034.316,-416.996,-345.016
1169.004,-389.912,-441.152
1088.728,-331.108,-468.724
967.704,-305.976,-400.160
860.100,-281.088,-347.700
856.684,-252.784,-354.288
871.080,-264.252,-350.384
944.768,-303.536,-331.596
944.524,-316.468,-254.004
937.204,-310.612,-165.432
977.952,-335.744,-83.204
1060.180,-363.072,-11.712
1049.932,-339.404,8.052
1053.836,-314.272,70.760
1082.384,-357.460,156.160
967.216,-389.668,215.696
1133.868,-365.756,271.084
1284.904,-355.996,289.140
1363.228,-397.964,324.764
1374.208,-351.116,284.016
1243.424,-330.132,313.296
1389.580,-339.160,283.284
1655.296,-367.708,229.848
1629.188,-409.432,246.440
1371.768,-548.512,314.760
1000.644,-535.092,307.440
668.072,-162.504,20.008
144.448,204.960,-112.484
-334.524,444.812,-2.928
-203.984,604.876,-156.648
-42.456,797.148,-426.756
-196.664,907.436,-462.136
-350.872,959.652,-304.756
-273.768,960.872,-96.380
-111.996,960.384,93.452
28.304,998.692,302.072
101.016,1011.624,406.016
117.120,1015.284,340.624
35.136,1042.368,245.708
129.808,1095.560,-10.004
70.272,1099.220,-136.152
211.060,1105.564,-264.496
296.948,1098.000,-270.840
273.768,1115.812,-93.696
299.388,1059.448,-48.556
274.500,1013.332,-49.532
288.652,962.336,-80.032
202.764,893.528,-21.716
168.116,813.740,50.020
235.948,823.744,18.788
183.732,873.520,-29.036
247.904,890.844,-80.276
249.612,891.332,-86.132
259.860,901.580,-46.848
260.104,899.384,-17.080
275.476,864.004,33.428
258.640,852.780,41.480
231.312,871.080,23.912
213.256,879.864,-4.636
200.080,872.300,2.196
203.984,834.480,33.916
219.600,821.792,5.612
187.148,849.120,-19.764
227.652,895.724,-92.964
250.100,870.104,-65.880
215.452,847.412,28.548
190.808,861.564,42.700
148.596,911.828,-6.588
227.164,959.164,-79.056
286.700,978.440,-125.660
242.292,989.664,-96.868
194.468,981.612,-20.984
210.328,976.000,35.136
357.948,956.724,11.712
382.348,949.892,5.368
364.780,945.500,-20.496
264.008,954.040,-10.492
274.500,974.536,26.596
378.444,990.396,72.956
520.452,977.220,37.332
484.584,943.548,27.328
404.552,955.748,-39.772
335.744,998.448,-117.364
226.188,1057.740,-96.624
264.984,1103.124,-106.384
352.580,1072.624,-109.312
338.672,998.204,10.980
272.304,964.532,60.268
238.144,941.108,51.728
215.696,986.004,2.440
129.320,1053.348,15.616
90.036,1113.616,39.772
123.220,1175.104,28.304
230.336,1227.076,-23.180
254.980,1192.916,13.908
259.860,1123.620,24.644
258.640,1057.740,-35.380
227.164,1025.044,-60.756
218.868,1027.728,-106.872
223.504,1068.720,-155.672
207.156,1018.456,-91.744
240.828,928.664,-4.392
318.176,889.136,10.980
302.072,894.504,43.188
324.764,971.608,-45.140
315.736,997.716,-90.524
340.868,976.976,-76.128
350.140,915.976,35.868
397.964,882.304,91.256
398.452,926.224,53.436
342.820,966.240,14.884
274.744,951.112,7.320
342.820,956.968,-60.268
279.868,927.932,-27.816
293.532,926.224,-33.916
261.080,927.200,-16.592
268.400,933.544,-24.644
238.876,945.012,-17.568
258.396,957.700,-61.000
265.960,972.096,-102.236
164.212,967.948,-84.668
183.732,974.048,-128.588
125.172,970.876,-133.956
173.728,970.144,-165.920
201.788,920.856,-120.780
253.516,860.344,-105.652
223.016,808.616,-121.756
326.472,780.068,-95.160
468.724,669.536,-104.676
547.292,622.688,-60.024
461.404,526.064,11.468
480.924,455.548,-28.792
869.128,413.580,-307.196
1107.272,442.128,-621.956
817.644,274.744,-295.728
381.372,79.788,216.916
732.244,-7.808,329.156
575.352,-163.236,300.364
748.104,-169.824,133.956
1229.028,-192.272,-210.084
834.480,-168.360,-38.796
865.468,-388.692,398.696
1054.568,-459.452,229.360
1368.840,-400.160,-1.220
1208.288,-484.584,191.052
1333.948,-491.416,245.952
1300.032,-531.432,239.120
1239.520,-514.352,249.612
1297.104,-509.716,196.908
1131.428,-510.692,299.144
1222.196,-474.824,206.424
1164.368,-404.064,134.932
1087.264,-317.932,165.188
1021.384,-351.360,178.852
1057.252,-386.008,194.956
1114.836,-384.300,173.728
1250.500,-397.476,180.316
1278.072,-335.012,178.608
1321.748,-297.192,210.572
1548.424,-267.180,157.624
1721.176,-324.764,196.420
1830.732,-385.276,325.496
1821.460,-388.448,305.732
1752.164,-356.972,307.684
1748.748,-333.304,249.124
1650.660,-360.876,223.504
1559.160,-390.644,175.680
1449.360,-290.848,84.180
1303.936,-193.980,53.436
1223.172,-260.592,132.004
1155.096,-325.984,183.732
1138.504,-367.952,84.180
999.668,-415.776,129.076
864.248,-460.184,210.572
851.316,-426.268,170.312
848.144,-378.688,109.312
898.164,-387.716,-29.280
683.932,-405.284,28.304
565.836,-375.272,148.596
454.572,-371.856,223.016
437.492,-346.968,289.140
448.960,-320.372,176.412
597.312,-182.268,17.568
565.592,-149.328,2.928
565.104,-98.820,-45.384
447.252,-31.476,34.404
412.116,-28.304,87.840
539.728,-27.328,83.204
566.080,54.168,43.188
646.600,126.392,-66.368
764.208,144.448,-126.880
1003.816,101.260,-267.180
1107.272,101.504,-323.300
1030.900,95.160,-251.076
1048.468,102.236,-287.676
1128.988,63.684,-366.732
1158.756,50.020,-475.556
1123.132,74.176,-499.468
1053.836,71.736,-515.816
989.664,86.864,-523.380
853.024,98.332,-485.804
741.516,94.916,-445.056
661.728,76.860,-410.652
601.704,110.532,-386.008
525.088,90.036,-333.548
519.964,43.188,-281.820
448.716,32.696,-176.900
274.256,-23.668,28.304
275.232,-87.840,142.252
377.224,-105.164,191.784
420.168,-123.708,348.676
471.896,-120.536,486.780
561.200,-161.040,428.708
566.568,-164.944,500.688
528.504,-216.916,620.004
675.148,-282.064,757.620
727.364,-354.776,772.504
767.868,-322.080,814.472
739.808,-370.880,956.724
894.016,-426.512,903.044
1195.600,-402.844,751.764
1161.928,-458.232,745.664
1219.024,-474.580,878.888
1148.996,-548.268,941.840
1252.208,-604.144,884.744
1282.220,-596.824,779.580
1324.188,-552.416,704.916
1367.132,-573.644,630.984
1399.340,-623.664,586.820
1366.888,-654.164,509.716
1500.600,-667.828,355.020
1587.220,-704.672,204.228
1601.860,-640.500,18.544
1427.400,-618.540,-3.416
1297.348,-613.904,-39.284
1272.704,-565.348,-117.364
1172.420,-520.696,-220.332
1135.332,-447.496,-274.012
1075.064,-400.892,-339.404
1082.384,-326.228,-405.528
1030.168,-277.428,-373.320
917.684,-275.232,-335.744
978.684,-261.324,-291.336
933.544,-308.172,-233.020
947.696,-330.376,-133.224
900.360,-357.948,-74.176
960.628,-367.220,-44.408
953.064,-357.704,31.232
1003.572,-364.048,86.132
908.656,-400.160,196.176
972.828,-386.496,248.148
1025.532,-353.800,237.900
1057.008,-408.212,250.832
1066.036,-377.224,265.716
1336.388,-386.740,368.440
1464.732,-414.312,452.376
1521.584,-368.928,272.548
1622.112,-375.272,-54.656
1482.300,-478.484,-5.368
1063.596,-721.020,505.568
942.328,-683.932,613.172
856.928,-519.476,304.512
638.304,-167.872,-65.880
-631.960,454.084,-20.252
-1038.952,965.752,114.924
258.152,998.692,-248.636
21.716,1028.460,-184.220
-267.424,1024.068,-46.848
-187.636,889.868,104.676
-223.260,866.688,237.656
17.324,1067.744,-14.640
-116.388,1090.680,43.188
-80.764,1012.356,50.752
-119.560,1072.868,49.776
-116.388,1109.712,84.180
18.544,1118.252,-43.676
19.276,1077.016,-97.600
187.148,1141.676,-348.432
90.280,1136.552,-270.596
59.292,1104.588,-162.504
119.316,1072.624,-98.576
112.972,1025.044,-2.928
216.428,960.628,-50.264
180.804,929.152,-20.496
113.460,905.972,63.928
167.384,895.236,12.200
161.772,900.360,14.884
217.160,920.368,-4.392
271.816,935.984,-29.280
243.268,948.916,-6.832
251.564,948.916,27.572
273.524,937.692,50.752
304.512,948.916,4.636
302.072,955.260,-97.844
184.952,969.656,-72.468
180.316,949.160,-45.140
198.616,954.772,-11.956
190.808,922.320,39.528
191.296,901.824,81.984
220.820,942.328,19.520
158.112,953.308,34.648
218.624,965.020,6.832
176.412,925.492,17.568
119.804,900.116,16.592
144.448,964.044,-41.724
46.848,915.488,33.184
68.076,899.628,23.912
225.700,939.400,-66.124
124.684,867.176,40.748
246.196,931.348,-17.568
188.856,976.976,39.528
54.656,996.008,91.988
216.916,1106.052,-72.468
154.940,1120.204,-52.704
15.128,1056.276,30.500
95.404,1016.748,17.812
151.036,1010.404,19.032
47.336,940.132,93.940
219.600,967.460,-59.536
203.984,1013.088,-62.220
242.048,1044.320,-30.012
181.048,1053.836,65.392
84.180,1006.012,155.184
126.148,985.028,91.256
146.156,980.636,13.176
166.408,993.568,-14.152
122.000,1008.940,5.368
136.152,1052.616,3.416
174.460,1052.128,-12.932
119.072,996.984,72.956
210.328,984.540,42.700
119.072,970.144,101.748
156.404,988.444,41.968
182.512,1025.776,-37.332
101.748,1003.328,-17.080
189.588,1021.140,-87.108
204.472,1041.636,-93.208
234.240,1011.136,-71.980
229.604,1033.584,1.220
193.736,987.468,120.536
185.196,952.576,129.564
218.136,967.460,40.992
181.780,948.184,14.640
253.516,966.972,-57.096
204.960,987.712,-28.304
197.152,985.028,-4.148
155.184,982.100,22.204
131.760,1009.672,11.468
83.204,1023.092,6.100
171.288,1026.752,-43.920
114.436,1048.224,-56.852
-33.916,1130.940,-5.856
137.616,1137.528,-116.144
-24.644,1050.908,-34.892
104.676,1073.112,-82.960
246.440,937.448,-25.620
240.340,806.176,71.980
636.596,763.720,-194.956
590.480,684.176,-249.368
562.176,745.664,-198.860
462.624,654.896,-167.384
173.972,581.208,79.788
101.016,477.020,287.432
435.296,318.176,172.996
372.100,96.624,86.864
412.360,68.564,-112.972
858.392,-6.344,-439.932
400.892,-227.408,-128.344
528.016,-388.692,457.012
1006.256,-477.508,229.360
877.912,-404.308,-157.624
1106.052,-656.360,78.812
1202.676,-877.912,348.676
1017.724,-912.804,440.664
1204.384,-783.240,326.960
1410.320,-712.968,79.300
1262.212,-760.060,181.292
1125.816,-819.108,411.384
1059.448,-775.432,387.228
1118.252,-661.728,304.268
1171.932,-583.892,164.212
1104.588,-502.152,84.912
1019.676,-466.284,136.152
1041.392,-474.580,125.416
1039.684,-479.460,106.872
1143.384,-445.788,40.504
1060.180,-447.984,51.728
1049.688,-447.740,61.000
1065.792,-440.420,66.124
1137.528,-453.840,67.344
1202.676,-462.868,116.388
1232.444,-454.572,127.612
1363.472,-443.348,95.404
1434.720,-414.068,56.120
1484.496,-370.636,40.504
1487.668,-376.248,122.488
1442.528,-425.048,269.620
1476.444,-429.196,282.552
1513.288,-447.740,239.364
1457.412,-460.184,264.252
1464.244,-447.008,223.992
1579.656,-401.624,94.428
1535.248,-370.880,91.744
1386.408,-412.604,167.628
1294.908,-413.824,116.632
1192.184,-358.436,131.272
1016.992,-322.812,169.824
940.620,-296.216,155.672
898.164,-319.152,112.972
914.024,-284.748,10.736
857.172,-294.508,6.588
659.532,-330.376,104.432
600.972,-316.468,69.540
550.952,-192.028,14.152
504.104,-214.964,20.984
506.300,-193.736,39.040
454.084,-84.912,54.656
381.372,-20.984,50.020
436.516,-18.300,33.916
600.972,-35.624,-35.868
684.176,-20.984,-61.488
698.816,35.624,-84.180
724.924,26.352,-126.148
840.580,41.724,-229.360
912.316,64.904,-315.736
966.972,83.448,-412.360
1011.136,110.776,-479.948
953.308,104.920,-532.652
860.100,163.480,-512.400
824.232,191.540,-510.204
808.128,147.132,-512.156
836.432,108.824,-509.228
759.084,122.244,-442.616
649.284,108.336,-350.872
632.692,71.980,-318.908
619.516,7.076,-285.968
665.144,20.496,-260.348
582.672,20.740,-156.892
403.820,15.616,-14.884
384.788,45.140,101.016
339.892,18.300,196.664
337.208,64.660,267.180
433.588,-20.740,339.160
574.132,-71.248,487.756
544.852,-142.008,679.296
754.936,-172.020,707.356
889.868,-184.220,738.100
909.144,-242.048,909.388
1019.188,-327.448,974.048
1222.196,-392.108,942.572
1228.296,-337.452,915.488
1245.864,-324.276,876.448
1187.304,-368.196,755.424
1266.848,-366.732,745.664
1283.684,-340.868,653.676
1428.620,-336.232,519.720
1448.384,-345.504,269.376
1375.916,-308.660,250.100
1414.468,-342.576,210.328
1400.316,-332.572,76.372
1434.476,-342.088,-63.684
1430.328,-357.460,-197.152
1388.848,-416.996,-147.620
1405.196,-419.924,-234.728
1309.792,-392.108,-294.508
1269.532,-336.720,-348.920
1246.596,-336.720,-400.892
1229.028,-327.692,-404.064
1173.640,-311.588,-366.000
1032.120,-295.240,-261.080
922.564,-288.164,-165.432
946.720,-287.676,-119.072
958.676,-296.460,-72.956
904.264,-285.968,-69.540
974.780,-240.340,-51.484
967.216,-236.924,-51.972
1004.304,-252.296,13.908
1017.968,-252.052,41.968
1099.220,-262.300,84.180
1104.832,-284.260,159.576
1179.984,-299.632,178.120
1133.868,-331.352,181.536
1091.900,-302.072,195.200
1155.340,-227.164,206.424
1222.196,-218.380,240.828
1431.792,-228.628,305.488
1729.960,-200.568,103.456
1716.540,-249.856,12.444
1570.628,-452.864,236.436
1671.156,-553.148,131.760
1069.208,-652.944,360.144
533.140,-356.972,265.228
-228.872,92.720,150.060
-765.672,596.580,-11.956
-619.028,655.384,-223.260
-445.788,690.764,-239.364
-479.948,780.556,-80.276
-537.776,820.816,93.696
-490.928,925.492,160.308
-284.748,957.456,143.228
-52.948,1063.596,91.256
141.520,1238.056,-49.532
103.456,1346.636,-117.852
12.932,1324.676,-47.580
53.192,1291.980,-78.324
-10.248,1171.444,-4.392
83.204,1076.772,-16.592
161.528,1018.456,-39.528
0.732,991.128,65.392
76.860,1000.888,-15.616
-16.836,983.564,-0.732
-84.180,960.384,27.084
40.260,991.860,-58.316
168.604,982.832,-109.800
264.984,985.516,-44.408
178.120,959.164,117.120
205.448,972.096,111.752
266.692,1017.480,5.124
191.052,999.912,-4.880
98.820,963.556,27.328
84.180,935.984,26.840
101.992,915.976,-20.008
61.488,896.700,-1.464
186.416,909.144,-39.528
242.780,945.012,-21.472
189.344,955.016,86.132
189.100,984.784,81.008
165.920,1005.280,46.604
171.288,977.220,52.948
201.788,903.288,148.108
240.828,874.008,230.092
264.740,880.840,206.912
251.808,909.876,138.104
253.272,925.004,78.080
221.064,919.880,99.308
204.960,908.412,116.144
215.696,919.880,84.180
215.208,931.104,60.024
266.936,920.856,54.900
248.392,922.076,60.756
230.092,941.108,56.120
259.128,954.040,14.884
225.456,950.136,8.052
256.200,957.700,-16.104
261.568,941.108,-25.864
230.336,905.728,13.176
235.948,890.844,3.904
237.900,913.536,-17.080
235.948,914.756,-32.940
173.972,893.040,-11.224
149.816,906.948,-1.952
215.208,955.260,-64.660
265.472,981.856,-96.136
236.192,987.712,-39.772
214.232,991.372,-3.904
264.252,1004.792,-35.136
227.408,993.324,-12.932
198.128,998.936,4.880
192.272,1017.968,-18.300
191.052,1051.884,-71.736
229.848,1076.528,-148.108
220.576,1086.532,-130.784
229.604,1110.444,-131.272
297.680,1094.096,-98.576
371.856,1030.168,-33.916
324.276,980.148,76.372
294.508,935.008,117.608
309.148,931.592,40.016
274.500,925.736,-38.796
213.012,912.560,-86.620
178.120,946.964,-126.880
117.364,1006.988,-155.916
159.576,1031.876,-181.048
179.096,1013.576,-109.800
206.424,984.296,-34.160
246.684,972.828,7.808
272.304,1018.944,-7.320
293.532,1087.020,-87.108
244.976,1111.664,-110.044
234.728,1098.732,-95.404
256.688,1067.988,-75.152
249.612,1038.464,-49.776
218.136,997.472,15.860
284.016,980.392,40.992
274.988,974.536,27.084
220.820,970.144,24.888
217.648,957.212,3.172
233.264,939.156,-41.236
233.020,931.348,-43.188
307.928,962.824,-84.912
287.432,994.056,-49.288
254.492,956.480,46.116
280.600,922.320,61.488
356.972,927.444,-9.028
326.228,922.076,-20.740
278.404,920.612,-14.884
206.668,954.284,-32.208
126.392,975.268,-33.672
185.440,965.752,3.660
239.608,906.704,69.052
172.752,848.632,150.792
35.624,793.000,135.176
-28.792,758.840,91.500
105.408,663.192,-17.324
69.784,517.524,-1.708
180.560,384.056,20.252
437.736,135.908,54.412
590.724,54.656,94.428
650.504,-9.272,78.324
607.316,-207.888,178.852
492.148,-432.124,305.488
1157.780,-417.728,94.184
1518.412,-558.028,-494.588
1164.856,-513.376,-63.440
1018.212,-655.628,391.620
1160.708,-681.004,293.532
1321.016,-649.284,43.920
1332.728,-676.368,26.840
1100.684,-805.932,318.420
1199.992,-838.628,427.976
1358.836,-821.304,420.656
1349.564,-746.884,320.860
1245.620,-654.896,293.776
1236.348,-594.628,305.732
1381.040,-536.312,287.676
1502.796,-461.648,239.608
1536.468,-424.316,177.388
1544.764,-413.824,219.112
1592.832,-438.468,240.828
1677.256,-496.052,192.760
1710.196,-445.544,158.844
1783.152,-487.024,137.860
1718.980,-566.080,258.152
1685.796,-591.700,296.704
1590.392,-572.912,183.000
1585.512,-533.140,119.804
1442.772,-611.464,234.972
1310.524,-601.460,287.920
1301.740,-581.696,159.820
1179.252,-493.612,77.836
1086.044,-392.108,1.708
1010.892,-406.748,-17.324
813.496,-428.708,-21.228
869.860,-370.148,-73.688
796.172,-348.432,-179.340
775.188,-308.172,-284.992
752.496,-269.132,-367.952
607.560,-224.968,-339.404
673.928,-178.852,-457.988
685.152,-129.564,-552.904
596.580,-78.324,-563.640
506.544,-30.012,-593.164
471.408,15.860,-586.332
470.676,37.576,-621.224
417.972,81.008,-635.620
325.252,145.912,-601.948
288.408,216.672,-568.276
288.408,236.924,-575.352
321.592,212.036,-540.460
318.176,187.392,-483.364
209.352,132.004,-351.604
182.268,127.368,-199.348
97.844,142.496,-68.564
97.844,131.272,37.332
208.132,104.676,107.604
164.456,101.504,206.668
89.060,172.264,334.768
131.028,120.780,471.164
232.044,5.856,656.604
466.772,36.600,676.612
506.788,10.736,679.052
603.168,-77.592,690.764
732.976,-135.664,701.988
721.996,-120.780,755.180
814.716,-123.220,784.216
809.592,-209.108,768.600
865.468,-262.788,767.136
948.428,-107.848,709.308
892.552,-106.140,812.764
975.024,-200.080,814.960
1194.868,-242.292,662.948
1322.968,-244.732,524.356
1299.544,-190.076,596.580
1267.824,-231.556,654.408
1388.848,-291.580,598.532
1589.660,-351.116,402.600
1710.684,-284.748,280.844
1555.256,-290.116,343.064
1389.580,-367.220,400.892
1482.544,-403.576,382.592
1515.240,-387.960,290.604
1499.868,-317.932,212.280
1346.148,-359.412,278.160
1370.060,-368.196,126.636
1469.856,-360.388,-80.276
1424.960,-312.076,-164.456
1248.548,-276.208,-89.060
1224.636,-247.416,-77.836
1150.460,-226.920,-109.312
1067.012,-208.376,-111.020
1194.136,-110.776,-176.900
1182.668,-74.176,-236.680
1159.732,-72.712,-201.300
1154.120,-79.788,-140.788
1050.664,-89.548,-44.652
1121.424,-90.280,43.432
1117.276,-110.288,65.148
1079.944,-124.196,76.860
1128.012,-115.412,76.128
1012.844,-99.552,81.496
1070.916,-82.960,108.092
1024.312,-69.540,154.208
1003.572,-58.072,167.384
957.700,-43.676,244.000
972.828,-20.740,287.920
965.752,-31.232,308.416
1048.956,-46.604,304.512
1112.152,-23.912,216.184
1008.696,-21.472,191.052
983.320,-17.080,234.972
940.376,-8.540,254.736
1132.648,-9.272,246.440
1138.992,-5.612,260.592
1206.824,0.244,261.812
1192.916,21.716,274.500
1079.456,40.748,269.376
1127.036,90.524,276.208
1093.120,145.180,262.300
951.112,100.040,288.652
1043.100,170.068,189.588
1192.916,259.860,35.868
995.764,425.048,139.812
893.040,363.316,162.992
983.320,449.448,148.840
1017.236,438.468,105.652
900.116,399.916,20.740
298.168,484.584,256.200
-37.088,575.352,305.732
-142.252,765.428,137.860
-15.372,871.812,11.956
60.268,884.988,6.344
-3.660,900.360,73.932
-18.544,904.020,156.160
142.496,921.832,185.440
161.772,954.040,150.792
125.904,994.300,92.232
125.172,1032.608,0.976
131.272,1002.596,-51.240
144.692,942.328,-17.324
115.900,950.136,29.768
97.356,972.828,30.012
128.588,974.292,40.260
149.816,977.220,27.084
110.532,996.984,14.396
158.600,1029.680,-58.560
124.196,1045.052,-61.000
124.196,1036.512,-13.908
152.988,1022.604,13.908
109.556,974.780,75.884
214.232,1004.060,12.200
223.748,1038.708,-18.300
174.216,1026.020,-0.732
152.256,1013.332,77.836
213.256,1032.364,70.760
151.280,1005.768,99.064
201.788,982.588,60.512
262.056,971.120,30.256
213.256,973.560,51.240
213.744,967.460,28.792
265.472,974.536,-55.876
226.676,994.544,-67.832
201.056,970.388,-12.444
214.232,945.500,1.708
235.948,913.780,75.396
204.228,910.120,134.444
237.412,940.376,132.736
221.796,968.680,93.696
203.740,967.460,78.568
210.816,989.908,23.912
212.036,997.228,8.052
242.536,1030.656,-26.352
196.420,1006.988,-5.368
174.216,964.044,24.156
233.264,957.944,3.904
187.148,945.988,46.116
165.676,930.372,56.608
222.772,913.292,31.720
249.612,952.576,6.100
227.652,969.656,29.036
246.440,981.612,17.812
281.088,1007.232,-6.100
257.908,1006.988,17.568
223.016,987.956,63.928
229.116,976.244,82.960
231.312,971.364,68.320
223.504,976.976,49.044
221.064,981.368,31.720
195.200,967.704,33.672
231.556,958.676,15.860
220.820,951.356,45.628
221.796,954.772,47.824
219.600,962.580,32.208
204.472,954.040,57.340
242.780,959.652,37.576
269.620,977.708,23.668
242.048,987.712,33.428
234.240,992.348,50.752
212.280,979.416,76.860
212.280,981.612,57.828
227.164,990.884,30.500
229.604,978.196,28.548
273.036,999.180,3.172
243.756,992.836,48.556
232.776,985.516,60.756
215.696,1000.400,51.728
183.488,1005.768,56.364
206.180,1006.500,53.192
221.064,1023.824,45.628
228.872,1031.876,58.316
222.040,1028.948,68.076
211.304,1024.068,81.740
189.588,1030.656,77.836
177.876,1051.152,51.728
172.508,1071.648,38.308
143.960,1066.036,77.592
145.424,1048.956,131.272
168.360,1034.804,156.160
134.444,1034.316,134.200
81.496,1077.016,103.456
30.500,1097.756,74.176
111.020,1072.136,13.420
128.344,1025.776,-25.132
123.952,916.708,-49.288
140.056,790.072,39.772
71.736,708.576,154.940
82.716,749.324,140.788
243.024,784.704,32.452
431.148,760.304,-115.656
383.324,704.672,-166.408
254.004,551.684,-54.168
323.300,372.344,199.592
553.636,226.920,335.256
694.668,210.084,264.008
540.704,181.292,201.300
445.056,103.212,173.484
502.640,-20.496,111.020
669.292,-143.716,131.272
777.628,-254.248,229.604
600.484,-380.152,264.252
658.312,-443.836,130.784
705.648,-465.064,102.236
817.888,-579.012,185.440
1057.496,-598.288,209.108
1320.772,-623.420,262.056
1359.324,-689.544,385.764
1498.892,-690.032,310.612
1466.684,-712.724,284.504
1266.360,-679.296,315.492
1226.344,-592.432,337.208
1252.208,-538.020,287.920
1185.840,-530.212,267.424
1170.712,-500.444,236.436
1145.336,-485.316,186.660
1085.312,-474.092,176.900
977.952,-451.644,200.568
986.492,-438.712,185.440
1010.404,-450.912,194.712
1042.612,-458.720,176.656
1093.364,-441.152,98.820
1079.212,-423.828,86.376
1056.520,-448.716,156.404
1018.456,-496.784,188.124
1059.936,-480.924,212.524
1232.200,-469.944,162.504
1320.040,-526.064,177.876
1340.780,-559.004,230.824
1426.424,-558.760,246.196
1536.712,-561.200,233.996
1596.492,-539.240,161.528
1586.000,-507.032,105.408
1571.360,-499.956,147.864
1549.400,-524.356,139.812
1523.780,-524.600,177.876
1403.732,-505.812,220.576
1306.376,-499.712,221.552
1208.532,-504.592,220.088
1217.804,-445.056,156.892
1202.188,-391.376,99.796
990.152,-370.148,135.908
996.740,-378.688,131.516
925.980,-391.864,60.512
813.496,-292.556,-14.152
739.076,-238.876,67.100
577.792,-242.048,91.500
620.980,-211.548,18.544
668.560,-220.088,-61.732
596.580,-153.232,-68.808
402.600,-128.100,-25.132
394.304,-25.864,-60.024
405.040,-8.052,-114.192
439.688,63.928,-141.764
529.480,94.672,-156.160
620.248,92.720,-183.000
708.088,110.776,-180.072
785.680,99.796,-216.184
938.180,94.184,-304.756
1020.408,86.864,-352.580
1017.724,56.608,-395.036
1220.244,80.764,-556.076
1193.892,59.048,-628.300
1034.560,93.208,-576.816
989.908,81.984,-578.768
969.656,71.004,-644.892
936.960,122.732,-759.572
793.000,124.928,-835.700
628.300,124.196,-790.072
502.640,122.488,-677.344
303.292,67.100,-524.844
154.940,57.096,-336.476
-68.320,47.580,-123.952
-74.420,45.384,59.048
-140.056,20.008,226.920
-39.284,-8.540,360.876
40.992,-55.388,438.468
285.480,-99.796,576.084
386.008,-157.136,751.032
580.476,-164.944,926.224
763.720,-150.792,984.052
900.848,-243.024,978.684
1008.696,-227.652,938.180
1080.432,-263.276,909.876
1169.248,-288.164,995.764
1171.688,-327.204,968.436
1180.716,-315.248,921.588
1214.144,-312.320,927.932
1349.564,-360.144,731.268
1400.560,-333.792,591.700
1374.940,-279.624,658.800
1358.104,-407.724,646.356
1506.456,-475.312,520.452
1499.868,-477.508,410.896
1517.680,-425.048,329.888
1527.684,-456.036,193.248
1415.200,-494.588,118.584
1369.572,-470.188,17.812
1483.520,-399.672,-132.736
1462.048,-374.784,-228.872
1199.016,-374.296,-286.944
1315.648,-252.784,-369.172
1303.448,-240.584,-374.052
1121.424,-202.032,-345.260
1185.840,-155.916,-298.168
1067.988,-163.236,-228.628
1074.332,-124.440,-204.472
1033.340,-103.944,-190.808
954.772,-108.824,-174.704
994.788,-84.424,-122.732
1004.548,-123.708,-24.888
980.636,-102.236,67.832
1010.404,-138.348,166.896
1068.720,-138.592,217.404
987.468,-181.780,255.956
1043.588,-138.104,263.764
1066.036,-83.448,270.352
1145.336,-106.384,335.500
1244.156,-92.232,367.220
1347.124,-130.296,463.844
1400.072,-142.496,501.664
1423.740,-194.224,417.240
1468.392,-158.112,193.248
1181.936,-261.812,291.580
1169.980,-271.816,275.720
879.376,-74.420,92.232
250.832,178.608,98.820
45.140,415.288,18.056
-81.496,613.416,57.828
181.048,748.348,6.832
192.516,935.008,43.920
114.924,954.772,67.344
171.288,915.000,69.540
177.144,971.364,60.024
100.528,1049.444,2.684
153.720,1118.496,-90.524
235.948,1168.272,-185.684
167.872,1196.088,-123.464
158.356,1135.576,-49.044
326.228,1103.856,-132.492
228.384,1098.488,-66.124
205.936,1084.824,-52.460
253.760,1046.028,-74.420
283.284,985.028,-62.220
230.336,937.204,17.324
300.364,879.864,7.564
376.248,871.324,-23.668
275.720,870.348,116.876
334.036,898.408,93.208
282.064,926.224,81.984
328.180,935.984,46.604
313.296,936.228,55.388
303.048,888.160,87.108
341.112,875.472,100.772
396.988,886.940,36.356
459.208,926.956,-34.892
375.760,927.932,-25.620
329.400,939.888,-56.608
330.132,906.460,-55.144
387.716,868.396,-40.260
351.848,863.028,6.344
360.144,889.868,-15.860
305.732,904.508,0.244
307.440,890.112,-0.244
414.068,871.080,-44.652
354.532,879.376,-7.564
238.876,930.128,14.396
236.680,971.608,-19.032
296.704,966.728,-7.808
334.280,954.528,4.148
253.272,932.812,39.528
162.992,934.764,44.652
173.240,936.228,2.196
197.640,935.984,-5.612
204.716,965.264,-39.040
79.544,1018.212,-1.220
85.156,1042.856,-0.976
144.448,1033.584,-7.076
233.752,1021.384,-1.220
271.328,998.204,38.064
231.312,1031.632,58.560
235.704,1022.848,57.584
282.552,1030.412,48.800
237.168,994.300,107.604
272.548,947.208,69.052
316.224,940.132,17.812
355.508,913.536,-40.992
267.668,903.776,-55.876
145.912,920.856,-58.560
101.260,957.944,-112.240
149.572,924.760,-124.928
179.584,924.516,-98.088
121.268,963.312,-34.648
111.264,963.068,44.896
228.140,982.832,53.680
214.964,970.388,132.004
280.356,998.204,80.032
311.344,1033.096,-2.196
211.304,987.712,3.660
282.796,1021.628,-104.432
251.808,1028.460,-106.384
166.896,987.956,-76.616
203.740,992.104,-148.840
213.988,1018.456,-148.840
186.904,998.692,-113.460
241.072,999.668,-106.628
254.980,1002.596,-50.264
223.504,981.368,15.860
308.660,987.224,15.616
274.500,976.244,53.680
269.132,972.096,20.008
219.844,985.272,-10.980
217.404,983.808,-23.180
235.704,987.224,14.152
287.432,983.564,-9.760
246.196,1016.748,39.772
245.708,1021.140,92.232
241.804,1020.164,88.572
239.608,1016.504,73.200
275.232,1008.696,53.680
298.900,993.080,6.588
241.316,988.932,-12.688
169.336,994.056,-29.280
145.180,1004.548,-66.856
150.060,993.812,-73.932
298.900,960.872,-89.060
244.000,958.188,-31.720
175.680,952.576,17.568
263.276,955.748,-9.760
193.248,976.244,-6.588
186.172,1018.212,-53.680
132.004,1009.672,-50.752
111.508,933.788,-33.428
507.520,888.648,-169.580
611.952,901.824,-271.328
350.872,908.412,-100.284
175.924,850.828,64.660
156.892,777.384,145.180
309.636,723.948,76.616
438.468,705.404,-16.104
556.564,614.392,-132.004
561.932,584.868,-242.048
425.536,559.492,-176.900
509.716,486.048,-107.604
465.796,381.616,43.188
307.440,272.548,150.792
397.720,134.932,49.044
567.788,23.912,28.304
606.340,-86.132,58.560
542.168,-227.652,140.544
608.780,-330.864,223.504
780.800,-344.772,172.020
1130.940,-378.200,3.904
1055.300,-463.600,52.216
828.136,-585.844,229.360
1016.260,-643.184,438.956
1515.972,-716.872,283.284
1530.856,-770.552,294.752
1580.388,-738.100,332.328
1207.556,-641.476,230.336
1269.776,-517.280,111.508
1388.848,-495.320,31.232
1345.660,-490.440,20.252
1200.480,-546.316,142.008
1230.248,-551.928,145.668
1180.960,-558.272,115.168
1085.556,-509.716,155.916
1029.924,-476.044,140.544
1016.260,-477.020,124.684
1029.924,-484.584,136.884
1005.280,-491.660,142.984
996.008,-461.160,87.840
999.424,-432.124,75.884
1027.484,-434.320,105.164
1065.060,-443.836,132.736
1155.828,-474.824,130.296
1192.672,-456.768,145.424
1220.000,-416.020,170.312
1385.188,-385.276,273.036
1587.220,-445.788,227.896
1674.084,-458.964,171.044
1809.748,-480.192,103.700
1817.312,-520.940,159.576
1820.972,-500.200,146.400
1809.260,-508.496,176.412
1801.452,-524.600,231.068
1637.484,-523.868,289.384
1610.644,-498.004,284.504
1470.832,-524.600,178.364
1363.472,-479.704,121.268
1270.996,-521.672,83.448
1029.680,-563.152,179.340
803.980,-557.052,244.244
607.316,-488.244,264.008
568.276,-461.160,222.528
496.296,-389.668,141.764
497.760,-342.576,-21.472
371.124,-323.300,-66.124
331.840,-267.180,38.308
194.956,-227.652,103.944
252.052,-149.328,54.900
231.800,-51.484,-20.496
312.076,50.508,-86.376
375.272,89.792,-151.036
473.116,132.492,-153.964
532.408,157.380,-135.908
584.868,125.416,-110.288
774.700,64.172,-141.764
962.580,31.476,-273.768
1155.584,52.704,-469.212
1073.356,87.108,-608.292
1176.812,132.248,-721.996
1140.944,106.140,-757.376
1100.684,103.212,-758.352
1018.212,87.352,-717.604
877.912,70.028,-649.772
785.192,66.368,-595.116
621.224,38.796,-511.668
555.100,68.808,-441.396
467.260,57.096,-392.840
406.260,27.572,-304.024
351.116,-3.660,-177.632
259.860,-51.972,-6.100
184.220,-90.280,112.484
126.636,-90.524,248.880
139.568,-87.596,424.316
287.432,-158.844,573.156
298.412,-208.376,671.488
422.120,-174.460,754.204
541.924,-176.412,821.548
650.016,-247.660,870.592
712.480,-273.036,894.260
694.424,-250.344,936.228
803.004,-260.836,1030.168
906.704,-347.700,954.528
990.152,-357.460,829.844
1138.504,-322.812,784.216
1100.196,-416.264,777.628
1285.880,-501.908,811.544
1470.832,-530.456,652.456
1493.768,-523.868,557.784
1578.680,-551.440,461.160
1745.820,-557.540,342.332
1566.480,-566.324,384.300
1521.828,-535.092,339.404
1509.140,-547.536,223.016
1385.188,-544.120,200.080
1363.472,-498.980,197.884
1197.796,-517.280,132.980
1304.424,-510.204,22.448
1367.864,-440.908,-219.844
1318.820,-376.492,-314.516
1301.496,-359.900,-264.740
1191.452,-351.848,-257.664
1235.372,-336.476,-252.540
1090.192,-349.652,-226.676
1103.612,-316.224,-148.840
1047.248,-334.768,-108.092
1018.944,-370.392,-10.248
1008.452,-356.972,55.388
937.448,-357.704,34.648
957.944,-334.524,74.176
942.084,-316.224,98.332
938.912,-289.628,126.636
990.152,-284.260,186.660
987.224,-275.720,203.008
958.920,-299.876,251.076
993.812,-297.680,267.424
1012.600,-320.616,296.704
1030.168,-316.712,298.900
1034.072,-312.808,309.148
1062.132,-304.268,313.540
981.612,-304.756,343.308
1131.916,-295.484,328.668
1246.596,-320.128,332.328
1312.964,-347.700,326.472
1275.632,-370.636,421.632
1203.896,-362.096,515.816
1386.408,-311.832,389.912
1512.556,-283.040,160.796
1240.252,-294.996,252.784
1089.460,-228.384,311.100
931.104,-144.692,387.472
909.144,-77.836,351.360
699.304,29.768,224.724
312.076,207.400,208.620
-31.720,394.792,153.720
-301.584,620.004,66.124
-177.632,865.224,-62.464
-100.284,961.848,-192.760
-179.096,988.688,-203.496
-140.544,969.412,-139.812
-13.908,979.660,-95.404
29.768,996.008,-41.480
68.076,1023.824,-83.204
-26.840,1026.020,-79.544
-78.812,1000.156,-43.188
23.424,1027.240,-103.944
-23.424,1056.032,-82.472
23.668,1049.688,-91.012
95.404,995.032,-81.740
177.144,994.544,-111.996
146.888,974.780,-61.000
175.436,1008.696,0.244
202.520,976.732,29.036
200.080,956.724,29.768
381.128,973.072,-102.968
289.140,978.196,-6.588
255.956,955.504,76.616
338.428,988.932,15.128
268.888,978.928,45.628
303.536,935.496,64.904
339.404,962.092,61.244
284.748,940.620,105.652
343.552,968.680,50.020
275.476,951.600,91.256
248.148,936.716,107.116
272.060,960.872,67.100
245.952,967.948,65.392
219.600,964.532,92.232
256.932,969.412,90.768
291.580,996.252,111.996
357.460,997.228,148.352
397.964,972.828,203.008
418.216,958.676,199.836
394.548,957.212,168.360
334.280,935.252,163.236
343.552,942.572,80.764
281.088,944.036,51.972
260.104,941.596,34.892
252.784,934.764,20.984
233.020,914.268,18.788
212.768,904.264,41.724
220.820,924.760,20.984
257.908,949.160,-46.116
276.208,986.980,-93.940
283.040,1001.132,-90.768
283.528,1011.624,-105.408
246.196,997.472,-90.524
268.888,997.960,-126.636
212.524,982.588,-96.136
213.012,985.760,-111.752
201.056,968.436,-88.328
222.284,944.280,-50.020
228.140,929.152,-30.500
228.872,948.184,-53.192
235.948,973.804,-101.748
230.092,999.668,-108.824
222.528,1006.256,-78.812
246.196,995.032,-81.984
263.520,979.904,-82.716
228.140,957.944,-26.108
218.624,956.236,-8.296
221.552,981.612,-30.988
245.952,972.828,-55.632
254.248,979.660,-46.604
233.508,962.092,3.172
204.228,979.416,19.764
191.296,1016.504,16.592
203.984,1013.332,16.348
195.932,1029.436,26.840
266.936,964.776,9.028
284.260,951.356,0.244
215.696,990.884,20.740
148.840,1030.900,14.396
112.240,1035.292,16.592
161.040,1021.140,-17.080
211.060,970.144,-15.860
192.516,911.584,29.280
243.512,864.248,65.636
291.580,859.612,38.064
339.648,864.492,-95.160
235.460,795.196,-3.416
109.068,692.716,116.632
64.416,582.184,132.980
176.900,478.240,158.844
415.532,402.356,58.316
322.080,309.148,97.112
313.784,158.112,145.668
131.760,-99.308,381.128
467.016,-189.832,212.036
703.696,-304.756,47.092
1085.312,-195.932,-188.124
932.812,-314.272,-37.088
909.632,-485.072,114.924
1211.216,-508.496,15.860
1399.340,-595.604,82.716
1572.824,-722.728,218.868
1596.736,-749.568,228.872
1393.972,-686.860,193.248
1477.664,-564.860,175.436
1417.152,-514.596,200.080
1299.544,-443.836,232.044
1268.312,-394.548,260.348
1076.528,-379.664,245.708
1121.180,-331.840,169.092
1206.824,-318.908,76.860
1085.800,-352.092,90.036
970.144,-352.824,110.044
958.432,-355.264,137.860
1031.388,-360.876,132.004
1059.204,-359.900,127.612
997.716,-367.464,115.412
949.160,-366.000,126.148
994.300,-338.184,106.140
1161.196,-316.956,81.984
1136.552,-354.532,186.904
1194.136,-378.444,242.536
1414.468,-389.668,158.844
1565.748,-345.260,103.212
1565.992,-275.720,185.196
1625.284,-282.796,406.748
1732.644,-456.036,488.732
2098.888,-519.964,202.520
2226.012,-599.508,-13.420
2113.284,-522.648,-83.692
1937.360,-567.788,-32.940
1700.924,-651.480,151.768
1442.772,-616.100,277.672
1329.556,-617.320,311.832
1251.964,-679.784,225.700
1209.752,-633.180,102.968
993.568,-600.484,108.092
837.896,-600.484,152.988
759.816,-568.032,136.640
697.352,-514.596,169.580
508.740,-487.512,200.812
472.628,-390.156,155.184
436.272,-317.688,117.120
351.360,-202.764,56.120
312.808,-91.256,43.676
356.484,-55.144,-60.024
531.676,-1.464,-177.144
550.220,32.696,-306.952
604.144,66.856,-474.336
650.260,78.324,-630.740
750.788,89.548,-672.220
692.228,159.088,-621.956
584.380,170.312,-576.328
518.256,218.136,-598.288
563.152,247.172,-593.164
567.788,262.300,-571.692
481.656,250.832,-530.456
536.800,241.072,-445.788
459.940,212.036,-393.328
482.632,212.280,-318.664
386.252,168.604,-228.384
356.240,178.608,-73.688
273.768,196.176,39.528
216.672,194.468,105.408
185.440,152.256,179.584
107.604,192.272,303.780
277.428,183.000,399.184
385.032,77.348,463.112
457.012,-14.640,548.268
559.980,73.932,681.980
592.188,-16.836,827.404
792.756,-120.536,717.848
900.360,-138.104,665.388
705.404,-48.556,830.088
686.860,-83.936,1049.688
932.568,-235.460,899.628
1146.068,-227.164,765.916
1027.972,-153.720,850.340
1106.540,-254.492,945.012
1191.940,-373.808,850.828
1315.160,-416.996,647.576
1397.144,-373.320,545.340
1121.912,-301.340,613.416
1177.544,-405.284,606.340
1604.788,-511.180,284.016
1982.256,-585.844,-78.812
1790.228,-495.808,-118.096
1536.468,-526.552,61.976
1412.272,-536.312,153.964
1453.264,-538.020,151.768
1674.084,-438.224,-91.744
2054.968,-366.488,-245.464
2036.668,-389.424,-243.512
1729.960,-465.308,-48.800
1708.732,-387.716,-22.692
1664.568,-373.076,-29.280
1544.764,-271.572,-134.932
1161.440,-195.444,-98.576
943.304,-109.800,-131.028
833.504,10.736,-274.744
408.456,101.016,-119.316
-247.416,485.316,-25.864
-358.680,728.096,104.676
325.008,566.324,-19.276
305.732,587.796,-33.184
292.556,625.616,-141.764
161.284,631.716,-15.372
14.884,750.788,-171.776
-82.960,934.276,-506.056
-140.300,907.924,-458.476
-76.372,842.532,-210.084
-35.380,882.060,63.684
13.908,982.344,95.648
95.648,1123.376,-62.464
42.212,1215.120,-101.504
-53.680,1239.520,26.596
-34.648,1199.016,114.436
2.440,1209.020,114.192
70.516,1215.120,1.952
13.664,1215.364,-35.624
54.656,1167.784,-45.384
131.516,1140.456,-72.712
87.840,1094.340,-13.664
72.712,1011.624,-11.224
158.112,992.836,-119.072
66.368,978.684,-50.264
83.204,939.644,-39.040
134.688,906.216,-40.016
94.184,875.960,45.628
120.780,824.476,70.760
253.272,901.092,-46.604
157.868,931.348,24.888
123.952,948.672,29.280
91.012,979.660,-3.172
105.408,1009.184,-26.596
58.560,987.956,3.416
183.000,979.904,-35.380
161.040,996.252,2.928
204.716,1012.112,-14.396
176.900,1033.096,-12.200
180.560,1010.160,7.808
228.872,1006.256,-47.580
181.780,988.932,-28.548
190.320,981.856,-54.168
118.340,964.776,-22.448
126.148,936.472,-21.716
143.960,927.688,-55.632
128.100,879.864,-40.992
150.548,868.640,-64.660
108.092,826.916,-37.332
165.920,795.928,-66.856
197.396,812.276,-81.984
146.156,808.372,-39.284
141.764,765.428,-43.676
176.412,799.832,-88.084
163.968,823.256,-70.516
258.884,848.876,-136.884
237.168,864.492,-65.148
267.424,873.032,-3.172
264.496,867.908,16.104
255.712,878.644,-45.384
232.776,878.644,-89.792
153.476,934.032,-71.004
189.344,1021.140,-102.968
281.820,1030.900,-105.652
356.728,1022.604,-74.420
385.276,971.608,-30.256
345.748,979.904,-19.032
301.096,985.272,-32.940
254.736,994.056,-15.616
406.016,1073.844,-115.900
401.380,1100.684,-115.900
393.084,1072.624,-115.900
348.676,1009.672,-42.944
458.476,991.860,-64.416
397.720,974.780,-19.276
228.872,989.420,64.416
135.664,1040.904,39.040
276.208,1139.968,-70.272
380.884,1192.916,-96.136
369.660,1151.436,-65.392
300.120,1060.180,36.844
274.012,964.532,64.172
287.432,952.088,21.960
210.084,967.460,-5.368
118.828,1059.204,-93.208
73.932,1090.924,-100.284
118.340,1136.552,-111.996
225.700,1127.768,-122.732
242.780,1069.696,-35.380
214.964,1010.892,47.336
244.732,956.236,69.296
269.864,964.776,49.288
292.800,961.848,6.100
259.860,964.044,-15.616
217.648,952.576,-10.004
204.960,937.448,23.424
191.296,935.252,45.140
294.996,933.544,-80.520
288.896,935.740,-63.928
270.352,944.768,8.540
329.888,969.168,-24.888
263.764,973.316,-4.392
226.432,975.024,-9.760
226.676,936.472,-33.428
375.028,936.716,-122.732
360.388,963.068,-87.840
250.832,936.472,-0.244
189.100,941.840,28.304
46.848,900.848,75.152
89.060,909.632,12.200
355.508,885.232,-200.568
399.672,919.636,-334.280
191.784,945.500,-239.364
1.220,937.204,-105.164
21.228,890.112,-51.728
107.604,716.628,-50.508
162.748,564.616,-46.848
343.064,370.636,-283.284
328.424,316.712,-272.060
442.128,179.828,-94.428
441.884,82.716,201.544
270.352,-77.592,373.320
442.860,-242.780,240.828
1006.256,-289.140,-64.172
1240.252,-580.964,-243.024
1132.648,-652.944,203.740
1051.884,-683.200,537.044
1183.400,-667.584,200.812
1569.408,-606.340,-215.208
1377.868,-617.564,-68.564
1199.504,-644.160,155.672
1326.628,-690.520,172.996
1386.408,-718.092,199.104
1326.872,-673.440,121.268
1169.980,-606.828,211.060
1115.568,-512.644,127.856
1044.564,-451.400,73.444
1067.256,-420.900,39.284
1003.816,-424.072,23.668
1016.260,-451.644,86.132
1011.624,-470.432,67.100
1009.428,-466.772,65.880
992.348,-450.668,28.304
1030.168,-433.344,18.300
998.692,-459.208,94.672
1051.640,-447.252,103.456
1123.376,-416.508,55.388
1260.992,-361.852,22.692
1273.680,-364.048,48.556
1416.664,-379.176,97.112
1483.032,-410.408,160.308
1605.276,-406.992,200.812
1673.596,-415.532,151.524
1712.636,-423.828,156.648
1697.996,-424.072,126.880
1625.040,-414.068,124.928
1562.576,-440.664,140.056
1493.768,-430.416,113.460
1468.148,-404.308,48.800
1440.820,-445.544,119.560
1351.516,-495.320,196.420
1266.848,-443.592,199.104
1151.924,-390.156,189.100
1145.092,-343.552,112.484
1048.224,-315.248,78.324
1106.296,-284.260,16.836
982.832,-302.804,24.156
1004.304,-315.980,29.280
947.696,-297.680,-6.832
903.776,-252.784,-4.148
700.768,-237.900,4.636
787.388,-163.968,-81.740
664.412,-115.168,-263.276
721.508,-21.472,-421.876
581.696,26.108,-514.840
540.704,94.184,-491.660
553.392,121.268,-557.540
520.208,113.704,-556.320
404.552,92.964,-489.464
377.224,119.804,-480.680
449.936,144.936,-529.724
415.532,183.732,-590.236
446.276,264.740,-636.108
417.972,244.000,-647.332
359.412,235.948,-551.684
306.220,239.364,-408.700
380.884,205.936,-377.956
463.844,167.140,-388.692
470.188,129.076,-323.788
510.448,119.072,-240.096
446.520,75.884,-88.572
462.380,79.544,-34.892
361.852,71.004,40.992
355.752,92.476,189.832
395.036,96.380,269.376
391.620,45.140,355.508
402.844,48.556,500.200
515.328,-24.400,572.668
598.044,-57.096,546.560
735.660,-58.072,561.688
830.088,-48.312,591.700
735.416,-115.412,701.012
923.296,-124.196,705.892
1028.216,-84.668,651.236
1011.380,-87.840,652.944
1115.568,-121.756,651.480
1142.164,-122.976,616.588
1289.784,-142.496,555.588
1276.364,-208.864,552.416
1324.432,-241.804,501.420
1355.908,-251.320,438.712
1301.984,-231.068,469.456
1276.364,-211.060,444.812
1350.052,-231.312,423.096
1462.292,-242.292,300.120
1519.388,-229.116,177.388
1484.740,-280.600,202.520
1539.640,-312.564,152.500
1504.260,-331.352,179.828
1523.292,-343.796,165.676
1459.120,-389.424,124.440
1470.588,-424.316,114.436
1446.676,-389.912,2.440
1419.348,-353.068,-61.000
1423.252,-331.108,-108.580
1356.152,-324.276,-162.504
1146.312,-294.752,-278.648
1138.260,-229.604,-223.748
1177.544,-237.900,-181.292
1387.628,-191.296,-283.528
1415.688,-229.848,-206.912
1092.632,-272.548,49.532
1110.932,-197.152,102.480
1018.944,-106.872,46.604
1066.524,37.820,-103.212
1262.212,113.460,-110.776
1420.568,114.436,91.256
1327.360,13.908,333.304
1361.520,34.648,196.420
1081.896,102.968,190.320
1015.528,260.348,106.628
1006.012,387.228,1.464
803.980,490.928,-6.588
161.772,603.656,250.100
144.692,721.020,224.724
469.944,683.444,-46.604
6.832,632.448,-33.184
-211.548,651.968,-73.932
-229.116,711.260,-78.568
-190.320,783.484,-112.972
-286.212,800.076,-46.604
-162.260,832.772,-60.512
-177.632,866.688,-38.796
-171.288,842.776,45.628
117.364,929.640,-97.600
1.220,936.228,5.124
-116.632,919.636,99.796
-73.444,935.252,0.976
-119.804,933.544,-38.796
-152.744,950.624,-15.860
28.304,1010.648,-81.008
-28.060,986.248,25.132
-3.904,979.660,18.056
141.520,1041.148,-94.184
217.892,1107.760,-164.212
132.980,1067.744,-55.388
170.068,1047.980,-45.628
153.720,1016.992,35.624
111.752,967.460,125.904
165.920,974.780,73.932
115.656,970.388,61.732
150.792,997.472,18.056
149.572,1003.328,18.788
140.056,976.732,54.900
173.728,975.268,67.100
143.716,950.868,88.328
118.584,954.284,65.392
162.992,1003.084,-1.464
144.204,1003.084,-19.764
110.288,970.876,11.956
121.268,944.036,13.908
197.152,970.144,-40.748
175.680,961.116,-16.348
183.488,970.388,9.760
203.496,981.612,24.644
174.948,1031.388,62.220
183.488,1011.380,79.300
219.112,996.984,60.024
217.648,983.564,43.432
197.396,986.248,55.144
233.508,974.780,60.024
231.312,964.044,94.672
250.832,941.352,141.276
272.060,941.596,155.672
268.644,964.532,152.744
248.392,971.608,127.124
210.572,964.288,128.344
212.280,962.824,122.488
195.444,950.624,137.616
198.616,961.604,104.432
198.860,971.608,72.712
178.120,956.236,91.012
212.036,976.244,81.252
221.064,1019.432,89.304
186.172,1008.452,100.284
174.216,1016.748,61.000
152.988,1024.556,22.936
156.892,1040.660,-23.668
182.512,1048.468,-56.852
221.064,1022.604,-51.728
201.544,1004.548,-25.376
143.228,965.508,-16.104
123.464,963.068,-50.508
101.260,982.100,-132.492
82.228,1039.928,-194.224
58.072,1034.072,-188.612
48.556,1000.644,-171.776
69.052,983.320,-153.232
71.492,954.284,-101.016
77.348,972.828,-95.892
86.376,986.736,-110.044
74.176,997.716,-86.376
71.492,987.956,-31.720
52.460,962.580,22.204
7.076,1007.232,16.348
-20.496,997.960,51.484
-80.764,1017.480,79.788
14.152,1086.044,-96.136
247.660,1048.956,-340.136
117.608,1028.460,-284.992
58.316,1038.464,-218.624
5.368,948.916,-125.172
-20.740,808.372,-29.280
-80.276,574.620,83.448
-104.676,339.404,260.836
17.812,171.532,309.148
109.312,135.176,175.924
224.724,-12.688,-164.700
434.320,-165.920,-37.088
588.284,-330.132,262.300
608.292,-493.856,559.980
723.704,-563.396,334.524
878.644,-681.980,128.344
1419.836,-707.600,163.480
1410.076,-813.008,296.216
1376.404,-810.568,490.684
1333.948,-731.024,412.360
1361.764,-610.732,269.132
1322.968,-592.920,196.664
1331.996,-577.548,134.200
1282.220,-563.152,172.996
1166.320,-605.120,321.348
1156.316,-578.524,290.116
1065.304,-572.180,267.912
999.912,-533.872,239.608
1033.584,-506.300,198.616
1101.172,-472.384,156.648
1045.540,-483.608,142.252
1000.156,-497.028,174.460
1028.948,-461.892,131.760
990.152,-422.120,57.340
953.064,-431.148,121.756
963.068,-423.828,83.204
981.124,-449.936,109.312
975.756,-456.768,150.060
983.808,-442.860,119.316
1035.292,-412.360,98.088
1099.952,-421.144,127.856
1209.020,-440.664,183.244
1282.464,-456.768,238.632
1356.640,-452.864,268.888
1540.616,-460.184,242.292
1717.028,-518.988,259.372
1784.128,-492.880,267.668
1784.128,-431.636,319.640
1787.544,-442.372,354.776
1865.868,-532.896,355.508
1787.056,-530.456,318.420
1655.296,-489.952,271.084
1598.444,-499.956,266.936
1551.352,-545.828,185.684
1486.692,-529.968,26.352
1226.100,-538.996,60.268
978.928,-545.828,178.608
740.540,-570.228,214.964
555.344,-543.876,197.152
364.292,-418.704,108.092
251.320,-314.516,20.252
138.592,-244.732,13.420
130.540,-165.676,-15.860
141.520,-69.296,-123.220
223.992,17.080,-134.688
334.036,34.160,-146.888
390.888,72.712,-184.220
375.272,125.172,-232.044
388.936,173.972,-192.028
699.548,182.268,-359.412
903.776,176.412,-535.092
985.516,207.644,-639.768
1022.116,175.436,-698.572
1128.988,173.240,-766.404
1097.756,143.228,-789.340
1103.124,152.012,-835.212
1052.372,147.864,-903.044
960.872,152.500,-905.240
801.296,155.428,-847.168
688.812,132.004,-742.736
526.796,89.548,-569.496
382.348,61.732,-396.744
285.724,56.608,-226.432
255.956,27.084,-146.888
329.888,-15.128,-34.648
252.784,-78.324,107.848
207.400,-83.692,227.896
172.508,-84.912,380.640
145.180,-99.308,525.088
274.012,-127.612,598.776
459.208,-129.076,759.084
546.316,-91.012,781.776
529.724,-72.712,793.976
673.440,-97.844,880.108
748.104,-216.184,1092.876
978.928,-299.632,1244.156
1088.728,-342.332,1131.672
1075.308,-293.532,1197.308
1030.412,-310.612,1317.112
1006.500,-437.980,1508.164
1294.908,-602.192,1382.016
1634.556,-507.520,1035.292
1474.980,-413.824,913.536
1613.572,-458.476,538.996
1718.736,-581.208,321.104
1936.384,-616.588,60.268
1849.276,-586.576,-318.664
1738.500,-549.976,-554.612
1754.116,-386.008,-866.444
1448.872,-241.804,-829.844
1254.648,-245.464,-632.692
1230.736,-282.308,-513.376
1210.484,-328.912,-397.720
1256.112,-287.188,-393.328
1175.836,-279.380,-249.612
1061.400,-278.160,-144.448
1078.968,-275.720,-54.656
1108.492,-262.788,-57.828
1122.644,-240.096,-17.324
1138.992,-208.864,27.816
1085.800,-220.088,98.820
1184.620,-241.560,175.192
1253.672,-262.056,216.184
1302.228,-323.300,284.504
1558.184,-299.632,302.072
1714.832,-354.776,456.524
1820.972,-444.080,350.628
1715.808,-472.140,168.360
1202.432,-560.224,421.388
826.184,-448.228,570.228
621.224,-17.812,183.488
-634.888,557.296,70.272
-599.752,997.716,-142.984
200.568,920.368,-419.192
-488.732,767.868,-50.508
-58.072,822.768,-217.892
-57.096,829.844,-137.372
-29.768,896.700,-122.732
14.152,956.480,-92.232
109.556,948.916,-27.572
176.656,895.236,80.276
224.968,886.940,41.236
157.624,977.220,-42.212
93.940,973.316,-32.696
204.472,1016.748,-170.312
144.692,1055.788,-185.684
93.452,1009.916,-88.084
114.924,944.036,-61.732
307.684,963.800,-189.100
173.728,958.188,-37.820
189.588,962.580,-29.036
245.708,1000.644,-96.624
345.016,1047.248,-149.328
273.280,1006.500,-41.236
344.772,982.832,-50.752
276.696,956.480,25.132
198.128,922.808,85.400
223.504,904.752,48.068
213.744,931.592,5.368
152.744,922.808,9.272
251.564,953.064,-114.680
232.044,992.348,-132.248
225.700,1003.084,-120.292
241.804,1007.476,-92.720
260.836,988.444,-65.636
285.968,955.016,-41.480
317.688,964.532,-51.972
255.712,973.072,-14.640
246.440,981.124,12.688
263.520,975.268,-17.568
229.848,964.532,-5.124
267.424,952.332,-50.020
193.004,958.676,-37.088
244.488,959.652,-90.280
235.460,973.316,-111.508
187.636,961.116,-50.752
171.776,940.132,-14.396
252.052,973.316,-75.152
215.940,961.604,-37.088
202.032,940.132,0.488
228.140,951.600,-27.816
269.376,985.272,-66.856
240.828,977.952,-49.044
323.544,984.296,-102.480
228.140,1018.456,-46.848
223.260,980.880,-32.696
222.772,982.588,-40.992
213.500,955.504,-33.672
186.904,946.232,-18.788
208.864,941.840,-50.020
156.648,953.308,-45.628
168.360,945.256,-61.488
218.624,975.024,-122.732
175.436,967.216,-81.008
197.152,960.140,-72.468
237.900,988.200,-91.500
230.824,965.508,-45.384
256.932,961.604,-34.404
257.664,950.624,-18.300
283.040,934.276,-37.820
258.884,940.376,-28.060
293.044,980.636,-77.836
224.480,980.880,-50.264
222.284,977.464,-58.072
188.124,968.680,-45.628
186.904,948.672,-49.776
259.372,968.192,-138.348
220.820,978.928,-113.948
189.344,960.872,-80.520
209.840,983.564,-62.220
195.688,966.240,-16.348
199.104,946.964,-5.368
248.636,936.716,-51.484
295.728,971.120,-107.848
275.720,999.668,-104.188
232.776,1003.328,-52.460
204.228,1015.528,-29.524
241.804,994.056,-49.532
277.672,979.172,-82.472
233.020,973.804,-65.636
202.764,983.808,-48.800
195.200,982.588,-39.528
183.976,958.920,-49.288
224.724,962.092,-105.896
206.180,970.632,-106.628
196.176,959.164,-80.276
185.928,936.960,-50.508
203.008,935.252,-49.776
210.084,932.324,-58.316
229.848,954.528,-94.672
227.408,961.360,-90.768
225.944,957.944,-80.276
233.020,945.988,-72.224
270.596,934.520,-69.784
285.480,937.692,-64.904
280.600,913.536,-16.836
363.804,918.660,-38.308
457.744,965.508,-68.320
555.832,964.776,-62.464
649.040,921.100,-13.176
663.192,860.344,8.296
465.552,766.648,84.180
317.444,732.000,51.484
271.816,726.632,-63.196
248.880,777.628,-137.372
261.324,861.076,-173.240
215.696,890.600,-170.312
187.636,916.464,-184.708
132.248,967.460,-197.640
65.880,1028.948,-182.024
48.800,1033.096,-133.468
89.304,1013.088,-132.980
148.840,1015.284,-173.972
200.324,1003.084,-244.244
120.780,1005.036,-239.364
-42.944,1014.796,-139.080
-23.668,1009.184,-127.856
86.864,1026.752,-214.232
53.192,1008.940,-189.100
9.028,982.100,-128.100
-57.584,915.976,-59.536
-78.080,965.752,-29.036
-14.884,997.960,-24.888
54.900,1108.736,-82.960
109.068,1132.404,-34.648
165.188,1084.092,40.504
124.684,1008.452,129.808
84.180,981.124,137.128
59.292,1002.352,105.896
59.292,1077.260,55.144
55.632,1105.320,41.724
114.924,1113.372,27.572
147.132,1059.204,86.132
148.596,1003.816,143.472
164.212,988.200,120.048
119.316,1025.776,87.840
119.804,1057.496,40.016
123.708,1050.908,21.716
50.264,1003.816,89.060
33.916,957.456,111.752
60.512,953.064,101.260
-13.664,965.264,116.144
-62.952,1005.280,93.208
-113.704,1019.188,20.496
-78.812,958.676,-61.244
80.032,886.452,-219.600
151.768,794.220,-283.772
119.804,651.724,-223.260
49.288,512.156,15.860
130.052,355.996,148.596
99.796,217.648,167.140
-89.304,-11.224,148.352
138.104,-358.924,139.812
885.476,-427.976,-9.760
947.208,-320.128,-185.440
754.936,-433.832,77.348
907.192,-600.484,223.016
1148.264,-724.436,245.952
1409.344,-793.976,161.040
1515.972,-829.112,229.848
1533.052,-800.076,357.704
1473.272,-726.876,349.896
1427.400,-670.512,268.888
1415.932,-605.120,246.928
1261.968,-561.200,190.808
1182.424,-550.220,232.044
1057.740,-572.912,241.804
1086.288,-575.596,224.968
1087.020,-562.420,172.996
998.204,-564.372,225.944
973.316,-549.732,253.028
1033.340,-543.388,195.444
1111.908,-536.556,169.580
1141.432,-524.600,152.744
1185.352,-520.208,151.280
1253.184,-523.380,167.628
1256.112,-539.972,210.328
1379.332,-529.236,221.796
1490.108,-518.256,208.132
1531.100,-497.760,201.300
1561.356,-480.680,242.536
1588.196,-482.144,266.692
1597.224,-526.796,270.596
1541.104,-515.084,259.128
1410.808,-516.304,287.188
1408.612,-508.252,230.336
1327.116,-496.052,182.756
1283.196,-460.184,189.588
1185.352,-441.884,237.168
1139.724,-443.348,220.576
1035.536,-430.904,235.460
944.524,-364.536,220.332
849.364,-310.612,254.736
888.404,-233.264,168.360
883.036,-238.876,23.668
961.360,-233.020,-93.940
843.508,-204.472,-41.480
666.608,-230.824,13.664
564.616,-196.420,61.000
428.220,-165.920,77.104
402.112,-110.288,-4.392
456.280,-63.928,-45.628
380.640,-57.828,-31.720
416.264,-10.004,-65.148
438.468,47.092,-68.076
367.952,62.464,-70.760
489.708,94.672,-104.432
548.024,127.612,-180.560
705.404,188.612,-265.960
737.124,162.992,-293.776
802.272,151.280,-282.796
860.344,168.848,-303.048
798.368,179.340,-215.940
879.376,171.776,-256.688
983.320,125.416,-274.744
914.512,114.436,-225.700
1083.116,153.232,-340.136
1251.720,106.140,-513.620
1448.872,117.608,-696.864
1389.824,152.012,-802.516
1299.788,137.616,-800.564
1214.876,125.172,-836.432
1069.696,110.044,-766.404
917.684,88.816,-678.564
790.804,130.540,-613.660
721.752,117.364,-522.892
666.120,-13.664,-316.468
622.444,-100.772,-124.196
509.228,-138.348,-3.660
512.400,-97.844,-11.712
528.016,-83.204,-35.380
391.132,-113.460,132.736
355.508,-100.528,251.320
223.016,-105.408,373.320
320.372,-153.232,452.864
379.908,-186.172,518.988
347.456,-205.936,577.792
421.388,-199.836,703.452
416.020,-252.784,961.604
453.108,-259.860,1010.404
518.256,-295.972,1008.208
669.048,-225.944,1041.880
847.168,-145.668,1131.672
1011.624,-193.004,1000.644
1164.612,-301.584,1011.136
1403.000,-402.356,1170.712
1612.596,-504.104,1158.024
1657.248,-517.524,969.412
1621.136,-499.224,739.808
1517.192,-449.448,630.496
1659.932,-428.708,456.036
1704.096,-465.796,172.264
1692.384,-417.240,-40.260
1630.408,-412.848,-136.640
1617.476,-437.492,-193.248
1503.528,-468.968,-221.796
1422.276,-488.244,-248.880
1427.644,-400.160,-369.416
1351.516,-371.124,-345.260
1278.316,-372.344,-257.176
1109.468,-335.988,-245.952
1040.172,-288.896,-246.684
1101.904,-285.480,-235.460
1074.332,-284.992,-184.220
1033.096,-269.864,-123.952
968.192,-253.760,-47.580
949.648,-288.896,56.852
962.824,-282.308,82.960
919.636,-248.636,98.820
942.328,-171.288,62.952
991.128,-154.208,55.876
982.100,-190.808,140.788
990.152,-193.004,156.404
984.052,-177.632,180.316
983.564,-176.656,195.932
1027.972,-197.884,229.116
1021.140,-205.448,273.280
1028.460,-184.952,265.228
951.600,-179.828,277.184
1059.692,-184.220,282.796
1189.500,-201.300,258.884
1330.044,-233.752,259.128
1246.108,-302.560,327.936
1381.284,-398.940,449.204
1687.504,-413.824,445.056
1558.672,-562.908,515.572
1281.244,-548.024,411.628
954.772,-423.584,309.392
709.796,-297.192,189.832
422.364,-17.080,157.624
-127.856,321.836,136.884
-555.344,691.740,-14.152
-243.512,864.248,-142.740
-28.548,867.176,-174.948
-335.500,961.848,-98.576
-282.064,1111.664,-168.604
-136.396,1108.004,-218.624
-46.604,1076.040,-155.916
-12.200,1099.220,-59.048
-49.044,1084.092,40.504
34.404,1095.072,12.200
68.808,1103.368,-86.376
101.016,1152.168,-190.564
60.756,1097.512,-152.256
36.112,1045.296,-70.272
-56.852,953.796,37.088
10.492,905.728,10.004
3.416,846.436,4.392
56.364,829.600,-30.744
-3.660,880.840,-26.840
57.340,965.752,-27.572
42.944,1001.376,-19.276
76.372,947.208,-26.108
101.016,952.088,-78.324
97.112,957.700,-74.664
131.760,983.564,-82.960
44.408,970.632,18.788
40.016,990.396,29.036
90.524,932.324,2.196
196.664,924.516,-40.260
111.752,963.312,3.172
139.812,1010.404,-18.056
210.328,1060.912,-89.792
217.892,1070.184,-96.624
213.500,1049.688,-50.020
194.224,1021.384,29.524
233.996,994.056,62.220
188.368,972.828,95.892
185.440,960.628,81.252
187.148,972.096,44.164
174.704,969.656,4.636
237.168,997.228,-85.644
236.924,1006.012,-107.848
191.296,992.104,-60.268
182.268,980.880,-52.704
144.692,970.144,-40.260
185.684,930.860,-15.128
204.228,925.736,-44.164
197.884,942.328,-63.440
165.188,963.068,-50.996
167.628,1023.336,-54.168
210.816,1007.964,-57.584
265.228,967.460,-54.900
261.812,953.064,-11.468
248.392,970.388,-17.080
216.916,978.684,-12.444
208.620,994.300,-66.368
186.172,1002.108,-83.448
199.104,984.540,-61.976
194.712,984.540,-45.384
172.996,968.924,-1.952
176.900,950.136,54.656
150.304,971.608,50.020
192.516,987.712,18.300
235.216,1004.792,-21.716
203.008,1009.672,-20.496
233.020,1010.160,-45.384
219.112,1014.308,-36.356
209.840,991.860,23.668
200.812,966.972,22.692
