acc_x[mg],acc_y[mg],acc_z[mg]
-121.512,1000.888,38.064
-158.600,1025.288,63.928
-136.152,1018.212,71.492
-108.824,1027.240,76.128
-82.228,1021.628,21.960
-51.972,1028.216,-7.564
-0.732,1026.020,-48.312
2.684,1031.388,-45.384
9.028,1022.360,-23.180
-2.440,1013.332,-13.664
-1.464,999.912,14.152
-16.348,1002.108,51.972
-29.280,994.056,61.000
-31.964,992.592,61.976
-45.140,998.448,76.616
-52.704,991.372,78.080
-47.336,984.540,44.896
-67.832,990.884,58.560
-67.344,987.224,46.360
-68.320,985.760,36.844
-80.520,991.860,25.864
-86.620,992.836,42.456
-95.404,988.688,56.364
-102.480,979.904,38.308
-91.256,976.732,43.188
-95.160,972.828,50.264
-89.792,967.216,28.548
-81.740,969.656,13.908
-70.028,963.556,18.544
-65.148,968.436,25.376
-81.496,969.168,57.828
-79.788,960.872,50.020
-67.832,956.480,45.384
-86.376,968.436,64.660
-66.124,967.948,44.408
-63.440,976.732,0.976
-70.760,982.588,3.904
-70.760,995.764,24.156
-72.224,997.960,56.608
-72.224,981.124,70.272
-64.904,971.608,42.456
-64.172,997.472,12.200
-68.076,1010.892,16.592
-58.316,1008.696,7.076
-71.248,1015.040,0.732
-67.832,1011.380,12.932
-81.984,1014.796,27.572
-96.136,1011.624,43.920
-96.624,1003.328,33.916
-87.352,1008.696,12.444
-91.988,1012.356,34.648
-80.276,1006.744,37.088
-85.888,995.520,11.712
-101.992,982.344,29.524
-98.820,981.856,38.064
-79.300,976.732,26.596
-88.816,982.100,16.348
-97.356,987.468,39.528
-88.816,988.688,25.864
-92.720,987.956,22.448
-110.532,986.736,28.060
-106.872,988.200,40.992
-107.360,981.612,44.652
-86.864,980.392,13.908
-94.184,986.736,12.688
-106.140,991.372,38.552
-102.480,983.808,44.164
-97.356,975.512,32.696
-86.132,970.388,28.548
-104.432,984.784,32.696
-98.576,989.664,21.960
-101.016,989.420,21.960
-94.672,985.760,16.104
-109.068,991.372,29.036
-95.892,989.176,-1.220
-106.872,994.056,21.960
-101.016,991.616,24.888
-109.556,980.636,14.640
-109.800,981.124,5.856
-106.872,984.540,2.928
-102.724,980.636,18.300
-107.360,971.120,3.904
-108.092,972.096,5.612
-117.120,973.560,19.276
-117.608,979.660,30.744
-105.896,976.732,19.520
-94.184,972.340,7.076
-94.672,976.244,11.956
-86.864,969.656,15.128
-81.008,961.360,4.636
-85.644,963.068,24.888
-101.260,962.580,37.820
-98.088,968.192,20.984
-107.116,974.780,14.640
-108.092,986.980,15.860
-105.164,992.104,25.620
-112.972,988.932,22.448
-96.136,992.104,-14.884
-97.844,1004.792,-8.540
-80.764,1010.648,-1.220
-75.640,1000.644,1.464
-74.176,990.640,8.052
-71.248,981.612,2.196
-63.196,980.636,0.976
-65.148,989.664,10.980
-78.568,985.760,1.952
-73.932,983.564,-12.444
-68.320,983.320,-24.888
-79.300,992.104,-18.544
-100.528,986.736,-2.684
-89.548,980.636,10.004
-107.360,972.584,26.352
-108.092,970.144,30.988
-109.312,979.416,22.448
-100.772,986.004,12.688
-87.840,999.424,2.684
-95.404,998.204,-2.928
-80.032,996.496,-0.976
-82.228,994.788,18.300
-78.080,993.568,8.784
-88.328,993.080,-4.392
-111.996,998.204,0.000
-122.732,1002.840,-1.952
-143.960,1024.556,-7.808
-204.716,1044.564,-19.032
-326.472,1074.332,0.732
-408.456,1090.924,25.376
-485.316,1045.540,116.632
-506.056,988.932,162.748
-515.816,954.772,211.792
285.236,884.744,39.284
163.968,761.280,23.668
417.972,677.832,71.248
997.960,569.008,-107.116
811.788,434.320,322.568
599.508,155.428,468.480
831.796,-14.396,-30.988
961.116,6.344,-137.860
1099.464,36.356,96.624
1233.176,15.860,12.444
1421.056,-10.004,-85.644
1312.476,-105.164,57.584
988.200,-113.948,189.588
1070.184,-70.516,165.676
678.076,-50.996,228.628
796.660,65.392,41.236
639.036,122.000,-121.268
416.508,126.148,-63.684
173.728,92.964,8.296
-11.712,162.748,113.216
-162.992,91.256,113.704
-121.756,84.912,52.460
165.188,69.540,-36.356
344.528,52.460,-132.736
206.668,-29.036,-184.464
226.188,40.016,40.016
463.844,-3.172,-11.956
959.164,-88.572,-385.764
1167.784,-73.932,-549.976
682.712,-134.200,-327.692
691.740,-126.392,-148.352
1058.960,-315.736,-258.152
1296.128,-394.304,-346.724
1365.424,-449.936,-261.812
1422.764,-619.272,-109.312
1622.844,-796.172,-194.956
1957.368,-817.400,-353.800
1977.864,-823.500,-359.900
1979.328,-814.960,-217.160
1996.652,-939.644,-87.352
2051.308,-995.032,-1.952
2159.888,-915.976,-26.108
2109.868,-884.744,117.608
2170.380,-899.872,340.868
2057.896,-997.472,369.172
2160.376,-983.320,344.284
2060.824,-957.212,301.828
1861.476,-895.236,296.460
1932.724,-876.448,416.508
1660.176,-903.044,666.364
1557.208,-975.512,730.780
1701.412,-1035.780,574.132
1398.120,-1017.480,634.888
1109.956,-966.484,602.924
743.224,-914.268,706.136
568.764,-759.084,585.844
370.392,-588.772,477.752
149.328,-448.716,409.676
201.056,-315.004,288.896
99.308,-222.284,158.600
167.628,-40.504,65.636
153.720,48.800,8.052
80.764,54.412,-18.300
153.964,108.092,-11.224
178.608,100.528,-16.836
250.344,176.412,-27.328
359.412,162.504,-21.472
377.224,127.612,-43.920
524.112,165.432,-71.736
626.104,138.104,-57.828
928.664,37.576,-97.600
1444.480,-15.616,-233.020
1699.948,-144.692,-247.660
1591.612,-276.452,-159.088
1735.816,-302.804,-253.760
1602.836,-437.980,-246.440
1355.908,-419.436,-246.196
834.968,-470.432,56.364
396.988,-452.376,198.616
-654.164,15.372,176.656
-1313.696,1125.816,601.948
166.164,1005.524,437.248
-174.704,833.504,398.208
-228.140,949.648,-6.832
-375.272,799.588,-8.784
-507.032,852.780,68.076
-414.312,923.784,-69.052
-437.980,1052.860,-103.700
-355.996,1019.676,-8.296
-387.960,1015.284,85.644
-338.916,1013.820,106.140
-258.884,989.176,141.276
-180.072,979.172,127.368
-193.248,1024.068,96.868
-153.720,1058.716,26.352
-66.124,1066.524,-40.016
-65.636,1069.452,28.792
-113.216,1023.580,49.044
-84.424,951.356,105.408
-82.716,925.248,101.016
-22.204,941.840,11.956
-19.520,979.416,8.052
-54.900,1016.016,9.028
-93.696,1022.604,-5.368
-140.300,1031.388,57.096
-92.720,995.520,5.124
-73.200,1018.212,-41.236
-73.200,1009.184,3.904
-10.736,965.508,21.960
-55.144,967.460,78.812
-37.088,966.240,112.484
1.708,969.168,76.372
-14.396,964.776,44.164
-20.252,990.396,71.004
-47.824,992.104,52.216
-96.380,1015.284,77.836
-37.088,996.496,34.648
-37.088,1008.208,-2.684
-26.352,998.692,7.564
-36.844,986.248,53.436
-5.124,969.168,50.752
-25.376,965.996,91.988
-12.444,959.896,81.984
-7.320,960.628,88.328
-10.736,968.436,20.740
-32.452,998.448,23.668
-51.240,987.468,54.900
-19.520,980.392,10.248
21.716,995.764,-21.472
-7.076,1008.696,-16.104
11.956,1018.944,0.488
8.540,1001.132,49.532
-6.100,988.688,105.652
48.312,968.924,72.956
25.132,978.684,142.496
61.244,964.044,155.672
87.840,963.312,183.244
97.356,970.144,277.184
131.272,993.812,306.952
142.984,1010.892,350.872
161.284,1007.964,320.372
134.688,999.912,326.716
72.468,1005.524,379.176
81.740,973.072,342.332
64.660,972.584,302.072
49.532,962.092,284.992
9.760,957.944,256.200
-6.344,962.580,248.636
-5.856,973.804,167.628
-32.696,1000.888,129.076
-19.276,1014.064,99.064
-40.504,1005.036,125.660
-35.624,978.928,133.712
5.368,936.716,126.148
-2.684,927.688,122.732
-14.396,944.768,108.092
-37.820,975.024,109.312
-46.848,964.532,67.100
14.152,977.708,-50.508
10.004,1036.268,-82.960
-8.784,1039.440,-32.208
12.444,1000.888,-27.816
42.700,987.712,-94.184
27.084,981.124,-98.820
11.468,982.344,-60.024
18.788,1005.280,-134.688
9.760,1011.624,-191.296
25.620,1017.236,-241.804
23.180,1022.848,-217.892
50.264,1003.328,-218.136
59.780,985.272,-260.104
82.472,1007.476,-305.488
60.268,1033.584,-256.932
41.724,1016.016,-251.564
58.804,992.836,-274.988
54.900,987.956,-280.112
27.572,1010.160,-294.508
-22.204,1007.720,-228.628
-25.132,991.616,-209.840
-14.884,968.924,-231.068
-13.420,979.904,-171.288
-10.736,988.444,-112.972
9.028,962.824,-88.816
18.788,956.236,-101.748
5.612,996.008,-83.692
13.908,1023.092,-84.912
20.496,1018.456,-76.616
20.496,1011.136,-87.108
1.708,1020.164,-49.044
-17.568,1031.144,-37.820
-50.508,1080.676,-160.796
-82.472,1125.816,-147.864
-198.616,1121.424,-83.448
-194.956,1152.412,-112.484
-197.884,1170.224,-88.328
-282.308,1134.112,16.836
-147.132,1067.012,30.500
99.064,921.344,10.492
311.588,748.348,-46.848
384.788,558.760,107.848
910.852,307.684,272.792
964.532,61.488,437.248
1210.728,-119.804,439.932
1026.752,-180.560,480.192
1151.192,-67.588,400.892
1273.680,-16.592,207.644
1331.020,67.588,-45.872
1215.120,171.776,67.344
957.456,182.268,210.328
815.448,187.148,267.424
751.032,174.216,260.104
742.248,193.248,209.352
663.924,215.696,178.364
671.000,232.776,71.980
677.100,228.872,100.284
593.652,176.900,71.736
393.816,117.852,61.732
201.788,105.896,144.448
47.580,129.076,264.252
119.560,42.700,225.944
317.688,-61.488,-1.464
268.644,-94.184,-97.112
159.332,107.604,51.728
151.768,224.968,227.164
470.188,98.820,-1.464
782.508,-23.180,-310.612
791.292,-32.940,-345.992
779.824,22.448,-316.956
726.388,77.104,2.196
946.476,-116.632,-194.224
1204.872,-162.016,-450.424
1307.352,-135.908,-595.604
1235.860,-73.200,-602.436
1187.304,-42.944,-496.540
1133.624,-183.000,-231.800
1323.944,-426.268,-369.416
1480.836,-567.056,-546.560
1444.480,-398.452,-448.960
1535.492,-340.868,-267.424
1722.152,-415.532,-167.872
1879.044,-614.148,-112.484
2147.932,-687.836,-127.124
2307.020,-623.176,-93.208
2243.580,-618.784,112.240
2166.964,-655.872,293.044
2123.776,-621.956,421.144
2074.000,-573.156,350.384
2162.572,-530.700,213.500
2032.032,-546.804,207.400
1790.228,-558.272,325.252
1719.468,-553.392,285.236
1641.144,-528.016,252.296
1497.916,-496.296,257.908
1324.188,-446.032,340.868
1301.252,-442.860,352.336
1162.172,-471.896,349.896
1051.396,-419.680,399.916
1045.052,-360.388,350.872
959.408,-334.280,308.172
884.500,-304.512,281.088
801.784,-305.976,231.068
708.088,-253.760,144.448
560.224,-199.348,143.960
484.340,-142.740,129.076
464.088,-157.868,92.232
383.080,-143.960,156.648
346.236,-70.272,169.336
316.956,-10.736,99.308
429.440,55.388,-0.976
357.460,115.412,-12.444
348.188,160.064,-17.568
421.144,171.776,-17.568
470.188,181.536,-30.012
550.952,196.420,-80.764
555.588,227.164,-91.012
664.900,240.096,-155.184
819.108,197.396,-238.632
891.820,214.232,-236.192
925.248,192.516,-202.032
1073.356,179.828,-223.504
1142.164,175.680,-152.500
1140.212,130.296,-144.936
1136.064,114.192,-141.764
1392.996,146.156,-196.908
1564.040,146.400,-201.544
1502.796,125.416,-80.764
1469.612,78.080,-190.808
1097.268,47.580,-98.088
741.516,164.944,71.248
597.556,349.652,69.052
321.592,504.104,110.288
-236.192,742.980,267.180
-483.364,996.984,344.284
57.828,901.580,1.464
-75.640,892.552,-8.296
-275.476,934.764,93.208
-226.432,945.256,-64.416
-288.164,948.184,-33.672
-271.084,959.652,34.404
-184.220,988.688,7.320
-222.772,1012.112,65.880
-282.308,1022.848,93.208
-310.368,1003.572,126.392
-193.004,954.040,38.796
-249.124,980.636,49.044
-178.120,994.056,7.076
-162.260,1023.580,5.368
-159.088,1024.556,28.060
-100.772,1010.892,-40.504
-56.364,998.204,-5.368
0.000,1009.184,12.200
-45.140,993.812,54.168
-7.808,992.104,65.880
22.692,1027.484,-19.276
-41.968,1041.636,39.284
-4.148,1025.532,14.396
-35.624,1009.184,22.692
-83.692,991.616,72.224
-30.012,994.056,50.508
-39.772,991.128,31.964
-56.852,996.984,68.564
4.392,968.436,19.032
18.544,942.816,61.000
4.392,942.084,107.116
-22.204,938.180,112.972
-23.668,924.516,118.828
6.100,943.548,71.980
-35.624,972.340,41.724
-30.012,980.636,41.724
-4.636,995.764,47.580
15.372,989.420,64.172
45.140,985.760,75.152
46.116,989.176,68.808
21.960,984.540,137.616
30.988,976.732,132.980
19.032,973.560,122.732
35.380,983.076,95.892
16.836,997.472,102.968
0.244,1003.816,107.360
-2.440,990.152,131.028
5.124,989.664,166.896
19.276,981.856,169.336
10.004,976.000,185.928
52.216,988.444,158.844
80.764,992.104,108.824
70.272,987.956,146.644
51.484,995.520,173.240
74.664,983.808,185.440
82.716,963.068,202.032
97.356,968.436,217.404
123.708,981.368,195.932
91.012,989.176,210.084
82.716,995.764,195.444
95.160,1010.160,171.532
100.772,1032.120,114.436
112.728,1024.312,87.840
91.500,995.764,145.424
72.468,968.192,193.492
124.196,986.980,130.784
131.760,1000.400,72.468
146.400,1022.604,61.488
146.400,1044.320,-2.928
130.052,1061.156,3.660
124.196,1055.788,52.704
115.412,1047.736,28.304
122.244,1044.564,-3.416
122.488,1032.608,14.640
147.620,1020.408,-15.616
182.756,989.664,-49.776
166.164,998.936,-22.204
168.848,1027.484,1.952
181.780,1031.876,-52.704
193.248,1014.064,-146.400
192.516,998.936,-188.856
131.028,994.056,-23.424
183.488,958.920,-13.908
170.556,926.468,-79.788
165.676,945.744,-168.116
138.348,978.196,-145.180
104.432,955.016,-139.812
132.004,954.040,-206.180
160.796,978.440,-246.440
121.756,997.960,-234.728
98.820,991.128,-205.692
117.852,955.748,-180.560
97.112,937.448,-162.016
68.808,946.964,-122.488
55.876,941.596,-137.128
60.268,949.648,-204.960
31.964,975.512,-181.048
11.224,990.884,-151.768
6.344,980.880,-192.516
-29.280,973.072,-129.320
-33.672,957.700,-101.504
-10.736,949.404,-115.656
31.964,981.612,-145.912
40.748,1025.776,-92.476
37.332,1015.284,-80.032
57.584,988.688,-110.776
72.468,984.784,-84.424
83.448,986.004,-86.132
84.180,986.736,-57.828
47.824,978.684,-36.844
20.252,972.828,-10.248
26.108,969.168,0.488
51.728,971.364,-26.596
64.416,982.344,-31.232
80.276,1001.620,-33.672
105.896,1007.964,-47.580
99.308,1012.844,-40.748
85.888,1011.380,-32.452
83.936,1012.356,-4.880
79.056,1019.188,-14.884
75.884,1031.632,-2.196
35.868,1051.396,10.492
75.152,1059.448,-42.212
32.452,1106.540,-49.776
-80.764,1139.724,-34.160
7.076,1174.128,-110.532
-93.208,1179.496,-51.484
-105.896,1143.628,-2.196
32.696,1012.844,-106.872
22.936,945.500,-26.596
86.620,741.272,86.620
603.412,590.968,24.644
703.208,370.392,238.632
684.176,256.688,449.204
969.168,77.104,518.988
834.236,-23.424,650.260
980.148,18.544,507.032
1193.404,29.768,73.444
1181.448,136.396,-76.372
1200.968,308.416,101.016
1121.180,255.956,137.860
943.304,184.708,172.020
809.104,219.600,229.604
665.144,251.564,237.168
646.112,306.952,192.516
635.864,332.084,189.588
605.852,297.192,116.632
514.840,232.044,87.840
527.528,136.640,2.928
372.588,15.372,-10.980
285.724,-72.468,-7.320
103.700,-108.824,28.304
142.008,-2.928,-2.196
164.212,133.712,-7.564
185.684,148.840,-134.688
209.352,179.096,-132.492
220.088,249.856,26.352
451.888,174.460,-33.916
547.292,108.092,-115.168
794.464,50.752,-374.784
902.312,19.276,-556.076
791.292,77.348,-334.280
933.300,-45.628,-169.092
1039.684,-285.724,-305.000
1418.616,-315.004,-459.696
1545.984,-230.580,-337.940
1828.048,-261.324,-269.132
1865.624,-443.836,-18.544
2136.708,-495.320,-238.388
2301.652,-417.240,-407.968
2217.472,-264.252,-369.660
2165.744,-142.984,-297.924
2141.100,-222.040,-213.500
1924.672,-322.568,-45.872
1891.488,-319.884,44.408
1682.624,-238.876,95.404
1714.344,-149.816,-35.624
1745.088,-193.492,-121.024
1928.576,-268.400,-149.572
1892.708,-367.708,-117.120
1714.588,-357.704,99.064
1634.556,-418.460,213.500
1601.128,-467.748,306.220
1594.052,-467.992,400.160
1522.316,-543.876,481.412
1490.596,-599.996,491.904
1407.148,-596.580,513.864
1409.832,-554.368,464.820
1143.628,-556.076,404.064
1052.616,-449.204,369.172
1038.220,-366.000,284.992
951.112,-259.128,296.216
751.520,-223.992,297.192
739.564,-159.332,172.996
539.240,-83.448,211.060
464.332,0.976,201.788
496.540,-1.952,92.964
454.328,-2.684,71.248
313.784,41.236,93.208
259.616,87.596,83.936
282.552,142.740,25.620
418.216,197.152,-67.832
377.468,244.488,-78.080
371.368,287.920,-50.020
359.412,280.356,-67.100
476.288,314.028,-95.160
556.808,353.556,-144.936
626.592,369.660,-79.788
719.800,362.096,-105.408
962.824,332.572,-185.440
1209.508,292.556,-256.688
1314.184,217.404,-198.128
1448.140,141.276,-123.952
1473.272,10.980,-105.896
1155.340,-10.248,6.832
841.312,128.100,49.532
680.272,253.760,-64.660
350.140,402.844,-0.244
-304.024,674.660,65.636
-649.040,1134.112,206.180
-36.112,1022.116,-70.272
-186.416,1037.732,-142.008
-301.340,980.392,-100.284
-364.292,984.784,-78.324
-307.440,955.260,40.016
-276.696,937.448,91.256
-266.692,966.484,85.644
-258.396,1003.572,131.760
-177.388,1060.912,-19.764
-213.012,1086.532,-16.592
-107.116,1057.252,-65.148
-3.660,1073.600,-158.356
-48.800,1086.776,-36.356
-24.644,1044.564,-11.956
241.804,1034.072,-170.312
114.924,1109.468,-23.424
133.468,1087.996,28.304
122.244,1037.488,41.724
161.284,984.052,42.944
29.768,985.516,136.640
47.092,973.316,96.624
55.876,944.036,44.652
56.364,934.520,44.652
81.496,941.352,2.928
82.228,981.856,-44.652
105.164,1035.292,-91.256
68.320,1050.908,-70.028
28.304,1023.092,-58.072
30.256,991.128,-11.224
22.204,970.144,32.208
65.392,966.484,14.396
29.280,971.120,40.260
51.972,976.488,32.452
101.504,987.712,-11.712
75.884,993.568,42.700
59.536,996.252,68.320
95.404,996.252,33.916
96.380,986.004,24.400
84.180,1009.916,37.332
115.900,1010.160,-76.372
91.256,1016.504,-56.852
72.468,1040.904,-29.768
56.364,1026.020,-22.936
37.332,1004.792,-0.244
31.964,989.908,26.108
54.168,968.436,26.352
75.396,964.288,43.432
92.720,958.920,64.416
120.292,953.308,39.528
61.976,960.872,105.896
54.168,956.724,94.428
85.888,957.700,61.976
92.476,979.660,80.276
87.352,996.740,85.644
90.768,1019.676,58.316
83.448,1025.044,89.304
64.904,1012.600,140.056
77.104,987.712,132.736
56.364,982.588,115.168
92.964,987.468,104.188
118.096,976.732,43.188
93.940,961.116,73.200
105.652,952.332,80.276
70.516,965.264,85.156
90.280,976.976,87.108
68.320,989.420,79.056
72.712,1003.572,48.312
70.028,1034.804,22.692
81.252,1047.980,45.628
76.128,1033.828,57.584
101.748,1007.476,78.324
135.908,996.496,112.484
191.296,1001.376,50.264
202.276,1019.676,15.616
182.512,1017.724,6.588
161.040,1023.580,-1.464
189.344,1020.652,-70.760
207.644,1020.896,-104.920
197.152,1021.872,-122.488
167.140,1007.476,-143.716
166.408,986.736,-145.912
187.392,974.048,-148.352
192.760,962.092,-119.804
199.836,939.400,-103.700
192.760,931.104,-91.256
215.208,946.964,-101.992
184.952,970.388,-84.424
171.532,976.488,-90.280
79.300,984.052,-73.200
51.972,999.180,-72.712
-29.280,1042.856,-103.700
-90.280,1078.480,-72.468
-131.760,1108.492,-161.284
-468.724,1089.216,-58.560
-402.600,1002.596,-34.404
155.428,809.836,-115.656
379.420,604.876,-127.856
421.632,552.904,271.572
1150.460,348.188,209.596
1233.908,133.712,197.640
1062.864,128.588,426.756
1332.240,251.320,190.808
1149.484,272.792,-24.400
1250.256,333.792,-199.592
1348.344,359.168,-182.024
1126.548,327.692,-109.556
998.692,316.712,5.368
793.976,274.500,55.388
661.240,275.476,43.920
476.776,283.284,8.540
379.664,239.364,8.540
301.584,165.676,-0.976
174.704,61.976,-11.468
37.576,13.664,47.580
35.136,-29.280,-10.004
138.104,-21.228,-24.400
27.816,-19.520,61.732
267.180,-51.972,-69.540
426.756,-119.316,-123.464
573.400,-160.064,-161.040
475.312,-131.516,63.196
560.468,-141.520,48.312
734.196,-257.908,-63.928
931.348,-230.336,-229.116
1010.892,-142.984,-189.832
928.176,-283.284,-170.312
1007.720,-377.712,-230.580
1386.408,-424.560,-388.448
1545.252,-497.516,-372.588
1608.692,-587.552,-274.256
1619.672,-617.808,-274.744
1930.772,-602.192,-382.348
1913.936,-580.964,-335.256
1907.348,-584.136,-305.488
1988.356,-538.020,-193.492
1996.408,-506.300,-65.148
2003.728,-554.612,-73.688
2114.504,-486.536,-71.004
2090.104,-521.428,-88.816
2006.900,-562.176,-55.632
2005.680,-599.508,48.800
1908.812,-710.040,52.948
1899.052,-718.580,6.100
1743.624,-692.472,59.292
1726.056,-653.920,44.164
1589.904,-683.688,123.952
1608.204,-694.668,261.568
1564.528,-786.900,264.008
1537.688,-726.876,269.376
1328.824,-701.500,404.552
1229.516,-622.444,337.208
1067.500,-564.372,260.836
962.092,-437.736,218.868
843.752,-369.660,195.444
618.784,-371.368,221.064
542.900,-274.500,153.232
478.728,-245.708,108.824
405.772,-167.140,69.540
285.968,-120.780,68.076
153.232,-55.144,103.944
211.060,6.100,99.064
247.904,43.676,70.028
275.720,79.300,-15.860
287.676,136.884,-41.236
261.568,152.500,-23.424
349.408,163.236,-75.640
441.396,159.820,-118.584
535.580,151.524,-155.672
622.688,141.520,-164.212
659.044,128.588,-146.644
727.852,115.900,-183.244
772.260,147.620,-193.004
762.744,175.436,-219.600
945.256,180.804,-250.832
1042.368,139.568,-229.116
1022.848,77.592,-174.460
1106.784,61.976,-142.984
1298.324,48.556,-162.992
1505.968,25.620,-141.764
1495.476,-55.632,-25.620
1548.180,-157.380,138.104
1763.632,-261.324,-121.268
1748.260,-308.660,-322.324
1270.752,-262.544,-180.072
601.460,-116.388,-117.120
-438.468,365.024,87.596
-870.104,1018.456,276.940
284.016,968.436,-140.300
-99.308,834.480,-223.748
-608.536,815.204,45.628
-539.972,778.360,-1.708
-481.900,783.972,2.196
-486.048,847.900,53.680
-483.608,945.012,44.652
-458.232,1001.376,43.676
-341.112,1048.956,-24.400
-305.976,1091.412,8.784
-203.740,1110.688,26.352
-165.920,1093.364,60.024
-72.224,1032.364,-31.476
-32.940,1035.292,-20.740
71.980,1069.940,-164.212
71.736,1143.384,-188.124
107.848,1149.484,-267.424
-27.816,1100.928,-148.840
-31.720,1012.600,-88.572
-86.620,947.696,8.540
-63.684,892.796,58.072
-15.616,894.992,-15.372
-25.864,955.504,-42.456
-26.840,1001.620,-49.532
14.152,1027.972,-127.124
61.244,1051.640,-182.268
11.224,1061.888,-74.420
43.432,1027.728,-110.288
43.920,995.764,-96.380
-20.496,962.092,-3.416
-41.236,944.280,3.904
21.960,927.932,-29.768
16.592,947.696,-42.944
4.148,981.124,-5.368
18.300,986.492,-31.964
-12.444,992.348,-10.248
-38.796,990.640,32.452
20.008,967.460,-2.196
41.724,972.584,-34.160
17.568,986.492,11.468
42.212,1002.596,-19.764
20.252,995.276,3.416
52.216,994.300,-5.368
65.392,1008.452,-40.260
77.104,1009.428,-34.892
71.492,1007.720,-56.120
50.752,1001.376,-46.116
42.944,1000.156,-35.868
24.156,988.200,-14.640
2.928,973.560,16.348
-0.976,950.136,28.548
15.128,942.572,22.204
41.480,958.188,8.540
58.560,979.904,-29.036
51.240,1006.012,-33.184
33.428,1017.968,3.416
47.336,1006.256,-7.564
49.288,992.348,16.836
58.804,994.300,44.652
73.688,1002.108,80.032
97.112,996.740,129.320
123.708,993.080,129.076
100.772,998.936,125.660
88.816,997.960,136.640
85.644,998.692,130.296
44.896,1019.676,147.620
55.632,1024.800,160.308
30.988,1000.888,209.352
97.356,1007.964,216.428
129.564,1035.536,234.728
114.924,1026.020,277.184
111.508,1005.280,284.016
75.640,998.448,314.028
82.472,992.348,290.848
96.380,982.100,307.196
191.296,978.196,244.488
193.980,1006.500,200.568
189.344,1003.816,184.464
153.964,981.612,160.308
111.020,965.264,183.000
147.620,947.696,137.860
190.564,946.720,102.236
195.688,948.916,73.932
183.976,936.472,31.720
136.152,910.120,91.012
157.868,926.224,-29.036
176.656,1001.864,-183.488
150.792,1031.632,-205.692
111.020,1005.036,-147.376
116.632,985.516,-122.000
146.644,1002.108,-87.840
167.872,1029.680,-196.664
120.048,1046.760,-172.264
125.416,1024.312,-153.476
123.220,992.836,-158.112
132.492,997.716,-206.668
109.068,1030.656,-205.448
80.764,1029.192,-200.568
102.480,998.204,-261.568
106.384,1002.108,-281.088
80.276,1006.256,-245.464
73.444,1003.328,-221.064
37.332,985.760,-190.808
34.160,987.712,-176.412
20.496,1017.480,-165.676
9.516,1049.688,-135.176
35.868,1099.220,-218.136
3.172,1151.436,-148.108
-42.700,1148.996,-73.688
-81.496,1157.292,-29.036
-89.060,1168.028,49.044
-167.628,1207.068,33.672
-166.164,1286.124,-27.084
-106.872,1348.832,-35.380
-1.464,1264.164,-164.944
-81.740,1071.892,-123.952
541.924,825.208,-40.748
775.188,551.196,141.764
1001.620,183.244,238.144
927.444,101.992,675.880
737.124,63.440,770.308
997.472,87.596,189.832
1283.928,142.008,-309.636
976.488,201.056,-79.056
892.796,226.920,18.544
708.332,162.260,-16.348
533.628,168.848,40.260
262.300,173.240,23.912
211.792,206.668,55.144
146.644,184.708,84.180
159.820,141.520,-31.476
142.984,110.288,-61.000
-55.876,88.328,36.356
-87.352,72.468,119.072
-11.712,-26.108,151.036
22.936,-117.364,200.568
176.656,-212.280,25.376
125.416,-129.320,46.116
344.284,-56.120,19.032
315.736,-186.416,-46.604
561.932,-247.172,-169.336
655.140,-216.916,-174.704
627.080,-142.496,-27.084
912.560,-324.276,-313.296
1436.184,-466.772,-807.396
1766.804,-541.924,-966.484
1560.136,-516.060,-571.448
1452.776,-652.212,-461.648
1658.712,-887.184,-531.432
2013.976,-962.824,-740.052
2041.792,-962.824,-760.548
1778.760,-835.212,-382.836
1852.448,-882.060,-381.372
1961.760,-961.848,-425.536
1959.808,-993.568,-553.880
1680.428,-883.768,-341.600
1596.004,-816.424,-200.080
1770.220,-831.796,-66.856
1906.860,-884.988,84.424
2016.660,-981.124,217.892
2135.488,-1031.876,396.256
1971.764,-1130.208,532.896
1830.732,-1119.472,583.648
1812.920,-1002.352,576.572
1815.116,-967.704,610.976
1643.828,-1013.088,694.424
1352.980,-961.116,816.180
1255.136,-852.292,748.104
1246.352,-832.040,628.544
1263.920,-833.016,580.232
1149.484,-869.616,485.804
938.180,-832.040,439.932
654.408,-661.240,409.676
613.660,-455.304,254.004
485.804,-447.252,179.584
410.164,-434.808,87.840
313.784,-308.904,118.096
184.220,-197.640,62.464
163.480,-66.612,11.468
-6.100,36.844,40.016
150.792,75.396,-51.484
208.376,91.256,-44.652
96.868,155.916,-58.804
176.900,248.148,-107.116
279.380,285.480,-159.820
392.840,246.440,-228.140
467.748,230.336,-164.944
453.596,199.836,-181.780
556.808,265.472,-194.224
700.036,245.708,-241.804
946.720,234.484,-349.408
1119.472,257.908,-217.160
1477.420,183.244,-347.456
1489.620,-10.492,-363.316
1475.712,-74.908,-336.476
1449.848,-101.992,-265.472
1186.816,-174.216,-115.656
923.540,-187.392,66.124
710.284,31.964,-121.756
-230.824,454.084,-14.884
-1202.432,1188.768,348.432
9.028,1034.804,152.988
-95.648,1008.208,-206.668
-670.512,954.772,108.580
-806.908,901.336,68.076
-599.264,840.336,45.384
-396.744,919.148,-0.244
-334.768,1085.800,-55.388
-331.108,1127.524,-13.420
-179.584,1081.164,-79.788
-94.916,1039.440,-33.916
-1.952,1046.272,-27.084
-78.324,1062.620,-113.460
-139.812,1070.428,-50.508
-146.400,1068.964,-215.940
-184.220,1067.988,-227.408
-237.168,1037.732,-109.068
-204.228,1006.744,-151.524
-202.276,969.412,-101.748
-204.960,931.592,-5.856
-167.140,881.084,15.616
0.976,851.316,-75.396
28.304,905.972,-103.212
124.928,1015.284,-163.480
76.372,1093.364,-153.720
-2.196,1074.820,-111.264
-86.864,1021.140,-80.276
-93.208,978.684,-58.072
-90.036,991.128,-44.164
-42.456,1011.380,-68.320
-83.936,1015.284,16.104
-110.044,979.904,52.460
-107.360,939.888,92.476
-45.384,915.488,49.044
-27.328,921.344,70.272
-7.076,959.896,34.648
15.128,1002.352,-32.208
-26.352,1038.952,-17.812
-67.100,1017.480,12.200
-54.656,972.096,-15.372
-33.672,949.404,33.184
-31.232,928.176,60.268
2.928,947.452,44.652
-28.792,981.368,100.040
12.200,969.900,95.160
34.648,946.964,172.996
104.188,949.404,204.228
104.920,968.924,270.596
90.524,978.440,285.724
60.756,994.300,289.140
33.916,978.684,317.688
11.468,939.644,305.000
-18.788,911.584,332.816
28.548,898.896,341.356
20.008,927.932,291.336
1.220,966.972,240.584
-103.212,993.812,226.920
-110.044,1007.964,132.248
-108.092,1027.972,128.588
-26.840,1027.240,122.976
12.932,987.224,107.848
98.576,959.652,120.048
127.124,957.456,152.988
150.060,944.768,136.152
116.388,942.816,160.796
122.244,942.328,176.900
167.628,955.992,60.512
91.500,1004.548,20.984
88.572,1041.636,-15.128
81.252,1038.220,-9.760
49.776,1008.940,-7.564
73.688,963.068,20.008
101.260,968.680,-55.876
120.780,993.568,-115.412
123.952,1026.752,-172.752
80.764,1015.772,-144.936
107.116,979.416,-100.528
107.360,950.624,-77.592
108.092,951.600,-71.248
137.860,962.092,-146.400
138.348,1021.872,-218.380
154.208,1048.468,-238.144
150.060,1030.412,-216.428
140.056,1026.752,-225.700
156.404,1026.752,-262.788
171.288,1059.692,-250.344
126.880,1039.928,-195.444
126.392,1009.428,-219.600
72.224,1014.308,-206.668
88.084,1043.588,-273.768
38.064,1074.332,-265.228
59.780,1030.656,-287.188
51.240,976.488,-241.804
38.064,929.640,-196.420
22.204,917.684,-183.976
6.832,932.080,-117.852
16.836,963.556,-224.480
-5.368,987.712,-182.756
15.128,998.692,-199.836
22.692,990.884,-202.520
40.748,998.448,-141.764
62.708,993.812,-138.592
66.368,1008.208,-119.072
64.660,1022.360,-109.800
61.976,1026.752,-94.672
77.104,1010.648,-75.396
111.996,998.936,-83.204
97.356,1007.476,-66.856
112.484,1034.072,-77.592
77.104,1072.136,-79.544
56.120,1082.628,-58.804
31.964,1094.584,-52.704
40.016,1144.116,-99.064
56.608,1214.388,-158.356
16.592,1224.636,-157.136
17.324,1179.740,-122.488
148.352,1084.092,-37.088
303.048,961.360,-38.064
494.344,803.980,-19.032
508.984,750.056,112.484
661.484,614.636,239.120
646.844,424.316,370.880
575.352,312.564,480.192
904.020,291.580,378.200
1039.440,258.396,117.852
959.652,257.176,15.616
1028.460,385.276,-73.932
928.908,338.916,-120.292
825.452,328.180,-82.472
681.248,305.244,-62.952
589.748,299.876,-56.120
393.328,310.368,46.848
436.760,287.188,59.048
335.988,214.232,82.472
410.164,177.876,25.620
408.944,159.820,-53.924
244.488,180.316,-51.972
164.700,178.364,-66.856
145.180,114.192,-58.316
288.164,53.680,-81.252
429.196,-24.644,-109.800
402.600,-23.912,-126.392
195.688,35.380,-29.524
227.896,97.112,53.680
397.476,-23.424,-66.124
633.424,-85.156,-280.112
763.476,-91.012,-466.040
622.932,43.188,-296.460
528.992,-27.084,-94.672
800.808,-227.652,-235.704
1243.912,-379.176,-531.188
1715.808,-421.388,-824.232
1538.176,-335.256,-544.364
1383.724,-405.772,-112.972
1742.648,-583.892,-127.368
2101.084,-708.576,-439.688
2399.008,-650.260,-735.904
2084.980,-574.620,-589.504
1869.772,-386.252,-445.056
1877.580,-447.496,-289.384
1923.940,-490.928,4.880
2153.544,-455.548,63.684
2157.692,-343.064,98.576
2174.772,-237.900,-21.960
1952.976,-203.984,-19.520
1920.280,-93.696,-80.276
2011.292,-117.120,-64.416
1926.136,-161.284,-12.200
1804.868,-193.492,38.796
1800.476,-216.916,18.300
1830.488,-233.752,73.444
1763.632,-261.080,160.064
1567.212,-301.584,279.868
1435.452,-293.288,396.744
1384.944,-350.384,418.216
1272.948,-371.612,372.100
1161.440,-304.024,287.676
989.176,-214.964,296.460
742.980,-151.036,341.600
645.136,-142.984,339.648
572.668,-149.816,347.212
493.124,-136.396,184.220
616.832,-103.212,95.160
688.812,-127.124,66.368
812.520,-128.100,-10.004
738.832,-116.632,-30.500
325.496,-81.008,-69.784
477.752,134.200,-148.840
908.900,145.180,-298.412
918.660,-16.104,-83.936
720.776,-247.660,41.968
493.612,-338.184,-95.892
177.144,-189.832,10.492
73.444,0.244,-31.964
-241.316,274.988,-29.524
-609.756,580.720,-52.704
-831.064,972.828,-19.520
-434.076,1027.484,-154.940
-329.156,1004.792,-205.204
-464.332,925.004,-170.556
-331.840,872.056,-160.064
-343.796,964.532,45.140
-182.024,996.984,-7.320
-117.364,1101.904,-102.236
-149.816,1103.368,-36.112
-54.900,1075.552,-105.896
-29.280,1040.416,-61.976
152.256,972.340,-63.440
168.360,984.052,-58.072
55.144,998.448,4.880
135.176,1006.988,-96.868
137.616,1094.096,-204.472
31.476,1119.472,-141.032
132.004,1037.488,-210.572
110.044,997.960,-161.284
-40.504,980.148,53.680
-45.628,897.188,108.824
-29.280,871.568,166.408
50.752,881.328,101.016
122.000,952.820,39.772
100.284,1038.220,-28.792
69.540,1060.668,-20.740
107.116,1038.464,-57.828
78.324,1019.676,24.888
114.436,988.932,32.452
28.792,977.708,74.176
35.868,952.820,52.704
103.944,965.508,-33.672
33.672,987.712,41.480
19.520,981.124,57.828
14.640,979.416,42.456
75.152,955.016,6.100
49.288,959.896,30.256
113.216,979.904,-42.212
84.180,1017.236,-67.100
64.416,1033.340,-24.888
51.972,1019.676,-3.172
11.224,993.080,10.004
10.492,972.828,14.396
51.972,970.144,-21.716
42.700,996.984,-76.372
-10.736,1011.380,-7.564
15.372,991.372,-35.136
-13.420,987.956,14.152
43.920,987.712,-9.760
66.856,993.568,-61.244
70.760,1012.356,-20.252
98.088,1007.720,-61.244
47.092,1015.528,-2.196
55.388,997.716,3.660
64.660,976.244,0.976
54.412,971.364,22.204
90.524,962.336,-14.884
67.832,965.020,6.588
69.052,990.152,10.492
49.532,990.640,22.936
49.288,978.196,12.932
43.432,971.852,13.176
63.440,978.440,12.200
73.688,990.152,6.100
101.504,1009.428,-33.916
53.192,1016.992,10.980
59.292,1006.012,25.620
77.104,983.808,63.196
111.020,974.536,89.792
156.404,967.948,177.876
181.536,981.124,231.556
142.252,987.712,292.800
95.892,1010.892,372.588
121.512,1030.412,363.560
117.120,1016.260,373.808
148.596,963.800,366.000
179.340,910.852,340.624
170.312,913.292,353.556
169.580,918.660,332.816
158.844,921.344,280.600
144.936,925.980,233.996
122.488,937.448,199.592
105.164,935.984,189.832
74.908,940.376,149.572
79.300,948.672,100.040
78.812,954.772,61.000
75.884,974.780,-2.440
53.924,981.124,12.688
59.048,974.780,42.212
113.216,960.384,36.844
142.984,981.612,4.148
128.832,1032.608,-15.372
179.096,1075.308,-64.172
192.516,1081.164,-48.800
244.976,1079.212,-99.308
290.604,1096.780,-177.388
271.816,1084.580,-155.428
281.820,1042.124,-172.508
259.860,1011.868,-192.028
266.448,1004.548,-214.232
236.680,986.736,-240.096
217.892,978.440,-235.704
212.280,962.580,-215.940
192.028,970.876,-220.576
165.676,1001.132,-237.412
162.504,1004.792,-234.484
199.836,990.152,-248.880
196.908,991.860,-197.152
224.236,962.580,-157.868
200.324,938.180,-77.836
193.980,927.444,-50.264
183.488,939.888,-49.044
200.568,951.356,-72.712
207.888,968.924,-52.704
219.600,983.564,-43.920
187.880,992.348,-16.348
151.524,1021.872,8.784
128.588,1051.152,38.552
101.016,1077.748,52.216
160.796,1098.976,-4.636
223.748,1143.628,-52.216
194.224,1215.120,-77.348
45.872,1214.876,-36.844
22.448,1219.756,-40.992
266.204,1186.328,-72.956
430.660,1075.064,-85.888
475.312,921.344,-78.812
490.684,689.056,62.708
730.292,526.308,233.264
1010.160,258.396,357.704
897.432,76.616,603.168
943.060,-7.564,546.560
934.764,-25.864,266.936
868.884,88.328,178.120
1118.008,158.600,59.292
950.136,172.264,95.648
774.456,137.372,105.896
633.424,137.128,88.572
452.864,129.808,87.108
355.020,110.776,88.816
24.400,18.544,189.344
-46.360,-4.148,156.648
-26.352,-41.480,77.592
-232.288,-38.308,101.504
-79.300,25.864,88.084
102.968,29.768,-6.344
217.892,-22.204,-142.252
218.624,-120.780,-239.852
171.776,-212.524,-274.744
217.404,-156.892,-120.292
411.140,-234.972,-152.012
491.660,-367.952,-314.272
1073.844,-382.836,-798.124
1190.476,-308.904,-796.416
1234.152,-380.884,-576.084
1453.752,-638.060,-550.464
1867.332,-872.788,-783.484
1985.428,-897.188,-662.704
2056.920,-917.928,-555.588
2241.872,-1031.144,-471.408
2391.688,-1100.440,-478.972
2428.044,-1081.164,-358.680
2394.616,-1000.156,-254.492
2491.484,-1017.724,-319.884
2575.420,-996.252,-265.716
2486.360,-1057.252,-31.232
2343.132,-1125.084,232.532
2179.164,-1201.700,448.716
2087.176,-1186.816,439.932
2017.392,-1106.296,535.580
1685.064,-1119.228,743.712
1344.684,-1139.968,817.156
1084.824,-1082.140,728.828
750.788,-922.808,666.852
613.172,-722.484,536.068
395.768,-541.192,402.356
208.620,-369.904,270.840
137.372,-239.852,82.228
80.520,-119.072,123.952
89.548,-57.340,82.716
62.952,-51.484,56.120
183.244,-12.444,61.000
208.132,4.392,82.472
338.672,45.872,38.308
554.612,50.020,-13.176
916.952,37.088,-182.268
1258.308,-4.636,-146.400
1439.844,-126.880,-130.784
1547.448,-190.320,-121.512
1506.700,-357.216,-216.428
1071.404,-438.468,-106.140
744.688,-373.320,-132.980
-201.788,-87.840,301.096
-1366.888,683.688,445.056
-311.832,1132.160,112.972
-325.496,973.560,22.692
-796.660,913.292,269.376
-480.680,769.576,-127.856
-597.068,721.264,40.504
-292.068,783.240,-56.364
-284.504,914.512,15.372
-138.348,915.244,-42.212
11.224,952.088,-103.212
29.036,1024.800,-40.504
119.804,1004.060,-80.032
119.560,1014.064,-140.544
30.012,1104.100,-76.128
65.148,1111.908,-111.020
61.244,1065.304,-165.920
-51.728,1066.768,-52.704
16.348,1014.552,-48.068
5.124,972.828,-36.600
-0.732,962.824,42.212
109.068,934.764,-50.020
84.912,960.872,-42.944
86.376,1008.208,5.368
100.040,1015.284,-3.660
26.352,1018.456,34.160
38.552,1011.868,36.600
79.788,1038.464,-45.140
36.844,1064.084,-10.004
54.656,1047.492,8.296
60.512,1029.924,24.400
72.956,1006.744,28.548
114.680,965.752,71.736
125.172,958.920,67.100
104.432,970.632,75.152
138.348,957.944,29.280
98.576,1010.892,45.140
118.584,1029.436,17.324
68.076,1034.804,-7.320
5.368,1030.900,26.596
-10.736,990.396,22.936
-3.904,952.088,-16.592
13.908,937.448,-44.896
5.856,951.844,-8.052
66.856,971.364,-81.496
34.160,993.324,-22.692
36.600,974.048,-22.692
24.400,957.700,-14.396
87.352,952.088,-14.396
70.272,970.632,-12.200
50.508,969.656,34.404
53.924,974.048,36.356
35.136,982.344,10.492
16.592,979.660,50.264
33.672,963.800,7.564
30.256,942.816,0.488
37.820,936.960,68.320
89.060,955.748,104.920
45.872,966.728,228.140
33.184,965.264,273.036
19.520,924.516,364.048
150.792,951.112,319.640
216.672,1007.476,227.896
278.160,1062.864,194.468
271.328,1046.516,180.560
263.764,988.200,186.660
205.692,929.396,259.128
157.380,903.776,275.964
110.288,896.700,269.864
86.376,935.984,189.832
67.100,963.068,174.216
98.088,1007.720,44.652
113.948,994.788,30.256
115.168,958.188,75.152
137.372,908.656,127.368
169.092,903.776,163.968
236.680,924.760,146.644
240.584,961.604,88.572
258.152,1038.464,25.376
237.412,1070.916,36.356
239.608,1083.848,12.688
238.876,1093.852,30.988
237.900,1083.604,22.204
274.256,1071.404,-34.404
252.784,1088.484,-28.304
233.264,1078.968,-6.344
241.804,1069.940,-29.768
256.932,1060.424,-63.196
235.460,1053.348,-46.116
203.496,1034.804,-34.648
200.568,1003.084,-58.560
199.836,996.252,-69.296
189.832,1006.500,-129.808
176.412,1028.704,-170.800
148.108,1025.532,-188.368
132.004,1017.236,-239.364
136.152,1006.012,-237.168
124.684,973.072,-190.076
100.528,929.640,-146.156
91.256,907.192,-144.448
68.320,913.292,-143.716
59.292,931.348,-190.320
23.912,939.888,-200.080
19.764,950.380,-212.280
17.324,962.336,-198.128
27.572,948.916,-145.912
40.260,918.904,-127.368
33.672,931.348,-118.096
61.976,956.724,-97.356
52.460,956.724,-48.556
37.088,965.020,-39.284
59.048,996.740,-41.236
65.636,1046.760,-11.468
77.592,1062.620,-10.248
85.644,1084.824,-19.032
51.240,1084.824,13.908
74.664,1115.568,26.352
153.720,1133.868,41.236
159.332,1144.360,42.456
156.648,1194.624,-32.452
88.328,1234.884,-10.004
0.488,1211.216,11.712
-132.248,1121.912,26.596
91.988,1028.948,-15.860
214.476,948.428,-31.232
220.088,795.196,-6.344
87.840,612.684,43.432
157.868,496.296,46.604
1022.848,296.948,-64.172
707.112,191.052,195.932
508.740,16.592,443.104
1191.452,0.244,433.100
1077.260,-256.688,348.676
1124.108,-106.140,190.808
1334.924,25.620,-41.968
1439.112,21.716,-13.664
1460.340,20.740,15.616
1069.696,-17.080,118.096
936.716,64.172,116.876
669.292,122.732,70.272
529.236,212.524,72.468
476.776,195.200,51.484
406.748,142.740,64.904
187.880,65.148,103.456
248.392,-11.956,66.856
330.620,-105.408,-0.732
233.264,-264.008,110.288
161.528,-186.172,303.536
59.048,-174.460,265.228
25.620,-152.256,95.404
329.644,-3.660,-180.560
431.880,57.584,-135.176
480.680,42.700,-70.028
530.700,-60.024,-247.172
799.100,-147.132,-414.068
778.848,-175.436,-396.500
825.208,-144.692,-182.756
922.076,-307.928,-248.880
1053.836,-379.420,-454.816
1532.564,-390.400,-793.000
1612.352,-465.308,-951.844
1543.544,-478.972,-726.876
1591.368,-629.276,-329.644
1843.664,-825.696,-331.108
2143.540,-915.976,-488.000
2038.376,-795.684,-365.024
2006.412,-650.992,-309.636
2042.524,-651.480,-157.868
2059.360,-783.240,-75.640
2174.528,-856.440,29.280
1992.992,-737.124,39.772
1975.180,-559.004,-84.668
1834.636,-485.072,-92.964
1783.396,-545.584,-40.748
1695.800,-585.356,88.572
1542.568,-634.156,261.568
1573.068,-657.580,366.000
1574.532,-710.040,416.752
1408.124,-738.832,494.100
1429.108,-720.044,447.984
1254.404,-717.848,438.468
1127.768,-631.228,413.092
1078.968,-599.508,403.576
906.460,-599.752,352.824
719.556,-461.892,285.968
676.124,-278.160,131.760
629.520,-251.076,160.308
750.788,-326.228,95.892
575.840,-411.140,138.104
214.720,-359.900,161.284
458.232,-174.948,7.320
714.676,-93.696,-26.352
1002.840,-55.876,-179.828
1142.408,-53.680,-97.600
880.352,-192.272,-47.580
556.076,-98.088,18.056
591.944,26.352,-142.496
714.188,61.488,-247.660
567.056,44.408,-62.220
41.480,210.816,148.352
-693.936,701.988,197.640
-639.524,1026.264,275.720
135.664,1021.384,-116.876
-118.584,1056.520,-194.468
-220.820,948.672,-65.636
-214.476,888.648,-105.164
-179.340,841.312,-150.304
-162.748,903.776,-53.192
-187.636,946.720,-67.588
-168.116,976.976,-136.884
-177.388,963.068,-117.608
-111.752,945.012,-134.932
-67.832,912.804,-108.092
14.396,915.000,-63.440
8.540,934.276,-38.552
131.516,949.160,-120.780
13.176,985.516,-72.712
5.612,973.072,-102.480
20.008,949.892,-88.572
72.468,947.940,-54.412
37.332,947.208,17.568
93.940,951.844,15.128
101.748,998.936,-33.184
87.352,1022.116,0.732
113.704,997.228,-11.468
174.704,966.728,-37.820
84.668,975.512,42.700
77.104,952.820,57.584
58.316,956.724,55.876
131.760,965.264,-27.084
143.228,1011.380,-42.944
108.824,1031.632,-56.852
42.700,1006.988,3.904
46.360,955.992,19.520
42.944,931.836,43.188
74.420,932.080,63.440
161.040,955.748,-14.640
130.784,1007.232,-16.592
132.492,1043.832,-59.048
123.464,1063.840,-41.968
109.800,1057.984,-25.132
121.024,1025.532,-26.352
132.004,1002.840,-16.348
108.336,985.028,22.692
115.412,972.096,40.748
133.224,971.120,50.996
115.656,995.520,41.236
115.656,1001.376,61.488
126.880,992.836,83.448
134.444,981.368,120.292
124.440,982.344,158.356
116.632,972.340,226.920
125.904,977.220,244.732
152.256,980.636,232.776
158.600,992.592,239.364
157.380,989.420,245.952
148.840,984.052,244.244
168.116,994.300,242.780
186.172,1006.744,211.304
167.628,1008.208,224.236
207.156,1005.524,186.172
211.792,1000.888,167.872
189.344,1016.992,203.984
197.396,1032.608,156.160
231.068,1037.000,132.492
244.976,1036.024,117.120
209.840,1026.996,136.884
262.056,1009.916,93.208
223.260,1013.820,116.632
243.024,986.248,123.708
227.408,961.116,135.908
237.656,955.748,111.264
214.476,976.732,80.764
171.532,986.736,74.420
160.796,990.152,14.640
170.068,981.124,-8.540
168.848,983.076,-20.984
201.300,968.680,-16.836
183.000,949.404,-8.540
184.220,921.344,-11.468
171.532,901.824,-57.828
163.236,917.928,-82.228
138.592,943.060,-134.688
99.796,957.700,-132.980
65.392,957.700,-124.684
35.868,941.108,-160.796
49.776,928.176,-222.772
65.392,939.888,-282.796
43.188,951.844,-271.084
33.916,938.668,-229.360
23.424,915.976,-206.668
41.968,899.140,-279.136
32.696,942.572,-293.532
22.692,990.152,-305.000
18.300,1016.748,-329.400
8.296,1012.844,-271.084
-10.004,980.392,-249.368
36.600,970.388,-267.424
71.736,983.076,-227.652
106.140,984.296,-205.204
88.084,979.660,-176.656
55.632,995.764,-195.200
58.072,1004.548,-156.160
48.312,1000.888,-141.276
51.484,993.568,-140.056
68.564,990.640,-105.164
77.592,996.496,-104.676
93.696,1017.480,-117.364
79.300,1027.240,-103.212
71.492,1019.920,-90.768
29.524,1000.400,-53.436
57.584,1002.108,-97.356
200.568,1047.492,-200.324
226.188,1089.460,-160.796
173.240,1091.168,-89.304
130.052,1057.496,-49.288
94.672,1023.580,11.956
75.884,1018.700,42.944
246.196,1007.232,-80.032
296.460,964.044,-104.188
289.140,916.708,-54.900
320.616,853.024,28.548
348.920,771.772,95.404
242.292,681.736,156.404
585.356,609.268,106.872
538.264,472.872,142.252
634.156,419.924,194.224
949.404,236.436,99.796
882.060,157.868,172.264
1061.400,75.640,108.580
1317.844,31.476,32.208
1110.688,-45.872,83.448
1126.548,8.540,112.240
1261.480,-74.908,-11.468
1189.744,-46.604,91.256
1139.480,-52.948,182.756
1174.860,-81.252,177.144
1121.668,-95.892,160.552
1091.168,-7.808,105.896
1038.464,90.280,102.968
1040.904,89.548,83.692
1028.704,69.052,104.920
849.852,49.532,141.520
926.712,83.204,130.540
926.956,49.044,114.436
837.164,42.212,123.708
857.172,54.900,103.212
739.564,23.912,79.056
570.228,10.248,51.728
483.852,-25.376,34.160
271.572,-39.528,58.316
50.508,-30.256,56.364
49.288,-9.516,4.880
53.436,-35.380,-11.956
271.816,-40.504,-85.156
334.280,-83.204,-72.956
219.844,-108.580,-10.492
401.136,-121.024,-96.624
522.160,-139.812,-67.100
670.024,-158.356,-69.052
744.444,-202.520,-82.472
902.556,-256.200,-242.292
1268.068,-230.580,-532.652
1100.440,-160.796,-480.192
1177.300,-175.924,-416.508
1262.944,-346.724,-431.392
1530.368,-429.928,-627.080
1834.148,-461.160,-808.860
1698.240,-453.840,-740.296
1591.368,-498.004,-589.504
1687.992,-626.836,-482.388
1665.788,-740.540,-387.472
1813.896,-649.284,-376.736
1824.632,-572.424,-284.504
1734.840,-546.072,-89.548
1987.380,-594.628,-93.452
2016.904,-677.100,80.764
1953.220,-636.352,141.520
1983.476,-632.204,151.768
1856.840,-663.436,248.636
1750.456,-699.548,323.056
1729.228,-693.204,365.512
1573.800,-665.144,411.872
1531.832,-616.832,483.852
1446.676,-566.324,476.288
1400.804,-531.188,410.164
1400.316,-517.036,318.176
1270.752,-541.924,319.640
1056.764,-529.480,376.248
867.664,-526.796,356.728
921.344,-440.664,295.728
855.220,-378.200,213.500
672.220,-277.428,151.036
605.608,-152.256,40.260
466.040,-83.692,64.904
337.940,16.348,90.524
343.064,56.608,104.188
454.572,72.224,43.920
716.384,89.548,-45.872
1201.456,53.924,-231.800
1214.876,-65.148,-212.768
1073.112,-116.876,-176.900
591.944,-118.828,161.284
581.208,53.436,-10.004
772.992,192.516,-206.424
388.936,290.848,-120.292
-294.264,538.996,176.168
-689.544,774.212,214.476
-374.540,830.332,116.632
-35.380,871.568,-71.248
-197.640,874.008,-56.852
-339.404,877.180,-54.168
-300.608,847.656,-119.072
-261.812,855.708,-67.832
-251.808,923.296,-120.780
-277.428,965.996,-152.500
-322.080,967.948,-120.536
-261.080,938.424,-147.132
-211.548,916.708,-127.856
-110.532,929.884,-99.064
-128.588,946.476,-15.860
-58.804,967.948,-85.400
-92.964,986.004,-44.652
32.452,975.024,-113.704
26.596,1016.504,-93.696
-1.952,1001.864,-10.980
-2.196,965.508,23.424
82.228,956.480,-22.936
12.688,966.484,15.860
53.680,988.932,-7.320
75.396,996.740,-55.388
100.528,994.544,-39.040
112.728,1005.280,-70.028
42.944,1018.212,-7.564
-18.056,1030.412,14.640
-47.580,1012.112,28.792
14.396,1001.864,-10.248
17.568,1001.132,-25.864
25.620,1018.212,-3.172
29.280,1021.872,-6.832
25.620,994.544,28.792
97.356,983.076,12.200
99.064,1000.400,-1.464
100.528,995.032,37.576
113.948,978.684,13.420
124.684,974.292,20.252
73.200,971.608,41.236
53.436,978.928,54.656
79.544,984.784,45.140
91.988,987.468,51.728
120.292,996.008,59.048
100.528,1017.480,79.788
57.340,1043.100,129.320
61.976,1058.472,154.940
59.048,1062.620,193.736
83.204,1053.104,197.640
86.132,1043.100,224.236
118.340,1025.776,240.096
138.104,1030.412,244.244
172.996,1055.300,240.340
188.368,1067.744,225.456
195.444,1080.676,194.224
170.556,1085.068,184.952
181.780,1064.328,177.876
206.180,1043.832,146.400
204.228,1062.376,127.612
210.084,1101.172,101.748
170.800,1115.568,71.004
132.736,1116.544,20.496
112.728,1097.512,16.348
127.612,1068.720,13.664
156.648,1066.280,-24.156
136.640,1115.324,-30.256
117.852,1124.108,-60.512
73.688,1115.080,-54.412
72.224,1109.224,-42.944
110.044,1089.948,-113.948
101.504,1064.084,-154.208
119.072,1021.628,-177.144
46.848,989.664,-100.040
49.044,938.912,-102.724
108.092,901.824,-187.148
82.472,870.836,-183.244
76.860,818.620,-162.992
48.068,803.492,-131.516
52.704,821.060,-170.068
29.524,867.664,-206.180
-14.396,877.424,-206.912
-12.444,851.560,-158.600
4.636,821.304,-96.868
-0.732,831.308,-36.600
9.028,845.216,20.740
15.372,858.636,-41.480
42.212,908.900,-137.860
-2.928,975.268,-120.048
-7.808,989.908,-96.380
-10.492,959.896,-79.788
-32.696,940.132,-56.364
-5.368,929.640,-25.132
8.296,943.548,-17.080
61.732,945.988,-89.792
27.328,966.728,-64.904
-55.876,979.172,-22.936
-106.872,994.788,-6.588
-133.468,1053.104,24.156
-138.836,1154.120,-7.564
-203.984,1286.368,26.352
-289.872,1398.852,37.088
-354.532,1435.696,11.468
-53.192,1387.628,-112.240
150.304,1301.984,-233.508
109.312,1034.072,-186.904
538.752,747.372,-66.612
778.116,438.468,151.036
782.752,152.012,371.856
850.584,-16.592,541.192
972.096,3.416,476.288
830.576,124.684,366.488
924.272,170.800,79.300
880.596,153.720,-12.688
912.316,230.336,-115.900
704.184,235.704,-136.640
449.936,284.748,-1.220
211.548,290.848,118.340
143.716,315.736,191.540
2.928,245.220,239.608
96.868,154.696,135.420
7.564,45.384,127.856
-106.628,79.056,241.316
43.432,41.236,157.624
263.276,56.608,22.692
449.692,-18.300,-224.968
377.956,-89.548,-358.924
52.704,-40.504,-179.096
-66.368,-28.548,117.120
206.180,-239.120,-165.920
594.628,-344.528,-407.968
771.772,-291.824,-515.328
532.652,-269.132,-285.724
653.188,-363.316,-165.432
1073.112,-532.896,-200.812
1610.644,-691.740,-546.316
1931.260,-715.164,-815.692
1792.424,-522.648,-587.796
2001.532,-585.844,-540.460
2184.776,-841.556,-524.844
2389.980,-951.356,-418.948
2249.436,-1108.980,-404.552
2131.340,-1075.064,-467.992
2109.136,-933.300,-485.072
1830.244,-757.620,-229.604
1844.152,-764.208,4.392
2044.232,-978.684,66.856
1995.920,-1041.880,51.972
2357.772,-954.040,-83.692
2246.508,-948.184,88.084
2104.500,-1051.152,310.124
1911.252,-1161.684,522.404
1872.212,-1184.376,615.368
1926.624,-1129.964,561.932
1918.572,-1135.088,377.712
1713.612,-1088.972,325.496
1361.032,-1043.344,466.040
1057.496,-951.844,465.064
1000.400,-907.924,386.496
777.384,-875.228,293.044
582.916,-746.152,274.500
485.072,-646.112,88.328
276.208,-521.428,22.448
30.744,-283.284,-68.808
-48.312,-95.892,-117.852
-271.084,42.212,-117.364
-324.764,181.536,-64.416
-172.264,181.780,-39.040
-91.256,186.904,0.732
-0.244,197.640,19.520
50.020,216.916,6.832
247.416,283.772,-64.904
534.848,296.948,-221.796
811.300,316.468,-284.260
1067.500,350.628,-194.956
1325.408,223.992,-164.456
1458.388,51.972,-323.544
1128.012,-9.272,-37.332
871.080,57.340,-56.852
911.096,47.824,-312.076
356.972,47.580,57.340
-720.288,446.276,267.424
-1278.804,1220.244,507.276
59.048,1009.428,-33.916
-569.252,1079.944,205.448
-473.116,953.064,56.120
-516.060,920.856,66.124
-402.600,943.304,51.972
-420.656,1074.088,45.872
-362.340,1087.508,51.728
-295.240,1033.828,11.468
-183.488,1017.724,-26.840
-88.572,1015.528,1.220
-62.220,1043.832,6.588
-119.560,1028.948,62.464
-77.104,971.608,14.396
-138.836,967.948,-59.048
-120.536,955.992,-1.952
-51.240,927.200,-41.236
-87.596,934.520,-66.124
-166.164,936.716,7.564
-145.912,938.668,-16.592
-29.280,977.952,-181.048
-84.180,1031.388,-171.776
-74.664,1035.048,-127.612
-92.964,1000.156,-138.348
-88.084,967.704,-105.408
-23.424,1002.840,-163.236
-77.836,1016.016,-27.084
-55.388,971.852,-23.668
-67.344,928.176,-39.284
-88.328,925.492,16.836
-50.264,945.500,-27.572
-53.192,979.904,-28.548
-95.160,995.520,6.344
-86.132,984.296,-40.260
-29.280,1008.452,-93.452
30.012,1056.520,-151.036
7.808,1073.600,-136.640
9.760,1030.412,-91.500
-61.244,970.144,-25.864
-65.148,919.636,6.588
-33.428,892.552,-3.660
22.936,888.892,-49.288
54.168,877.424,-65.392
40.992,867.420,-31.476
47.092,854.244,-4.636
66.368,837.652,13.664
18.788,845.948,2.684
14.152,863.760,-27.572
-7.320,895.480,-63.928
-3.172,921.588,-54.412
-6.832,969.412,-58.804
-14.152,984.784,-96.136
-50.264,956.968,-53.680
34.404,950.868,-91.744
6.344,1020.408,-31.476
11.712,1117.276,-111.996
-93.940,1159.488,-56.852
-132.736,1126.792,-7.808
-75.884,1065.792,-32.940
-37.332,1037.000,3.660
-29.768,1028.948,101.504
-30.500,1049.688,68.320
-87.840,1110.932,23.180
-86.864,1120.936,5.856
-34.404,1087.508,-18.056
68.564,1058.228,-36.112
82.228,1053.348,0.244
106.140,1054.080,10.736
103.700,1059.936,-41.724
16.348,1077.504,17.568
26.840,1057.740,-6.588
46.360,1031.388,-12.200
23.912,1030.412,-4.148
30.744,1012.112,-30.012
2.928,999.424,18.788
-19.520,977.464,12.932
17.080,986.980,-12.200
-2.928,1017.480,-12.688
20.008,1006.012,-12.200
-2.440,997.472,5.124
-5.856,992.104,42.700
69.784,976.244,5.612
38.796,1016.504,1.220
37.088,1022.116,-20.008
64.416,1030.900,-47.580
17.568,1056.276,-31.232
-36.112,1021.628,13.664
-44.164,979.172,23.424
17.324,924.028,-20.496
