acc_x[mg],acc_y[mg],acc_z[mg]
-91.500,981.856,-93.452
-102.724,985.272,-84.424
-89.548,981.856,-84.668
-93.940,974.536,-91.744
-103.212,985.028,-106.140
-105.164,987.468,-102.480
-107.848,986.736,-94.916
-76.616,984.296,-106.628
-94.672,977.464,-77.592
-107.116,978.440,-73.444
-103.212,978.440,-91.744
-105.896,980.392,-106.872
-103.944,978.928,-110.776
-104.676,976.976,-104.188
-113.704,977.708,-92.964
-101.016,976.732,-98.332
-96.624,980.636,-111.020
-96.624,988.444,-103.212
-88.816,981.124,-85.644
-88.572,976.976,-83.936
-84.912,988.688,-96.868
-88.084,984.052,-92.232
-98.332,979.172,-90.280
-94.672,977.464,-105.652
-108.092,976.976,-96.624
-110.044,977.464,-90.280
-91.744,967.216,-104.920
-100.284,964.044,-88.328
-104.676,971.364,-91.744
-114.924,978.440,-91.500
-106.628,986.004,-95.404
-79.056,990.396,-106.872
-95.404,984.784,-69.784
-85.156,984.296,-73.200
-56.608,990.396,-88.572
-63.684,993.568,-98.576
-73.932,983.808,-107.848
-89.548,987.224,-98.088
-85.644,986.736,-103.700
-93.940,976.244,-81.740
-103.212,967.704,-69.052
-106.140,973.560,-81.496
-105.652,976.000,-96.380
-105.408,974.292,-87.596
-102.236,969.168,-79.544
-94.184,968.192,-84.424
-74.176,972.828,-108.336
-81.984,978.684,-119.316
-101.748,982.588,-108.824
-90.524,979.416,-105.896
-94.672,977.952,-101.504
-105.164,983.320,-106.628
-92.964,988.444,-115.900
-88.328,983.320,-104.432
-96.380,978.684,-78.568
-81.984,978.440,-74.176
-78.568,978.684,-87.108
-81.008,981.612,-96.380
-80.520,986.492,-96.868
-92.720,988.932,-103.456
-94.672,981.612,-110.044
-102.968,984.540,-114.436
-101.504,979.904,-124.684
-102.968,986.736,-116.388
-96.380,979.416,-115.656
-102.236,979.172,-109.556
-105.408,986.980,-101.016
-111.264,987.224,-81.008
-108.336,990.152,-83.692
-104.676,993.568,-89.548
-117.608,1010.160,-88.084
-104.920,1014.308,-78.812
-121.268,1021.384,-76.128
-147.132,1017.236,-78.568
-236.924,1017.236,-61.244
-368.928,1010.404,-51.728
-391.620,1062.620,-174.216
-534.604,1164.856,-235.460
-650.748,1128.988,-397.476
-980.148,1061.888,-312.808
-735.172,608.780,12.932
204.472,313.540,315.980
822.768,312.564,372.100
1150.704,368.440,159.332
1341.756,570.716,-133.712
996.496,494.832,-82.228
784.948,374.784,250.588
807.640,330.132,237.900
1123.864,305.244,34.648
1167.540,214.232,160.552
1036.268,225.944,303.048
1056.276,263.764,236.680
934.764,265.960,233.996
1066.524,294.020,164.456
929.152,287.920,188.612
782.508,292.800,249.612
839.604,307.440,185.440
761.280,302.560,142.740
695.156,339.892,155.916
703.452,349.652,84.668
709.308,308.660,68.564
731.756,309.392,68.808
720.044,276.696,22.448
477.020,213.744,117.852
573.156,255.468,137.616
548.512,199.836,152.500
635.376,176.900,138.348
617.564,169.092,116.632
658.068,140.300,124.196
758.840,105.164,43.676
778.604,46.604,-53.436
752.008,38.064,-31.476
756.644,2.196,15.128
743.712,-61.244,42.212
846.924,-58.072,11.224
703.696,-76.860,34.160
756.400,-100.284,74.664
863.028,-182.512,-10.492
857.660,-191.784,-41.480
858.148,-223.260,6.344
863.516,-310.856,13.420
961.116,-341.356,-10.492
1066.280,-334.280,-15.860
1082.384,-388.936,30.500
1032.120,-478.484,47.336
1213.168,-479.460,9.760
1240.252,-520.696,26.840
1371.280,-566.080,-59.780
1537.688,-684.420,-58.804
1505.724,-765.916,145.424
1412.516,-773.968,185.440
1537.932,-705.648,161.772
1560.136,-728.096,223.016
1606.252,-728.584,189.588
1557.208,-690.276,133.224
1497.916,-640.744,76.860
1488.400,-613.904,85.888
1494.256,-677.100,187.148
1453.020,-721.508,306.464
1438.380,-758.596,339.404
1442.528,-772.016,414.556
1411.052,-758.108,481.168
1386.896,-727.120,453.596
1433.012,-696.620,393.328
1394.216,-711.748,418.460
1337.608,-706.136,465.552
1189.744,-709.308,486.780
1133.136,-658.800,478.972
1185.596,-605.120,404.064
1177.056,-575.352,324.032
1112.152,-548.024,281.820
1033.584,-520.696,250.832
1020.408,-496.784,206.668
949.648,-440.664,172.996
935.984,-375.272,125.904
891.332,-366.976,141.276
730.048,-358.436,158.600
749.812,-318.420,132.248
635.376,-241.316,177.876
527.284,-198.128,228.628
597.312,-148.596,126.148
633.668,-70.028,68.076
502.640,-2.684,107.604
552.660,33.672,52.460
577.792,69.052,16.592
558.028,113.460,40.992
654.896,98.088,38.552
568.032,77.104,50.264
673.684,150.792,34.404
613.660,172.020,39.284
697.840,166.896,10.492
710.040,191.784,-20.740
757.620,196.664,2.684
775.920,196.420,16.104
777.140,197.396,43.188
801.540,188.612,43.676
893.284,178.852,25.132
950.136,173.484,40.992
1035.048,172.752,5.368
1062.132,173.484,10.980
1171.444,184.464,57.584
1292.712,141.032,131.516
1415.200,130.540,214.964
1426.668,63.684,235.460
1437.404,65.148,171.044
1550.376,74.176,134.444
1493.280,-38.064,181.536
957.212,-8.784,347.944
623.664,94.428,210.084
235.460,296.948,140.056
-776.408,709.796,201.544
-916.952,1197.796,134.688
307.440,1055.056,-377.224
-123.464,968.924,-55.144
-253.760,874.984,112.972
-126.148,825.696,50.264
-213.988,902.068,-40.260
-99.552,1039.684,-311.100
-115.656,1065.792,-339.648
-110.288,1057.984,-260.348
-140.300,991.128,-64.172
-33.428,919.636,-7.076
-14.884,957.456,-89.792
13.908,983.564,-200.812
28.304,1044.808,-297.924
-43.920,1036.512,-229.848
-13.420,1017.968,-168.848
17.324,993.324,-112.240
73.200,973.560,-121.268
71.004,971.852,-89.792
68.076,956.236,-18.056
61.000,969.168,1.708
23.912,977.952,7.808
45.384,962.824,-11.712
67.588,966.240,-46.360
28.060,950.868,-25.132
54.412,940.620,-14.884
58.072,955.260,-8.296
31.232,995.032,-28.792
38.552,1014.308,-75.152
24.644,1017.968,-55.144
15.616,1010.160,-6.588
26.596,989.420,37.576
12.200,963.068,108.092
42.456,980.636,87.840
45.140,1009.672,59.780
20.008,1019.920,67.100
24.644,1012.600,87.840
26.840,1000.400,143.472
36.112,995.276,162.504
75.396,983.320,131.028
80.276,999.180,104.920
52.216,968.680,168.848
78.080,964.044,182.512
121.268,996.496,110.532
79.300,1006.256,66.856
47.336,999.912,50.508
39.040,1007.232,20.740
29.524,1007.476,0.976
1.952,1008.208,8.052
41.968,987.468,40.260
41.968,992.104,80.764
63.440,1016.992,14.396
98.576,999.912,0.000
114.192,976.000,58.804
81.008,995.276,77.348
123.952,1047.736,-18.788
105.896,1054.324,-37.088
97.112,1046.760,-36.844
81.496,1052.128,-53.680
89.060,1034.804,-41.724
103.700,978.684,41.480
122.488,966.972,71.980
132.492,967.460,-10.492
61.000,999.424,-46.116
48.312,1030.900,-93.940
75.152,1035.048,-148.352
120.780,987.224,-137.860
119.560,973.804,-93.696
127.124,987.956,-106.872
167.140,1006.744,-183.244
113.948,978.440,-156.404
102.480,967.460,-225.212
101.260,995.032,-278.648
35.380,963.312,-168.848
41.236,937.448,-177.876
60.756,975.512,-278.892
27.816,951.112,-235.948
44.408,911.828,-135.664
95.160,915.488,-135.664
88.084,958.676,-217.404
47.824,997.228,-256.688
36.356,1009.184,-255.224
17.568,972.096,-155.428
67.344,944.280,-137.860
110.532,965.508,-150.792
86.376,988.200,-103.212
74.176,992.104,-143.716
83.692,991.372,-204.228
34.648,1021.872,-195.932
23.424,1034.316,-218.624
48.556,1010.648,-168.360
47.092,964.532,-62.464
77.348,954.040,-51.240
67.832,981.612,-70.760
60.512,986.736,-69.296
53.924,972.096,-72.712
59.780,989.176,-118.584
46.848,1011.380,-106.384
51.728,989.908,-60.756
92.232,974.780,-71.736
83.692,971.364,-66.368
94.916,970.388,-70.760
75.152,964.288,-54.900
57.340,969.168,-63.928
49.044,991.128,-75.396
34.404,999.912,-70.760
41.480,992.348,-59.292
73.444,975.512,-52.704
88.084,1002.596,-58.560
73.200,1014.308,-49.288
82.228,1006.988,-66.124
107.848,1006.012,-81.984
96.868,1019.920,-70.272
71.980,1016.992,-64.416
90.524,997.228,-78.812
78.080,990.884,-74.176
57.828,1019.188,-92.232
3.660,1027.728,-82.716
-5.856,1032.364,-70.760
-15.372,1032.608,-40.504
-65.636,1066.036,-40.260
-53.436,1078.480,-75.152
-30.256,1107.028,-146.888
-129.076,1103.856,-120.292
-213.988,1125.572,-115.412
-310.612,1154.852,-162.992
-511.424,1104.344,-224.724
-376.492,905.728,-206.668
-187.880,523.868,164.944
100.772,240.828,447.008
781.288,106.384,427.488
1128.012,-41.236,662.460
1337.608,27.328,436.516
1298.568,161.528,-220.332
1217.316,251.808,-339.160
1231.712,281.332,-126.636
1196.576,250.344,-75.884
1153.876,231.312,9.760
1065.060,265.960,33.184
880.596,173.240,102.480
906.216,133.468,100.528
913.292,198.372,39.772
745.908,237.656,43.920
771.040,285.724,8.052
749.812,295.240,-10.980
670.024,276.696,35.868
720.044,292.556,62.220
668.804,246.684,86.376
718.824,232.288,49.776
731.512,220.576,54.656
652.944,180.072,124.196
664.412,175.924,160.796
688.568,176.412,134.200
756.400,154.696,42.944
736.636,73.200,26.108
642.696,75.396,107.848
652.700,93.452,136.396
656.116,24.156,156.404
718.580,-61.488,116.632
798.856,-69.296,15.372
882.304,-69.052,-87.108
801.540,-42.944,-9.760
761.768,-57.828,212.280
785.192,-155.672,165.676
884.744,-175.924,-34.404
1032.608,-209.840,-236.924
1069.940,-244.976,-229.116
884.744,-281.576,66.368
877.180,-381.128,153.476
1102.636,-413.336,34.892
1384.212,-385.764,-201.056
1328.092,-372.100,-178.120
1122.644,-406.504,-121.024
1069.696,-445.788,-111.508
1127.036,-481.656,-12.200
1243.668,-442.860,-34.892
1268.556,-457.256,-65.392
1312.232,-510.448,2.928
1366.400,-548.756,35.380
1474.248,-567.544,61.488
1406.416,-551.440,91.256
1488.888,-530.212,77.104
1596.736,-554.612,-4.392
1456.436,-660.020,91.500
1483.032,-658.068,173.972
1439.112,-650.260,165.920
1343.952,-586.820,20.252
1404.708,-487.756,-117.364
1465.464,-525.332,-59.048
1411.540,-640.500,181.048
1343.952,-728.096,340.136
1305.400,-708.088,357.948
1406.660,-645.380,324.032
1324.676,-641.964,341.356
1354.200,-636.596,453.840
1382.016,-667.584,493.368
1315.648,-650.992,462.624
1268.068,-599.508,358.680
1301.252,-528.260,286.700
1221.952,-529.724,295.240
1192.916,-506.056,387.960
1105.320,-484.828,401.136
1062.376,-427.732,323.544
1071.404,-384.544,247.904
989.908,-317.444,224.968
927.444,-279.868,262.300
888.404,-266.936,279.624
836.920,-213.988,274.500
841.312,-172.020,203.740
869.128,-130.784,139.080
909.388,-126.392,113.460
839.604,-148.108,147.376
733.708,-149.572,253.028
700.524,-123.708,247.660
678.564,-80.520,194.712
694.912,-16.836,145.668
534.604,32.208,107.604
534.116,87.108,168.848
556.076,82.472,166.164
538.264,86.620,158.844
518.500,138.836,143.716
608.536,152.012,116.144
584.868,132.736,107.604
578.768,188.612,111.752
659.288,197.396,93.452
656.848,178.852,116.388
770.552,191.540,77.348
788.120,188.124,59.536
772.260,218.624,52.216
810.324,266.448,38.308
837.408,274.988,44.164
854.976,230.824,77.104
916.220,219.844,98.088
879.132,199.836,97.844
976.244,246.196,102.480
1090.192,227.652,87.108
1213.168,264.984,92.476
1255.624,219.600,147.620
883.036,130.052,89.304
932.080,228.872,129.076
1247.084,246.196,179.096
1461.560,265.228,140.544
1585.756,248.880,108.824
1596.004,265.960,68.076
1380.064,224.236,233.752
1098.000,151.036,456.280
1208.044,287.920,249.124
1089.704,409.676,-81.984
521.428,330.620,62.220
202.520,500.444,111.508
-63.440,762.500,4.880
-197.396,786.900,4.392
-301.828,807.396,211.548
-261.568,831.064,223.260
-212.768,807.884,150.060
-184.952,858.148,-8.052
-213.256,853.756,10.736
-199.592,925.980,-44.164
-228.140,925.980,-35.624
-190.076,927.200,19.276
-203.984,936.228,42.212
-205.448,967.948,-4.148
-145.180,977.464,-120.292
-121.512,996.496,-173.484
-122.488,998.936,-138.836
-119.316,984.784,-56.852
-122.000,1001.620,-17.568
-120.292,972.584,-13.420
-56.852,971.852,-60.512
-78.080,995.276,-51.484
-60.024,1023.336,-85.644
-119.560,1012.600,13.664
-76.616,1012.356,24.400
-43.432,1015.528,-29.280
-14.640,1024.800,-105.652
-36.112,1043.100,-75.640
-61.488,1014.308,-18.056
-69.784,1007.964,33.428
-71.248,981.368,47.336
3.904,961.604,3.904
71.004,984.052,-61.976
55.876,1002.108,-87.352
-22.448,999.668,-35.868
0.488,990.152,-29.036
-10.980,980.392,3.660
-13.420,983.564,13.176
-22.204,1012.600,4.148
-41.724,989.176,9.272
-10.980,1005.280,-20.252
-64.660,1012.356,23.668
-48.312,1003.084,57.096
53.192,1013.820,20.984
-4.392,1005.524,73.200
33.672,989.176,71.980
46.116,1003.084,71.736
43.188,994.788,87.596
29.524,984.784,120.536
28.304,980.392,97.600
33.184,995.032,54.900
52.704,981.368,57.584
-5.368,962.336,135.420
-10.004,953.308,141.032
-1.220,935.496,159.820
4.880,945.012,185.196
19.032,954.772,188.124
24.888,967.216,167.872
24.644,968.436,181.536
-8.052,975.024,217.892
19.764,964.288,244.976
75.884,966.240,249.612
55.876,953.796,292.068
60.512,927.688,309.636
90.768,937.692,256.444
142.984,947.696,175.436
169.092,994.544,73.932
138.348,1047.980,-43.188
68.808,1035.292,-32.208
0.244,969.168,61.488
-41.236,932.812,180.072
12.932,919.392,248.148
115.656,937.936,208.864
151.280,987.224,128.100
124.928,1023.336,79.056
125.416,1048.712,56.608
177.632,1069.452,-8.784
205.204,1057.740,-4.392
166.164,1006.012,85.888
158.356,983.320,141.520
173.240,981.368,137.372
213.256,995.276,106.384
301.828,1013.088,-39.040
264.252,1062.620,-168.360
138.104,1042.612,-120.536
73.200,995.276,-38.552
86.620,978.928,-53.436
182.268,985.028,-102.724
273.768,971.852,-142.252
162.748,962.336,-76.128
152.012,945.256,-114.436
138.592,988.688,-175.924
142.008,961.848,-181.780
151.036,1010.160,-251.076
157.136,1049.688,-299.876
204.228,1009.672,-223.748
203.984,963.312,-136.884
189.588,982.100,-86.620
170.556,956.236,-40.504
178.852,941.840,-54.656
217.648,1022.116,-177.144
215.940,1049.200,-263.032
174.216,1053.348,-235.460
193.492,1036.268,-180.560
194.468,985.516,-123.220
201.544,949.404,-127.124
165.188,977.220,-138.104
137.616,962.336,-127.856
118.584,943.304,-109.068
130.296,981.612,-178.608
114.436,989.908,-201.544
46.360,961.604,-83.692
55.388,926.956,-28.792
98.820,942.084,-72.956
127.368,964.776,-90.036
134.444,964.776,-90.036
118.340,953.796,-66.124
127.368,953.064,-49.288
120.536,984.540,-54.168
107.848,1012.112,-36.600
113.460,1006.012,-33.428
119.804,1013.820,-48.068
124.196,1044.808,-57.096
115.168,1031.876,-42.456
149.084,1001.864,-28.060
188.368,988.444,-18.056
184.220,999.424,-0.244
142.252,1024.068,17.568
129.076,1006.988,11.224
64.904,990.396,66.368
-193.736,1071.648,0.244
-235.216,1321.504,-314.028
-212.036,1165.344,-334.280
-306.708,893.772,-7.320
-200.568,662.948,348.188
328.424,482.388,480.924
620.492,266.204,596.824
989.664,81.740,649.284
1299.544,87.840,489.220
1416.664,281.332,42.212
1407.636,380.640,-266.936
1153.876,351.604,74.420
1143.872,335.012,189.588
1009.916,288.164,206.424
1006.256,302.072,176.168
886.696,274.988,226.676
802.028,290.604,278.892
902.312,331.596,233.752
916.464,337.696,127.612
973.316,416.020,60.024
878.644,414.800,120.536
793.488,404.308,187.392
762.744,380.396,171.044
719.068,370.392,136.884
681.736,377.712,132.492
643.916,367.464,81.984
522.404,331.840,40.504
477.264,343.796,62.464
410.896,355.508,101.992
403.820,342.332,87.352
371.856,296.216,16.348
305.976,184.952,-10.980
171.044,69.540,87.596
168.604,55.632,197.396
281.332,101.504,262.300
400.160,57.828,120.780
501.176,-8.296,0.732
522.404,-135.664,-76.372
573.888,-188.856,-16.836
664.656,-274.256,107.604
803.492,-297.436,49.288
886.696,-393.816,-69.052
901.092,-435.052,-235.948
858.636,-364.292,-233.996
805.444,-531.432,-46.848
1022.604,-627.324,-70.028
1316.136,-599.020,-350.140
1566.236,-605.120,-631.716
1341.268,-684.420,-599.264
1285.636,-721.264,-320.616
1625.040,-795.440,2.196
1731.912,-970.144,185.928
2072.292,-988.444,51.728
2230.160,-999.912,-132.004
2118.652,-962.092,-181.048
1761.192,-918.416,49.776
1468.148,-807.396,315.736
1747.040,-787.388,204.472
2026.420,-712.724,-59.048
2045.208,-701.256,-28.792
1960.540,-868.884,212.768
1811.700,-1102.880,550.220
1946.876,-1175.592,707.844
1903.688,-1136.796,660.508
1651.392,-1099.708,682.956
1576.240,-1000.400,617.320
1412.028,-955.992,503.860
1349.564,-853.268,473.848
1298.568,-811.788,436.028
1270.752,-759.572,352.824
1166.076,-790.316,355.508
1078.968,-716.872,443.104
864.492,-732.000,496.784
719.068,-704.184,449.692
775.432,-579.012,352.092
578.280,-549.000,282.552
565.348,-406.260,240.828
421.388,-343.308,216.184
278.404,-227.896,208.620
176.168,-90.524,139.568
215.940,41.724,120.536
252.784,55.388,98.088
180.804,101.504,86.132
207.400,176.900,101.016
144.448,234.240,66.124
125.660,322.324,71.980
290.360,381.372,10.980
415.044,430.660,-60.756
484.340,404.796,-105.652
558.516,471.896,-75.396
587.796,493.612,-43.432
671.976,439.688,-36.844
659.044,458.720,-1.952
795.196,466.284,-27.328
885.964,443.104,-32.208
843.264,469.212,25.376
820.572,468.480,59.292
649.040,453.108,61.488
641.720,535.824,88.084
866.932,541.924,58.560
900.604,532.164,21.716
841.800,518.256,54.168
878.156,523.380,103.212
801.296,498.980,122.488
862.540,525.332,91.012
945.988,562.420,32.696
928.176,569.984,39.528
843.752,536.312,79.788
940.376,553.392,128.588
914.268,551.440,162.260
920.612,561.932,95.404
970.144,542.656,77.836
898.164,530.456,96.136
938.180,543.876,122.732
988.932,535.824,155.916
926.224,514.840,166.164
943.060,533.140,125.172
1113.860,540.948,71.248
1271.972,547.536,129.808
1162.416,446.276,316.468
1247.572,485.804,165.432
1054.080,401.380,91.988
815.448,389.180,83.448
525.576,383.324,187.880
247.416,464.332,275.720
-212.768,645.380,213.744
-755.180,945.500,74.420
-666.852,1077.748,28.060
-90.524,953.064,-119.804
-172.264,992.592,-80.520
-327.936,959.896,43.432
-149.328,933.788,-67.100
-181.048,932.568,-70.028
-199.592,1014.796,-109.312
-195.688,1094.096,-206.180
-227.408,1028.216,-83.936
-115.900,973.072,-81.496
-152.500,987.468,-44.164
-122.000,967.948,-44.652
-23.912,976.732,-147.620
-161.284,1021.140,-102.236
-143.228,988.200,-91.744
-29.768,1000.400,-138.592
-43.920,1017.724,-145.424
-75.640,983.076,-88.084
-12.932,972.584,-50.020
-46.604,973.804,-3.172
-70.516,951.600,42.944
-7.564,971.608,-16.836
-84.424,969.168,-9.760
-88.084,969.168,-10.736
-71.248,984.540,-17.324
-70.516,977.220,-18.788
-48.556,968.680,-16.104
10.736,977.464,-39.284
72.712,996.984,-69.784
55.144,1031.632,-72.712
3.416,1033.828,-40.504
-10.004,1022.848,-28.792
-35.624,1027.972,-66.856
-72.468,1005.036,-57.340
-83.204,990.884,-27.084
-49.776,958.188,32.452
-44.896,924.272,137.372
-9.272,935.496,178.364
7.320,984.052,152.256
13.420,1024.800,85.156
3.904,1025.044,88.328
-2.440,1021.140,146.400
20.008,1035.536,151.524
9.272,1002.108,221.796
20.008,970.388,287.676
6.100,948.428,316.224
-44.652,924.760,353.800
-45.140,929.152,335.500
-33.916,937.448,297.436
-37.088,950.380,225.700
-34.892,982.100,159.576
-17.080,1000.400,104.920
-30.012,1007.232,85.156
5.368,1004.792,73.688
36.356,965.508,122.488
35.624,967.704,122.000
39.772,943.304,84.668
15.860,951.600,110.776
10.980,938.424,188.124
99.796,962.336,160.308
184.464,946.720,50.996
119.560,973.560,23.668
56.608,976.732,34.404
126.880,996.008,2.440
207.644,1021.628,-3.172
222.772,1060.180,9.028
219.844,1037.976,3.660
247.172,1030.412,-54.412
246.684,1046.028,-101.504
185.928,1090.680,-147.620
215.208,1095.316,-219.600
192.272,1074.820,-186.904
177.632,1063.108,-182.512
171.776,1031.876,-166.896
79.056,975.756,-51.728
96.380,994.544,-103.456
198.860,1036.024,-223.260
148.108,1001.132,-165.920
151.280,1001.132,-174.948
148.840,1007.232,-180.316
111.752,989.176,-138.348
153.232,957.944,-144.936
143.228,1006.744,-247.172
70.272,1012.600,-245.464
36.600,976.000,-162.992
52.460,965.752,-119.316
84.912,989.420,-204.716
143.472,984.784,-275.232
69.296,976.732,-224.480
28.060,957.456,-152.256
84.424,934.276,-156.160
93.940,930.616,-164.944
60.512,956.236,-180.316
58.316,988.932,-219.356
11.712,955.504,-162.992
22.936,954.772,-144.448
29.524,954.040,-130.540
13.908,942.816,-82.472
25.132,954.284,-116.388
20.252,966.728,-147.132
-7.076,966.972,-97.112
-17.812,947.208,-51.972
19.764,971.608,-61.488
5.612,1015.772,-72.956
-8.296,1025.044,-86.376
15.372,1011.136,-87.108
19.276,1010.160,-73.444
34.892,1011.868,-55.144
-20.252,1011.380,-19.520
-108.092,1032.120,-48.556
-70.516,1063.596,-78.324
-120.780,1079.700,-74.420
-372.832,1147.044,-115.412
-450.180,1143.628,-313.052
-462.136,863.272,-169.092
-108.580,644.404,-21.716
218.624,361.364,227.652
567.056,182.756,568.764
1047.492,151.768,624.640
1213.412,167.872,574.620
1191.452,220.820,312.808
1281.244,281.332,98.332
1326.140,242.780,14.640
1443.992,268.644,50.996
1292.956,251.808,213.744
960.872,174.216,392.596
954.284,229.848,328.180
863.760,238.144,322.568
863.272,320.860,271.816
880.352,373.808,169.092
782.752,404.552,167.628
779.336,425.780,231.312
833.016,414.800,172.020
776.896,385.032,155.428
759.328,400.160,145.668
707.600,362.096,140.056
694.912,334.280,126.392
614.636,319.640,122.488
553.392,322.568,169.336
639.524,313.052,127.368
640.500,296.948,75.396
604.632,268.400,96.624
640.988,277.916,135.176
684.908,247.660,106.384
708.820,189.344,95.892
731.756,167.384,48.800
652.212,161.284,35.380
590.236,176.168,163.480
692.228,142.008,138.348
703.208,67.588,124.440
833.016,89.060,49.044
886.452,117.852,16.592
814.716,73.932,106.628
807.640,-44.408,134.200
871.080,-85.644,94.672
932.080,-81.008,112.484
908.900,-129.076,83.936
910.364,-170.312,18.056
1045.296,-182.024,-22.936
1112.640,-231.800,44.896
1104.344,-245.464,-41.724
966.728,-193.248,-46.116
915.000,-221.308,71.492
1007.964,-313.784,109.556
1093.364,-397.232,95.160
1194.136,-439.444,-37.820
1172.176,-459.696,-83.936
964.532,-433.832,98.332
842.288,-477.020,250.832
1012.844,-504.592,193.980
1209.752,-554.856,13.664
1230.248,-555.100,-107.848
1112.884,-531.676,-3.660
1170.956,-621.224,86.864
1407.148,-697.352,71.004
1598.688,-710.772,-76.860
1617.232,-675.636,-121.512
1648.220,-653.920,-133.712
1708.976,-668.072,-82.472
1703.608,-715.164,32.208
1546.472,-755.668,167.872
1436.428,-716.628,182.268
1381.040,-696.864,166.164
1424.716,-696.132,165.676
1445.700,-716.872,212.036
1413.004,-758.108,250.100
1397.144,-755.912,292.800
1410.564,-689.056,317.444
1546.472,-691.496,299.876
1610.400,-727.852,328.912
1519.876,-754.204,427.976
1396.168,-769.088,515.816
1291.736,-730.048,556.076
1256.112,-668.316,429.684
1077.748,-547.780,315.492
874.252,-457.256,309.148
889.868,-410.408,407.968
842.532,-413.092,386.252
685.396,-339.892,352.580
859.612,-252.296,312.564
701.500,-271.328,182.512
858.636,-190.076,150.060
771.040,-165.432,164.456
637.328,-172.020,222.528
821.548,-107.604,187.148
777.384,-95.404,99.308
634.400,-64.660,185.684
658.068,-59.048,226.432
642.208,-14.884,180.316
685.884,30.256,154.208
725.656,22.692,129.808
693.936,24.644,144.692
655.384,94.672,118.828
665.632,78.812,127.856
614.148,93.940,120.292
599.508,134.688,37.088
646.844,162.992,11.468
605.852,141.520,99.064
624.396,147.620,49.776
674.416,181.292,23.424
707.600,213.744,-3.904
733.952,244.244,-28.548
702.720,241.072,-27.084
824.476,261.568,-9.028
826.672,233.508,11.468
1028.460,239.608,-18.544
1174.128,263.764,-10.980
1159.732,198.860,61.000
1392.996,195.200,-29.280
1638.948,173.972,-0.244
1648.708,133.956,36.112
1498.160,35.136,199.592
1334.192,-28.060,304.268
1338.340,-3.904,-28.792
555.344,11.712,103.212
-490.440,419.192,81.496
-1440.332,1065.060,72.956
-615.856,958.920,-14.884
-85.400,835.212,-140.056
-643.916,943.792,98.088
-356.484,850.828,-19.032
-194.468,845.948,-92.476
-315.980,890.844,91.988
-57.096,967.704,-39.284
-16.104,1132.160,-183.000
28.548,1075.064,-53.924
102.968,1021.384,32.696
134.444,984.540,113.216
164.212,1058.716,79.056
107.848,1104.344,42.456
61.976,1067.744,22.692
223.748,1004.060,-82.716
220.088,1004.060,-131.516
34.648,990.884,25.864
56.120,956.236,70.516
135.420,947.940,47.580
274.012,1002.352,-42.700
138.348,997.472,47.580
154.208,972.096,65.636
116.144,957.944,119.072
85.400,929.152,150.060
102.968,948.916,131.272
126.392,962.824,108.092
91.256,983.076,97.600
108.092,979.416,94.428
135.908,988.444,79.544
144.204,996.984,98.332
153.720,973.072,137.128
144.448,967.704,151.768
192.516,969.900,147.864
152.500,975.024,167.872
75.884,965.752,173.728
86.620,962.580,145.180
95.160,969.900,117.364
106.872,1013.332,51.240
116.388,1037.976,7.320
115.168,1011.868,49.044
102.236,978.928,109.800
113.460,965.996,113.216
131.760,962.336,105.652
124.196,964.044,90.768
108.580,989.420,63.928
82.960,985.272,101.016
93.696,976.976,124.928
138.836,973.804,124.196
154.940,988.932,115.656
139.080,995.276,116.632
107.848,980.636,165.676
116.144,974.292,164.212
116.388,963.312,175.680
134.688,961.116,193.492
112.484,945.256,232.044
111.020,950.136,229.360
135.420,961.116,211.548
135.664,953.308,218.380
117.120,951.844,219.600
141.764,979.904,162.748
207.156,996.496,87.596
158.844,992.104,128.588
111.020,963.312,207.888
119.316,951.844,233.264
125.660,937.204,280.844
202.276,942.328,266.204
235.704,966.972,208.620
228.872,997.716,185.196
208.620,1022.116,202.032
210.084,1034.072,219.112
215.208,1028.948,242.780
278.648,1032.608,236.924
274.256,977.464,274.988
282.064,918.416,343.552
226.676,898.652,388.204
244.488,908.168,322.812
189.344,893.772,293.532
213.256,875.716,242.536
209.840,885.720,257.664
172.508,876.692,236.436
182.512,926.468,101.260
163.968,921.832,30.500
124.440,888.648,81.496
233.752,941.108,25.376
237.656,1007.476,-96.868
181.292,1002.840,-130.540
106.872,1012.112,-134.200
78.324,932.568,-50.996
137.860,947.940,-35.624
292.556,940.132,-141.032
297.680,895.724,-88.816
211.792,896.700,27.328
252.052,919.636,22.692
270.108,965.264,-99.064
259.372,1028.216,-241.804
236.924,1002.596,-221.064
195.200,1009.428,-138.592
222.040,1007.964,-132.004
233.752,1045.052,-191.052
216.428,1108.248,-299.388
148.596,1079.456,-262.300
130.540,1022.360,-155.428
165.920,996.740,-103.700
181.292,1016.504,-102.480
159.820,1000.644,-78.080
144.936,987.712,-89.060
172.264,987.956,-112.728
170.312,1032.852,-147.132
169.824,1054.080,-189.588
148.108,1021.872,-121.268
152.988,998.204,-88.816
156.648,994.300,-86.620
167.384,988.932,-95.160
142.496,989.664,-32.940
131.272,960.384,29.524
145.668,960.140,20.496
147.132,950.380,32.696
137.128,965.264,29.768
160.796,992.592,-21.228
161.772,1015.772,-55.144
183.244,999.668,-50.508
173.240,986.248,4.880
193.248,966.484,11.712
212.036,968.192,-1.220
178.364,980.880,2.684
170.800,982.344,-3.416
159.088,994.544,-32.208
159.820,983.564,-29.524
167.872,983.320,-17.812
182.512,980.880,-22.448
188.124,973.560,-20.984
171.776,968.924,2.196
172.264,970.876,-8.784
157.380,967.704,-5.856
151.768,969.900,-1.952
163.968,978.928,-19.032
149.328,985.516,-21.716
158.844,984.296,-23.424
169.580,979.172,-9.272
164.700,963.556,16.104
191.784,970.388,-17.568
200.324,979.172,-57.340
157.380,976.000,-25.376
156.648,977.464,-15.860
147.132,978.684,-24.400
146.888,991.128,-36.844
140.300,989.420,-16.104
148.840,977.952,13.420
184.464,968.680,7.076
186.416,975.512,4.148
164.212,1023.580,-32.940
169.336,1022.360,-50.996
153.720,1028.704,-31.964
152.256,1024.068,-20.496
99.552,1069.696,-61.732
-36.600,1039.440,2.440
25.132,1011.868,-9.272
56.364,980.392,-10.492
-45.872,869.128,32.696
40.992,648.796,172.020
237.168,427.488,399.916
402.356,174.460,583.892
1005.280,2.684,644.160
1484.008,54.900,262.544
1469.124,160.796,55.144
1000.400,138.348,489.220
1131.916,215.452,448.472
1355.664,215.208,73.444
1431.792,257.420,38.308
1109.224,156.648,149.084
892.064,149.572,341.356
985.028,141.764,394.060
940.864,168.848,315.980
963.556,240.828,208.376
901.580,263.276,251.320
798.124,245.952,231.556
818.376,259.860,212.036
833.748,269.620,174.216
677.832,285.724,165.676
712.724,309.392,160.796
647.820,263.032,165.676
597.068,206.668,140.056
638.548,194.224,107.116
594.384,165.188,67.832
572.912,156.160,15.128
541.680,159.820,63.928
458.232,196.420,167.628
532.408,212.036,124.928
520.940,186.172,109.068
648.308,161.772,-32.208
720.288,137.372,-110.532
665.876,100.528,-51.728
560.956,56.852,92.720
598.288,34.892,137.372
804.712,8.296,50.020
924.272,70.760,-13.664
769.576,-0.488,4.636
678.320,-75.884,48.800
951.112,-69.540,-40.504
1198.040,-59.048,-113.460
1192.184,-101.260,-109.556
1206.092,-162.260,-56.852
1131.916,-231.068,-69.052
1103.856,-193.248,-91.744
1152.656,-193.736,-71.492
1202.920,-287.676,26.840
1292.712,-371.124,15.860
1313.208,-384.056,-64.660
1277.096,-352.824,-116.632
1248.792,-366.732,-40.748
1446.432,-505.568,80.276
1611.620,-565.836,114.436
1677.988,-495.320,62.464
1639.192,-377.224,76.860
1669.692,-352.824,116.632
1661.396,-430.660,188.856
1743.624,-431.148,293.776
1749.968,-342.088,194.956
1506.212,-245.464,110.044
1537.200,-220.088,54.656
1734.352,-258.884,31.476
1778.516,-332.328,-31.720
1600.884,-422.852,73.444
1407.148,-469.700,192.272
1498.160,-418.704,85.888
1516.948,-474.580,16.592
1427.156,-524.356,104.432
1353.224,-527.040,237.168
1222.440,-574.864,356.240
1206.092,-583.404,416.020
1301.008,-497.516,355.996
1241.228,-507.764,359.168
1219.024,-533.872,529.968
1095.072,-566.812,650.260
900.116,-571.204,627.080
1077.016,-461.648,606.828
1023.580,-398.940,487.268
1069.696,-302.560,379.176
935.008,-304.756,387.472
803.004,-251.320,366.488
727.608,-184.464,320.860
788.608,-112.484,317.200
696.620,-62.708,215.452
575.108,19.032,119.804
560.712,65.880,170.556
396.988,117.608,177.632
411.140,137.860,150.548
439.932,188.612,111.996
308.660,226.188,112.972
347.944,286.212,69.784
357.704,326.228,21.716
482.144,357.216,-53.192
554.124,328.912,-2.440
520.940,346.968,-0.244
585.600,383.568,-37.820
852.048,387.472,-104.676
963.556,441.152,-231.556
569.740,367.220,-72.224
783.728,411.628,86.620
1067.744,380.884,114.924
1060.668,430.660,33.428
778.604,457.744,0.732
798.856,593.164,-119.072
917.928,673.196,-149.572
1129.232,629.276,100.528
981.856,449.448,474.580
782.264,456.524,416.020
768.356,576.328,39.772
629.764,653.188,-149.328
112.240,725.656,-91.012
-264.496,880.596,-114.680
-448.228,962.824,-5.368
-297.192,923.052,73.200
-136.152,875.716,96.380
-226.188,892.552,116.388
-325.496,883.280,105.408
-311.588,847.168,57.340
-368.196,848.144,92.720
-358.192,847.412,89.304
-285.724,906.948,21.960
-367.464,1015.284,-40.260
-380.884,1093.852,-91.988
-302.072,1042.856,-90.036
-261.080,1032.852,-28.548
-153.720,1064.816,-53.192
-122.000,1066.280,-6.832
-105.896,1056.032,37.332
8.784,1079.944,-55.876
-37.332,1062.132,-22.448
-36.112,1015.528,24.888
-36.112,970.388,70.760
-40.260,930.616,149.572
-41.480,903.044,175.680
2.440,926.712,103.456
-30.256,926.712,102.968
-35.380,925.980,131.272
-34.160,935.740,161.528
-35.380,944.768,193.736
-14.640,932.080,201.544
9.516,924.272,175.436
-24.156,912.316,184.952
-36.356,920.856,191.784
-17.812,925.736,185.196
27.328,929.884,170.556
54.900,944.768,172.508
66.856,966.240,120.780
37.332,995.276,93.452
4.636,1004.792,96.380
18.056,986.980,136.152
41.968,980.392,196.908
102.724,990.640,176.656
124.928,999.668,116.876
78.568,1010.648,97.356
72.224,1008.940,85.156
47.092,988.444,122.000
69.296,966.484,131.028
96.380,929.152,181.536
87.108,943.304,221.552
102.968,959.896,204.472
120.536,1016.992,100.040
65.392,1068.964,10.248
-15.860,1069.208,44.408
-47.824,1002.352,111.508
52.460,919.636,174.704
173.972,889.624,225.456
165.432,910.852,255.712
130.052,936.960,203.252
151.524,962.580,78.080
138.104,959.164,67.832
166.408,953.064,73.444
221.796,980.148,44.896
195.200,1006.988,6.832
142.252,976.244,2.928
148.108,947.208,-2.928
127.856,954.528,47.580
166.408,981.612,44.408
240.340,1002.108,-66.612
226.432,972.584,-58.804
180.804,980.148,30.988
221.796,972.828,58.316
234.972,963.800,64.416
270.596,957.700,-2.928
293.044,999.668,-177.144
201.788,1019.188,-206.912
110.044,996.008,-103.212
158.844,936.960,-59.536
231.312,932.080,-42.212
219.112,928.908,18.788
210.084,946.476,3.904
235.216,957.212,-77.104
239.120,974.780,-99.552
220.332,962.092,-49.044
215.208,979.904,-46.848
211.548,974.780,-36.356
221.064,955.260,-19.276
253.760,956.968,-37.088
284.504,996.984,-101.748
291.580,1042.368,-105.164
339.404,1081.652,-145.668
348.188,1065.304,-90.280
341.844,997.960,-15.128
414.312,934.764,85.400
414.312,910.608,172.264
275.720,914.756,295.728
184.464,880.352,377.224
124.196,902.312,239.120
122.244,960.140,-21.228
136.640,1094.584,-311.588
211.548,1193.892,-522.404
272.060,1251.720,-589.748
235.216,1171.200,-396.500
274.744,1027.972,-96.624
247.904,930.860,173.484
320.616,874.252,230.092
338.428,921.832,168.116
307.196,963.800,81.984
282.796,1006.744,-53.436
246.684,1017.968,-63.196
234.728,961.604,26.352
229.360,903.776,124.684
267.668,942.816,56.120
279.136,1005.280,-24.644
245.708,995.276,1.220
230.092,951.356,47.336
187.392,916.952,101.748
186.416,934.276,80.520
255.956,955.260,27.328
322.080,963.312,-7.564
310.856,984.052,-30.988
251.076,988.444,5.124
244.976,971.120,50.020
246.196,961.360,55.876
363.316,983.076,-8.296
370.880,1005.768,-17.568
314.760,1000.644,16.592
262.544,991.860,21.228
283.528,986.736,12.200
382.592,983.808,-6.100
402.356,968.436,6.588
389.424,952.332,3.172
298.412,929.884,35.868
228.140,904.996,73.200
197.152,894.504,63.928
259.860,924.028,16.104
328.424,951.112,-54.168
268.156,953.552,-61.732
189.588,980.148,-35.136
154.452,949.404,-33.428
-112.728,979.660,-35.868
-741.516,1001.620,-71.980
-575.352,513.132,-85.644
545.340,108.580,62.464
1011.380,149.572,336.232
1399.340,288.164,440.420
1551.840,312.808,-101.260
1191.452,376.492,-373.808
1192.428,339.160,-52.704
991.372,243.268,97.356
1148.264,246.928,31.476
1237.812,296.948,77.348
1111.908,350.628,92.964
747.860,336.476,135.420
690.520,370.880,208.620
726.144,350.140,71.980
744.932,327.204,47.824
784.460,320.372,76.860
624.884,274.988,52.948
560.468,277.428,86.620
537.532,284.260,27.084
567.544,230.092,-50.020
646.356,110.044,2.196
771.528,17.568,26.840
769.332,-0.976,45.140
682.712,2.684,144.448
712.968,-37.576,143.228
848.388,-107.360,61.732
971.120,-192.760,26.352
1036.268,-256.444,65.392
992.104,-332.328,148.352
969.168,-294.020,190.076
980.880,-323.056,77.836
1054.568,-368.196,63.928
1127.524,-387.472,41.968
1232.932,-378.444,11.712
1124.596,-476.044,12.200
1016.016,-507.276,106.140
1284.172,-462.868,7.564
1352.980,-457.012,18.544
1310.524,-455.304,23.180
1047.248,-430.660,-0.976
963.068,-382.348,-17.568
965.020,-385.032,42.456
1090.924,-423.828,110.044
1110.200,-456.768,181.536
1042.124,-456.280,185.928
1067.988,-446.032,151.768
1164.368,-473.116,152.500
1363.960,-468.236,115.412
1469.368,-478.484,64.904
1366.644,-531.920,184.464
1290.516,-533.872,269.620
1280.024,-495.564,247.904
1226.100,-478.240,158.844
1294.908,-442.372,20.984
1282.464,-393.816,-128.100
993.080,-404.308,-101.504
1171.444,-409.188,-69.784
1246.108,-433.588,38.552
1141.920,-486.780,163.480
1196.332,-484.584,160.064
1169.492,-455.548,107.360
1171.200,-433.588,111.020
1237.324,-442.860,127.856
1215.852,-466.284,148.108
1277.340,-456.280,186.904
1222.684,-486.780,235.460
1128.256,-476.044,296.460
1227.808,-485.072,271.328
1317.356,-419.436,188.124
1315.648,-441.152,94.672
1311.256,-404.552,125.904
1303.204,-388.936,169.824
1184.864,-421.632,170.556
1185.596,-368.684,159.820
1155.584,-344.772,206.912
1059.448,-347.212,235.460
1013.088,-313.540,211.792
1053.348,-311.832,175.436
894.260,-257.664,219.844
921.588,-191.784,192.272
961.604,-159.332,124.928
882.792,-96.624,112.972
856.440,-67.832,151.280
793.488,-66.856,162.992
807.640,1.708,82.960
824.720,100.528,-46.848
879.864,112.972,-42.456
715.164,76.372,98.332
704.428,148.352,124.196
633.180,181.292,57.096
594.140,233.996,-33.672
643.916,298.168,-80.032
601.216,268.644,20.008
573.644,247.660,89.548
651.968,267.668,37.088
834.968,317.200,-49.532
955.260,332.572,1.708
1149.240,301.096,24.156
915.976,215.696,167.140
870.592,263.032,207.644
810.568,321.592,137.372
913.048,427.000,-41.724
1043.344,487.756,-128.588
930.372,499.224,-112.484
621.468,466.772,47.336
235.704,414.556,224.724
140.544,524.600,99.064
-438.956,731.268,38.552
-1177.300,1174.616,67.832
-378.932,976.244,-92.476
-186.660,846.436,-99.552
-531.676,916.220,-1.708
-387.716,856.684,-31.720
-436.516,853.512,-3.660
-431.148,854.732,-0.488
-230.580,908.412,-134.932
-309.636,954.772,-68.320
-137.616,970.144,-109.800
-65.880,1017.480,-134.688
-134.200,1018.212,-47.336
-107.360,1005.524,-0.976
44.652,962.336,66.856
-72.712,963.312,144.448
-97.844,962.824,115.168
-80.032,972.096,41.968
-137.372,974.292,14.152
-180.804,964.288,21.228
-175.192,949.404,25.132
-42.212,977.708,-70.272
-44.164,1013.576,-122.732
-35.868,1020.652,-114.680
19.032,1030.900,-114.924
-29.768,1018.944,-20.252
-21.472,988.444,24.888
37.332,972.096,80.520
-18.056,952.820,148.108
-60.024,954.284,140.056
-79.788,976.976,127.368
-66.124,976.488,92.964
-59.780,985.272,63.196
-16.592,1006.012,-0.976
14.152,1023.824,-57.340
8.296,1043.344,-68.564
-23.180,1034.560,-28.548
-5.124,995.032,40.016
-1.220,975.024,122.000
-8.784,949.160,142.496
-36.356,939.888,133.956
-32.208,938.424,87.352
-60.756,958.188,37.820
-55.388,972.096,7.808
-56.608,988.444,-1.952
-43.432,989.908,31.964
-20.008,974.048,87.840
-15.128,968.924,123.220
15.372,980.148,100.284
38.064,990.396,71.004
22.936,980.880,85.156
17.324,978.196,81.008
-3.416,962.824,107.116
-26.352,932.080,152.988
-30.012,914.512,168.116
6.344,903.288,142.984
0.732,918.416,139.568
-5.856,930.616,145.912
3.904,942.572,150.060
15.128,947.452,159.088
79.056,932.568,175.192
151.768,924.516,211.060
114.192,935.984,215.696
97.112,959.408,137.372
89.304,991.372,94.184
85.156,1005.036,76.128
113.216,1000.888,79.056
53.924,983.320,146.156
23.912,968.924,228.872
112.728,940.620,245.220
205.448,926.712,216.184
272.304,980.148,121.756
216.184,1028.948,88.328
192.272,1017.480,115.168
211.792,984.296,161.772
232.288,952.576,190.076
262.300,947.696,145.668
237.412,961.604,101.504
229.360,1004.548,0.488
229.604,1029.680,-78.324
234.728,1022.116,-58.316
226.188,993.324,4.392
192.028,961.116,72.712
192.272,965.752,79.056
241.804,995.276,36.112
255.712,993.080,33.672
230.336,983.564,43.432
244.732,983.320,51.728
234.240,931.836,132.248
250.588,904.264,146.888
316.956,940.132,11.712
363.316,1001.864,-124.684
329.644,1042.368,-128.588
283.040,1023.580,-56.364
285.968,963.556,9.760
279.624,927.444,48.800
282.308,961.604,-7.808
335.744,1000.888,-124.928
351.848,1001.620,-149.328
300.608,983.808,-117.120
259.860,971.364,-107.360
269.376,977.952,-113.216
335.256,994.544,-140.056
352.092,993.568,-155.184
294.508,997.228,-165.920
267.912,1014.552,-191.540
308.904,1038.952,-212.768
335.256,1021.384,-156.160
321.348,973.316,-63.440
324.276,947.696,-17.080
318.664,925.980,-32.452
259.616,942.328,-46.116
210.084,995.032,-92.720
246.196,1004.792,-140.544
202.032,1027.728,-92.232
234.972,1020.652,-73.444
250.588,1027.240,-16.348
280.112,1003.084,40.504
335.744,958.676,54.168
337.696,935.008,24.400
291.092,962.824,-28.548
245.708,977.952,-62.464
253.272,975.268,-72.712
227.408,985.516,-49.044
207.888,964.044,24.400
248.636,921.588,86.132
290.604,903.044,90.768
310.368,909.876,66.368
316.468,944.280,16.104
261.080,959.408,-0.488
250.344,940.376,8.784
266.692,932.812,16.836
258.396,940.376,20.984
273.768,936.472,5.124
278.404,916.220,27.816
236.924,921.588,48.068
185.196,944.280,41.480
256.688,953.064,9.516
248.392,956.480,3.416
216.916,978.440,2.440
195.444,1015.284,-23.668
128.832,1050.176,-46.360
-38.308,1017.968,-20.008
-39.040,973.804,15.616
102.724,882.304,30.012
47.824,760.548,123.952
180.316,513.376,222.040
335.256,350.140,371.368
675.148,143.228,461.160
1221.708,111.264,172.264
1517.680,165.676,-16.348
1491.328,168.116,50.264
1143.140,97.844,106.384
1193.404,157.136,19.276
1258.796,101.748,33.916
1260.748,81.984,74.420
1347.856,75.396,142.496
1117.520,13.664,287.432
1098.000,19.032,283.528
1052.860,52.216,189.588
1027.240,87.352,189.588
1000.888,51.484,202.032
905.728,18.544,251.808
873.764,40.992,249.368
858.636,71.248,208.376
845.948,96.624,186.904
811.056,108.092,162.016
723.460,113.460,146.888
596.824,121.268,171.532
653.432,134.444,138.104
624.640,129.076,89.060
655.872,128.344,39.772
538.020,58.804,117.120
529.724,14.640,169.824
540.948,0.488,176.900
592.920,-27.084,146.888
552.416,-68.320,159.820
458.720,-146.888,207.888
604.632,-192.028,222.284
731.024,-213.012,109.556
836.676,-197.884,63.928
613.904,-262.788,95.160
540.948,-304.756,140.788
1024.312,-318.420,47.580
1152.412,-377.468,-50.264
1219.756,-401.868,-110.532
1146.312,-498.736,-23.424
1014.064,-507.032,33.916
1115.812,-426.268,-110.532
1188.280,-492.148,-172.996
1206.336,-577.792,-87.596
1110.932,-612.928,-9.760
1116.788,-540.704,-35.380
1168.516,-608.048,-71.248
1391.288,-634.644,-120.292
1764.120,-501.420,-271.572
1687.504,-539.728,-253.516
1769.976,-551.928,-256.688
1973.960,-647.576,-164.700
2246.996,-754.936,-53.680
2328.492,-803.980,-93.696
2632.028,-856.196,91.012
2610.312,-945.256,430.904
2508.076,-1010.892,620.492
2401.204,-1045.296,561.200
1928.820,-1049.444,618.052
1586.488,-981.612,665.632
1426.912,-837.164,615.856
1421.544,-810.568,527.528
1254.648,-805.932,405.040
995.520,-698.084,388.936
867.176,-652.456,419.680
779.580,-557.540,435.052
657.824,-518.744,371.612
120.292,-414.556,419.192
416.996,-243.024,334.768
349.652,-177.876,241.560
407.968,-96.136,159.576
338.428,-31.476,130.052
-135.420,-8.296,112.728
110.532,252.540,62.708
215.208,191.296,193.492
213.256,312.320,218.868
790.560,346.724,-95.648
466.528,165.432,135.664
-138.104,208.376,220.332
-103.700,498.492,-197.396
0.244,477.752,-103.456
-47.580,542.900,41.236
-751.764,781.532,69.540
-911.584,1026.996,-121.024
-199.348,945.256,-183.000
-220.332,940.132,-43.920
-268.888,898.408,-23.424
-285.968,860.344,60.756
-220.576,840.092,66.124
-117.608,925.248,-90.768
-170.312,984.052,-156.404
-228.140,967.216,-61.244
-215.940,905.240,54.412
-144.448,921.344,28.304
-144.204,961.116,-33.184
-106.140,1019.676,-94.184
-151.768,1028.948,-91.256
-137.128,1000.888,-35.624
-90.524,1002.596,-13.908
-147.376,1012.112,-18.544
-152.256,1012.356,-35.136
-73.200,1002.840,-33.184
-73.200,996.496,6.344
-73.200,974.780,80.276
-30.988,954.284,132.248
-51.240,942.572,133.956
-85.644,989.908,31.476
-88.816,1023.580,-52.704
-119.072,1002.108,-7.320
-135.176,961.116,36.844
-180.316,947.208,71.980
-120.780,969.168,13.664
-88.084,1015.528,-48.068
-111.996,993.812,-6.588
-62.464,989.420,-9.516
-12.200,1014.064,2.928
-48.556,991.860,68.808
-97.356,967.704,108.092
-87.352,990.640,52.460
-79.056,1001.376,3.416
-130.540,975.512,38.308
-131.272,970.876,56.852
-128.588,980.392,64.660
-120.048,940.132,96.136
-130.540,923.540,122.488
-66.368,967.216,51.972
-56.608,1017.236,-24.644
-75.152,1006.988,-25.132
-60.756,1000.888,-38.064
-54.656,1028.460,-41.236
-98.820,1015.040,-13.176
-110.044,988.200,4.148
-96.136,994.788,-1.464
-90.036,977.220,27.084
-98.576,944.036,84.912
-107.848,931.592,137.616
-101.992,930.372,149.328
-89.548,943.792,96.136
-84.668,969.900,33.916
-68.808,1005.524,-55.144
-96.868,1018.700,-76.372
-94.672,1012.112,-72.712
-106.872,997.960,-36.600
-111.020,974.292,18.300
-126.392,958.920,71.004
-121.268,942.816,101.992
-89.548,967.460,88.328
-68.320,962.336,119.560
-57.584,945.500,180.072
-70.516,927.688,241.560
-81.740,920.612,273.036
-100.528,929.396,276.452
-107.360,955.016,227.652
-112.728,983.320,187.880
-118.096,988.932,203.496
-123.952,974.292,223.016
-73.932,973.560,220.088
-44.164,978.440,188.368
-28.060,976.732,193.248
-9.760,970.144,221.796
-5.856,953.552,288.164
4.392,960.384,270.108
42.456,1006.988,114.192
3.172,1040.416,60.024
17.568,1062.864,23.424
40.260,1083.604,-8.052
44.164,1036.024,62.952
72.712,982.344,154.452
99.552,979.904,220.576
89.792,1025.044,191.052
112.728,1038.464,112.484
83.936,1101.172,33.916
134.444,1196.576,-61.000
168.848,1264.896,-130.540
192.272,1182.668,-44.652
218.624,1080.188,77.104
290.116,1030.900,34.648
271.328,1027.728,-75.152
306.708,1010.160,-200.812
238.388,933.544,-141.764
198.372,857.172,-159.820
119.316,842.776,-217.648
19.276,859.368,-215.940
27.816,874.984,-291.336
24.156,847.900,-310.856
-20.740,873.764,-343.064
-84.424,928.908,-338.428
-59.292,942.816,-326.228
4.880,956.480,-352.092
18.056,976.488,-325.496
-10.492,975.756,-273.280
-7.320,960.872,-264.252
-22.936,969.168,-258.884
-36.600,989.908,-248.148
-31.232,988.688,-255.468
-20.496,974.292,-237.900
-27.084,965.752,-199.104
-33.672,964.288,-181.292
-56.608,957.700,-154.452
-48.800,960.140,-162.504
-85.156,1013.332,-162.016
-67.588,994.300,-124.196
-59.048,989.908,-133.712
-26.840,980.636,-164.700
-23.180,986.980,-162.016
-38.308,995.032,-138.836
-25.132,992.592,-127.124
-1.952,986.980,-118.584
-13.176,995.520,-79.056
-117.608,993.812,-44.164
-98.332,1001.376,-86.620
-50.264,1028.948,-165.188
-124.440,1040.172,-191.296
-152.256,1057.252,-247.172
-209.596,1037.732,-273.524
-273.280,1008.208,-257.420
-153.232,981.124,-295.240
-171.532,923.296,-231.068
-196.420,795.928,-87.108
-101.748,631.716,37.576
-31.476,494.100,-6.588
-20.496,187.148,261.324
604.876,92.964,309.880
1087.508,-11.712,217.892
995.764,-23.912,393.816
969.412,-131.760,500.444
1135.088,-92.720,320.128
1235.128,-23.424,92.964
1476.932,-109.800,139.568
1629.188,-147.620,249.612
1462.536,-109.068,289.628
1266.360,-60.512,370.880
1262.456,-35.624,371.368
1154.364,-40.016,369.416
1088.972,-35.380,404.064
1172.664,-9.760,375.272
1078.480,34.160,345.504
1086.044,81.496,315.248
1058.472,80.520,301.584
1123.620,76.616,264.008
1070.184,75.640,260.348
1058.228,64.660,265.960
1049.444,48.556,260.104
1029.680,50.264,255.712
994.788,60.512,246.684
963.800,94.916,215.940
947.940,115.168,169.092
921.588,91.988,179.828
813.496,74.176,162.016
848.632,86.376,153.476
723.216,71.736,172.264
717.848,91.744,155.184
671.000,124.440,129.564
663.192,162.504,107.848
605.364,139.080,84.180
648.552,105.164,93.940
608.536,52.704,78.812
566.324,18.056,117.852
507.032,24.400,158.600
498.004,3.904,162.260
543.388,-29.280,94.672
598.532,-5.612,8.052
637.328,-30.500,15.860
591.212,-91.744,64.660
497.272,-136.640,162.260
540.704,-179.584,179.340
637.816,-206.668,111.020
689.056,-203.252,106.628
816.424,-235.704,-8.540
902.312,-347.456,-125.416
976.488,-413.336,-103.212
978.684,-463.600,8.540
837.652,-508.740,61.488
978.196,-545.828,35.868
1164.612,-631.472,-30.256
1407.392,-658.068,-191.784
1297.348,-636.108,-212.524
1187.792,-731.024,44.164
1298.080,-839.604,79.544
1381.772,-795.928,16.348
1327.848,-756.400,-133.712
1267.824,-758.596,-66.124
1359.812,-858.880,64.660
1390.068,-1010.160,249.368
1375.672,-997.716,196.664
1404.220,-876.692,-10.248
1443.748,-826.672,-81.984
1323.212,-853.756,19.764
1360.788,-850.584,48.556
1324.188,-867.176,46.604
1150.704,-866.688,63.928
1254.648,-839.848,97.356
1308.084,-952.088,233.508
1250.500,-970.388,318.664
1247.084,-1012.112,328.668
1169.736,-997.716,418.460
1067.256,-952.088,511.668
1215.852,-926.956,556.076
1223.172,-936.228,524.356
1211.948,-909.388,495.076
1218.048,-852.536,394.060
1136.308,-801.296,437.248
1103.856,-775.920,522.648
1080.432,-758.596,553.148
1013.088,-723.704,544.852
1008.696,-718.824,509.228
943.548,-651.724,409.432
986.004,-560.712,349.896
742.736,-549.488,377.712
793.244,-463.356,336.720
713.456,-396.012,259.128
631.960,-326.472,257.664
648.308,-273.280,181.780
553.636,-246.928,196.908
627.080,-206.180,181.048
589.260,-140.056,106.872
458.720,-68.564,107.360
422.364,10.248,89.548
361.608,45.140,74.908
444.080,89.792,95.648
414.800,104.920,92.720
422.608,133.224,93.940
500.444,189.100,29.524
628.788,188.612,-20.984
655.384,171.288,-2.196
744.444,148.352,-3.904
738.588,143.472,18.056
803.004,148.352,61.244
996.740,154.452,-5.612
1371.036,146.644,-56.608
1474.736,59.292,96.868
1437.648,45.872,9.760
1571.116,127.612,-51.972
1338.096,4.636,205.936
1234.640,26.352,278.404
1302.228,92.476,117.364
930.128,17.324,296.216
522.648,243.024,393.816
385.764,351.848,241.072
29.768,479.948,101.992
-649.772,905.240,60.512
-517.524,1079.700,22.204
-5.368,829.356,207.156
-126.392,806.664,357.460
-166.164,862.540,228.384
-120.292,936.960,39.284
-226.188,922.076,47.092
-183.000,895.236,75.152
-169.092,928.664,92.720
-131.516,1006.500,13.908
-120.780,1020.164,-13.664
-19.032,1005.036,-41.724
-54.900,995.032,18.544
-68.564,989.420,65.392
44.652,1018.700,-33.916
-14.640,1021.628,-45.628
-100.528,981.124,64.904
-63.928,953.308,97.112
21.716,914.756,69.052
106.872,933.300,29.036
119.072,989.664,30.012
117.364,987.224,79.788
86.864,978.928,165.676
51.728,960.628,202.032
71.980,971.120,176.656
105.896,993.080,102.480
60.756,1019.432,77.592
55.632,994.056,119.560
30.988,978.440,169.336
92.476,952.820,200.568
96.380,943.060,234.972
96.380,941.596,211.792
79.056,974.780,157.380
43.188,973.316,152.256
-22.936,943.792,239.364
36.600,922.564,256.444
92.232,924.028,243.756
120.780,938.912,236.436
127.612,955.016,203.496
175.192,978.684,107.848
182.268,993.080,110.288
226.676,1005.768,131.272
160.552,973.316,205.448
208.864,952.332,220.576
190.076,967.704,244.732
257.176,996.984,175.680
224.480,1025.532,159.332
198.860,1033.096,155.672
224.724,1057.984,117.852
199.836,1044.076,134.444
212.524,1017.724,153.476
183.488,1010.892,146.400
174.216,999.668,165.920
227.164,1004.792,124.440
291.580,1016.992,55.144
315.980,1049.932,-45.384
210.572,1058.960,-56.364
170.312,1014.064,-4.392
163.480,966.240,36.844
229.848,966.728,-51.728
226.676,980.392,-116.632
162.016,957.456,-107.848
128.344,938.180,-91.500
124.440,980.880,-172.020
101.260,1033.096,-249.368
97.356,1004.548,-205.692
84.668,921.832,-90.036
129.564,920.856,-113.948
139.812,938.668,-130.540
99.552,936.228,-119.072
93.940,963.556,-190.564
64.660,1001.132,-218.136
15.860,1003.328,-166.896
54.900,983.076,-163.236
108.824,977.464,-172.020
65.148,1013.088,-163.236
50.752,1029.192,-216.672
24.156,1005.768,-212.280
23.668,996.496,-160.064
29.768,1006.500,-145.180
50.508,1002.840,-138.104
-0.976,1003.328,-111.996
-29.280,1018.944,-93.208
-22.448,1045.784,-120.536
-63.928,1036.024,-112.484
-86.376,1017.480,-87.840
-121.024,1021.140,-55.876
-179.096,1009.184,-46.116
-239.364,1007.476,-81.252
-152.012,999.424,-162.260
-54.168,931.592,-221.796
-217.160,725.656,-85.888
204.228,470.432,153.232
651.236,282.552,316.468
869.860,199.836,443.592
1370.304,243.268,229.848
1403.976,237.900,38.308
1012.844,182.024,236.192
1214.144,256.932,166.164
1287.588,196.664,-81.008
1187.304,122.732,227.896
1229.272,58.316,402.356
1044.076,25.864,351.116
1133.136,131.516,298.900
1013.820,163.968,217.160
937.204,167.140,375.272
1004.304,153.964,351.604
954.772,134.932,284.260
1002.108,198.616,254.004
903.288,250.832,164.700
818.620,273.524,153.964
853.024,282.064,84.180
678.076,263.032,117.608
565.592,261.324,146.400
432.368,253.028,158.600
412.604,225.700,151.036
322.812,125.172,137.128
534.360,63.440,96.380
764.696,47.580,24.156
847.656,121.268,-29.280
803.980,104.432,-38.796
665.388,0.732,29.768
465.796,-45.628,200.568
504.348,-158.844,262.300
763.232,-212.036,105.164
807.640,-188.612,-40.992
728.096,-101.748,-85.888
570.472,-188.856,42.700
743.712,-292.800,-26.352
909.388,-332.328,-120.536
912.560,-270.352,-115.900
982.588,-360.388,-91.012
1399.096,-427.976,-316.224
1548.668,-468.968,-367.464
1495.964,-511.180,-304.024
1579.900,-553.392,-297.192
1581.120,-650.260,-167.140
1751.676,-680.272,-172.752
1821.460,-741.760,-111.508
1751.432,-800.320,9.272
1747.284,-756.888,10.980
1703.852,-739.564,-19.276
1670.180,-778.360,-72.712
1736.304,-742.248,-112.728
1550.376,-794.952,72.956
1411.052,-786.900,235.704
1383.968,-763.720,323.300
1331.020,-743.468,370.392
1381.528,-689.300,341.844
1395.436,-606.584,230.092
1334.680,-568.764,241.072
1242.936,-557.296,254.492
1224.392,-506.300,319.396
1134.112,-526.064,343.064
1055.300,-495.808,270.108
1002.596,-429.684,289.628
814.472,-367.464,304.756
878.888,-316.956,254.004
746.152,-273.524,207.156
667.584,-172.752,184.952
661.728,-81.496,111.752
538.264,-46.604,88.572
424.072,29.280,116.388
391.132,97.844,146.400
334.036,154.208,147.132
562.908,168.116,108.580
645.136,155.916,16.348
702.232,211.304,0.244
799.588,189.344,44.896
736.392,193.980,34.404
773.724,205.692,52.216
731.756,199.348,98.576
810.812,192.028,114.680
879.376,158.600,79.056
968.924,160.064,60.268
938.424,203.740,78.324
883.280,189.832,73.688
897.188,201.788,80.276
1007.964,230.092,66.124
966.728,229.116,59.048
898.164,243.024,69.540
986.492,249.124,104.188
1091.412,284.504,88.816
1369.084,287.432,38.064
1277.828,212.036,80.276
1094.584,184.952,199.836
1155.096,242.780,251.564
1159.976,254.248,166.164
1183.888,304.756,73.932
1010.892,281.576,175.436
860.588,373.320,289.140
930.860,415.288,124.196
877.424,391.864,-90.768
462.624,491.172,38.064
-467.260,750.300,254.736
-507.032,1016.748,195.444
273.768,845.216,-12.200
-15.128,810.324,210.328
-156.160,754.692,252.784
-185.928,803.980,129.808
-218.136,912.804,6.832
-207.400,1013.332,-91.988
-231.312,1068.476,-116.144
-199.104,1021.384,-72.712
-116.876,1075.796,-69.540
-120.536,1062.376,33.184
-2.928,1027.972,11.956
-150.548,1033.096,105.408
-144.936,1028.704,68.320
-47.336,1120.448,-183.976
-119.560,1109.712,-173.484
10.492,1063.596,-214.476
16.592,1048.956,-155.428
-28.792,1014.552,7.320
-9.028,979.172,101.260
-30.500,939.400,183.000
10.248,934.520,135.664
0.244,931.836,134.200
-15.616,938.668,144.204
-26.108,941.352,178.852
-23.180,980.880,128.588
-16.104,1014.796,79.056
-13.664,986.492,75.884
-29.768,963.312,131.272
-15.372,943.060,186.416
5.856,956.236,164.456
34.404,965.264,154.208
19.276,956.236,184.708
49.776,926.956,233.508
91.256,947.208,239.120
58.560,960.384,243.756
16.348,996.008,227.896
98.820,1032.608,110.288
131.272,1047.980,89.304
107.360,1025.044,165.920
91.012,958.432,263.520
127.856,965.508,286.700
96.136,955.016,329.400
61.488,979.172,304.512
164.212,977.708,189.100
193.736,999.424,102.724
129.564,1066.280,22.448
44.652,1128.256,-53.680
128.588,1120.448,-116.388
124.196,1079.456,-42.456
53.192,1097.268,-45.872
163.236,1109.712,-140.300
117.608,1049.200,-44.652
68.564,1043.100,2.928
182.756,1057.984,-112.728
215.452,1060.668,-161.284
251.564,1037.244,-179.584
106.628,995.276,-56.608
115.168,978.196,-63.440
128.588,962.824,-102.480
38.308,932.324,-95.160
-34.404,941.596,-162.260
-130.784,959.652,-253.516
-87.840,946.964,-355.752
-22.448,887.916,-283.528
-33.916,880.108,-153.476
15.860,912.560,-166.896
-17.080,937.936,-214.476
-56.120,917.684,-156.160
-15.128,900.116,-134.688
-27.572,912.316,-152.988
-62.952,959.896,-182.024
-88.084,948.184,-113.948
-84.424,926.956,-72.712
-35.136,955.992,-135.176
-34.648,982.588,-150.792
-22.204,987.468,-121.024
-7.320,991.128,-94.672
11.956,1024.556,-115.900
1.464,1024.068,-104.432
-2.196,994.788,-38.796
16.104,960.872,44.408
70.272,973.072,46.360
75.884,1024.068,33.916
51.484,1066.280,22.692
2.440,1109.956,-39.772
-9.760,1099.464,-35.136
-85.156,1057.008,24.156
-33.916,1067.988,1.464
-12.932,1070.916,-49.044
-90.280,1047.492,-3.904
-202.032,1021.140,15.616
-256.200,1030.900,-41.480
-167.384,983.320,-152.012
-192.028,833.992,-63.928
6.344,714.188,10.492
69.052,652.944,81.496
-144.936,567.544,152.012
85.400,425.048,194.224
653.188,378.688,26.352
701.744,314.516,180.072
804.712,329.156,146.400
757.864,198.372,201.788
888.404,226.920,244.244
952.088,176.900,43.432
946.964,152.744,60.512
904.508,128.344,217.404
868.640,168.848,130.540
582.916,65.392,278.160
692.472,105.652,245.464
823.988,62.952,69.540
804.224,29.768,80.032
645.136,-33.916,152.012
465.064,-69.296,223.260
526.064,-64.660,337.208
804.956,-131.760,129.076
896.456,-149.572,-57.340
889.136,-140.788,-37.820
866.688,-158.844,48.800
934.764,-252.784,-33.916
935.496,-313.784,-88.084
943.792,-306.464,-115.412
907.680,-310.612,-203.252
949.648,-366.488,-208.620
1077.504,-451.156,-284.016
1042.368,-442.372,-276.452
1116.544,-350.628,-203.984
1339.072,-384.300,-202.032
1555.256,-455.304,-262.056
1723.372,-486.536,-383.568
1855.132,-531.920,-371.612
1905.884,-706.136,-106.872
1846.592,-883.768,196.908
1895.392,-882.060,356.484
1866.356,-832.528,313.296
1901.980,-832.040,347.944
1808.528,-880.596,560.712
1800.964,-911.584,618.052
1796.816,-915.976,704.916
1696.044,-892.796,846.924
1726.056,-848.876,725.656
1651.880,-794.952,589.016
1495.720,-734.440,615.612
1317.112,-680.760,601.216
1311.988,-601.460,441.396
1146.800,-575.108,341.844
998.204,-473.360,305.488
911.096,-428.952,205.936
664.412,-393.084,278.892
647.576,-262.788,225.944
686.372,-184.464,154.452
534.848,-163.724,125.904
324.032,-78.080,138.836
450.668,-1.220,178.608
369.904,40.992,77.104
196.664,127.368,82.716
403.576,207.888,89.304
263.520,187.148,41.968
394.548,252.784,45.628
536.800,278.892,-7.076
513.864,275.964,-5.368
670.756,329.644,-31.232
661.728,307.440,-1.464
686.860,265.716,48.068
740.540,294.264,-10.248
891.820,318.664,-17.080
830.332,284.016,6.344
970.632,270.840,75.884
1258.796,308.416,13.176
1543.544,292.800,12.688
1479.616,172.264,213.500
1394.216,136.396,199.592
1367.132,150.548,129.076
1155.584,143.960,226.676
1009.672,266.448,231.556
930.372,358.192,188.612
579.988,419.436,256.444
-62.220,580.720,388.204
-250.832,745.664,151.036
-357.948,926.224,-18.300
-219.356,1028.460,14.396
10.248,977.464,17.324
-242.048,885.232,213.500
-223.992,852.780,98.820
-287.676,853.268,23.180
-378.200,895.480,-56.120
-480.680,921.100,-21.716
-287.676,920.368,-63.928
-231.068,942.816,-27.084
-226.188,927.200,89.060
-34.160,949.892,41.968
52.460,1000.400,-63.440
-38.552,1019.188,-42.700
9.028,1007.720,-58.316
76.128,1015.284,-146.400
-74.664,977.708,-29.768
-40.260,912.560,14.396
-6.344,887.916,52.460
-24.888,886.208,83.448
-11.956,878.400,75.884
48.312,901.336,52.216
17.568,927.688,52.704
-1.464,945.012,36.112
12.444,932.324,40.748
55.144,910.120,47.580
124.440,899.384,45.628
195.200,909.144,7.564
77.592,898.896,111.996
143.716,867.664,66.856
157.624,830.820,51.484
163.968,807.640,57.340
219.356,744.444,16.348
174.704,694.912,49.044
131.760,652.212,109.556
138.836,658.800,170.312
157.380,681.492,187.392
248.636,717.116,81.740
286.700,761.036,-27.572
272.304,785.924,-61.488
177.388,858.148,17.324
244.976,890.112,51.728
376.980,979.660,2.196
460.916,1088.972,-15.860
485.804,1226.344,-73.200
410.652,1280.756,-67.344
302.560,1255.380,6.100
184.708,1175.104,61.732
111.508,1098.244,87.352
105.652,1062.864,68.076
28.792,1097.024,99.796
-40.748,1118.984,117.364
-108.336,1107.516,134.200
-152.012,1094.340,143.716
