acc_x[mg],acc_y[mg],acc_z[mg]
-137.128,972.584,-84.912
-139.080,974.048,-74.908
-137.128,984.540,-79.544
-121.268,986.248,-90.524
-128.832,982.588,-87.840
-121.268,982.832,-107.116
-126.392,989.420,-107.848
-146.156,990.396,-90.524
-137.372,987.468,-101.016
-124.928,982.344,-105.164
-128.588,980.636,-96.624
-119.316,969.900,-92.964
-121.512,963.312,-89.304
-136.640,960.140,-93.696
-136.396,968.680,-103.456
-140.788,970.876,-100.528
-132.736,969.412,-101.260
-139.324,966.484,-91.744
-137.128,976.244,-97.600
-123.220,973.560,-107.848
-137.616,974.048,-96.380
-126.636,964.288,-104.432
-155.916,969.656,-83.448
-173.972,980.636,-87.840
-154.940,980.148,-102.724
-162.992,977.952,-79.544
-151.036,973.560,-64.172
-132.004,972.584,-63.440
-118.584,966.972,-70.028
-106.140,960.384,-78.080
-94.184,956.724,-101.992
-121.512,965.264,-90.280
-132.004,967.948,-78.324
-141.032,973.804,-76.616
-149.328,980.148,-73.200
-145.180,977.220,-85.400
-145.668,979.660,-98.332
-122.732,982.100,-133.224
-130.540,988.932,-125.172
-150.792,991.128,-97.844
-129.320,984.784,-106.628
-118.584,985.516,-95.892
-131.516,979.660,-76.128
-115.656,969.168,-84.180
-118.828,966.728,-94.184
-128.832,982.344,-92.964
-112.972,977.220,-93.940
-116.632,965.264,-97.844
-106.384,968.192,-121.512
-102.236,979.660,-127.368
-102.236,982.588,-116.388
-110.288,979.904,-117.120
-113.948,981.368,-134.932
-128.344,984.784,-132.980
-126.880,987.468,-133.224
-118.340,976.976,-122.000
-125.416,967.704,-87.352
-114.436,968.680,-88.816
-111.020,969.412,-94.672
-116.144,969.168,-106.872
-133.224,974.780,-91.744
-142.740,974.048,-73.688
-146.156,968.436,-61.976
-151.524,962.336,-49.532
-141.276,958.188,-56.364
-143.228,957.456,-76.616
-149.328,965.508,-87.840
-154.452,964.776,-89.060
-150.792,966.972,-101.992
-146.644,974.536,-106.140
-142.496,978.928,-110.044
-132.736,982.832,-110.532
-131.028,990.640,-106.628
-136.640,998.448,-100.772
-136.884,1002.840,-99.308
-150.060,1014.796,-89.548
-155.184,1017.480,-78.568
-156.160,1029.924,-78.812
-176.900,1080.676,-124.440
-232.776,1070.428,-80.520
-252.784,1056.520,-44.896
-266.936,1058.228,-64.416
-293.288,1093.852,-89.548
-268.644,1084.580,-102.236
-291.336,1110.444,-192.272
-474.824,1172.420,-292.556
-764.452,1149.972,-291.336
-1036.268,1139.236,-306.464
-721.020,983.076,-310.856
-489.220,771.772,-96.624
-706.868,538.264,256.200
-297.192,177.144,363.804
705.892,-76.372,200.080
914.268,-190.076,326.716
1095.316,-205.936,443.104
1214.876,-240.096,348.676
1146.312,-249.856,404.064
1399.828,-200.812,172.264
1444.724,-209.840,241.316
1348.344,-162.748,431.880
1311.988,-96.136,388.936
1307.840,47.092,225.456
1255.868,127.368,159.576
1080.920,137.616,192.272
1025.288,155.184,238.876
916.708,165.432,258.640
900.116,205.204,214.476
885.232,221.064,188.124
843.508,242.536,157.380
754.204,246.196,132.248
760.060,251.808,39.040
623.176,222.284,157.624
637.084,188.124,197.396
646.112,159.332,132.980
563.396,120.048,116.632
545.340,115.900,78.812
514.840,117.852,106.628
441.640,92.232,173.484
493.124,33.916,137.372
543.144,13.420,100.040
571.448,13.664,88.328
542.656,34.892,107.604
598.532,-7.808,122.000
673.440,-62.220,51.484
722.484,-43.432,-7.076
675.636,-80.276,6.832
498.492,-168.360,213.988
534.848,-289.140,277.916
836.432,-299.388,96.624
1018.944,-261.080,-154.452
1004.060,-268.644,-283.040
851.560,-387.228,-133.712
688.812,-547.780,105.408
1001.376,-529.968,-19.520
1239.032,-581.696,-211.304
1207.312,-701.500,-254.980
1125.084,-803.736,-157.624
1250.500,-873.764,-46.116
1456.924,-873.032,-82.472
1445.456,-862.540,-176.168
1458.632,-867.664,-156.648
1565.992,-982.344,21.228
1662.616,-1102.880,126.392
1638.948,-1124.596,189.832
1649.928,-1074.332,195.444
1560.136,-1034.560,159.332
1680.184,-1000.156,31.964
1527.196,-963.556,136.152
1464.244,-939.400,157.624
1461.316,-1028.948,259.372
1559.648,-1128.500,354.532
1452.044,-1165.832,383.568
1388.604,-1133.868,382.348
1260.504,-1116.544,398.696
1240.496,-1048.468,395.524
1209.996,-1008.940,380.396
1140.944,-990.884,411.140
1151.680,-945.988,353.068
1105.808,-904.508,317.688
1037.244,-848.144,307.684
946.720,-806.664,337.940
841.800,-733.708,356.484
768.600,-700.768,378.688
644.648,-657.092,370.148
477.752,-551.684,326.716
516.060,-491.172,288.164
425.292,-447.008,242.292
444.080,-387.716,232.532
465.308,-339.648,142.984
319.152,-280.844,121.268
415.044,-193.248,98.088
404.308,-152.744,68.564
347.700,-107.360,98.576
450.912,-42.944,40.504
401.380,-42.700,53.436
456.280,-45.384,80.276
553.636,-52.948,50.020
635.620,-54.656,1.952
779.336,-44.652,7.076
775.432,-69.296,-3.172
887.428,-68.564,-15.372
927.688,-87.840,-19.520
966.972,-74.664,28.304
1070.428,-71.004,45.384
1275.632,-59.780,61.244
1237.324,-145.180,102.236
1322.480,-138.592,19.520
1575.020,-173.972,-16.348
1758.996,-149.572,122.000
1747.040,-255.468,312.320
1608.936,-305.488,385.032
1490.108,-323.056,206.180
1176.568,-236.192,158.112
716.384,-46.604,111.508
343.796,270.840,-30.256
-405.772,573.400,86.864
-679.784,869.128,171.532
-60.512,841.068,-119.072
46.360,832.284,-197.152
-300.120,829.356,8.052
-291.092,763.964,22.692
-275.232,783.484,33.184
-293.532,827.160,135.420
-264.252,871.324,91.500
-254.004,931.348,65.148
-199.592,988.444,52.704
-160.308,956.724,53.924
-77.348,988.200,38.064
-37.332,1034.560,10.736
-10.980,1048.224,-26.352
71.736,1024.800,-34.648
58.316,991.616,27.572
70.028,990.640,84.180
119.804,995.032,120.048
90.036,999.912,137.372
68.320,987.468,115.656
56.120,987.956,84.912
75.396,959.164,62.708
107.360,953.552,30.744
87.108,998.936,9.760
52.216,999.424,54.412
81.984,994.300,66.124
27.328,985.760,108.092
74.664,997.472,69.296
103.212,1017.480,55.388
64.904,1012.844,99.064
58.316,1017.236,113.704
75.396,1003.084,124.440
93.696,988.688,132.980
60.024,966.728,175.436
97.600,971.608,149.816
91.012,985.028,128.588
72.224,981.368,140.300
68.076,1003.084,136.396
83.448,1014.064,176.412
117.852,1010.648,216.672
149.328,992.592,243.756
140.300,984.784,258.396
110.044,962.580,299.876
82.960,954.284,314.760
142.252,951.600,263.032
143.960,967.460,234.972
165.188,988.444,193.492
142.740,988.200,182.756
63.440,982.832,228.140
64.416,999.912,204.228
112.728,997.960,187.392
158.600,1000.644,166.164
154.452,1008.452,132.004
111.264,989.908,161.528
113.460,983.808,179.828
176.900,995.764,146.644
180.560,1035.292,98.576
226.188,1053.592,55.876
223.992,1037.244,74.908
221.552,1026.264,115.656
202.520,1036.756,116.876
237.900,1017.968,122.732
255.224,984.296,138.104
262.544,991.128,94.916
207.400,1022.848,33.428
188.124,1033.340,-41.968
174.948,1008.452,-22.692
179.096,989.664,-18.056
172.508,975.512,-20.984
206.668,978.684,-38.064
171.776,1010.892,-38.552
172.508,1007.232,-65.392
191.784,1000.156,-77.836
183.244,987.956,-85.156
200.080,990.152,-145.668
168.116,1011.868,-180.316
110.044,1023.580,-194.712
96.868,1006.988,-181.780
68.320,992.104,-127.368
87.352,989.420,-183.488
71.004,981.124,-178.364
81.984,945.744,-118.584
71.248,894.016,-33.672
67.100,899.628,-55.388
80.032,955.016,-160.552
20.496,1007.964,-198.128
21.228,1007.476,-213.744
23.180,982.832,-193.980
1.952,961.604,-140.544
14.640,952.088,-146.644
2.928,958.676,-148.840
2.440,948.672,-130.296
-23.668,946.232,-111.752
-43.920,954.528,-106.628
-91.988,1018.456,-112.484
-75.640,1053.836,-135.420
-51.972,1027.484,-113.948
-78.568,999.424,-59.780
-98.332,997.960,-40.260
-164.212,1016.016,-34.404
-213.500,1041.392,-72.956
-283.040,1105.564,-99.552
-228.872,1061.888,-40.748
-197.152,991.616,53.436
-278.404,1067.988,-31.720
-458.720,1032.364,-24.644
-248.636,788.364,60.024
313.784,531.188,148.108
672.464,261.812,374.296
944.280,105.652,483.364
1164.368,-15.372,520.696
1449.848,11.468,354.044
1349.320,54.168,6.588
1032.364,91.744,102.236
1138.016,79.788,175.924
1351.272,76.616,122.244
1369.816,88.084,88.084
1136.552,125.660,143.716
929.396,88.084,156.648
857.416,145.912,189.100
914.268,160.308,209.108
960.384,103.212,144.936
928.664,108.092,72.712
856.196,127.612,82.472
863.516,149.328,57.828
828.136,157.136,13.420
735.660,151.524,40.016
610.488,152.744,45.384
540.704,145.912,52.948
449.936,93.452,83.204
270.108,32.452,120.536
296.704,45.384,135.176
264.740,60.268,166.652
229.604,-1.952,222.528
428.220,-68.808,202.764
504.592,-76.860,67.832
431.636,-38.064,25.864
476.288,-72.468,73.444
436.516,-184.952,124.196
583.160,-209.596,54.168
653.432,-233.264,33.672
678.564,-305.732,6.588
725.656,-348.432,-102.968
939.400,-408.700,-139.324
999.424,-569.496,-191.784
993.324,-635.864,-249.612
879.620,-639.524,-287.432
870.592,-569.984,-331.108
901.580,-689.056,-297.680
1179.740,-868.640,-322.080
1476.200,-980.148,-589.992
1737.524,-941.596,-881.572
1765.584,-1071.648,-584.624
1815.604,-1304.668,-222.284
1939.068,-1371.280,-23.424
2077.416,-1303.936,-5.612
2080.832,-1304.912,47.336
2156.472,-1318.088,205.692
1952.488,-1310.036,359.656
1952.976,-1242.936,416.264
2042.768,-1245.620,343.308
1867.332,-1200.724,327.692
1816.336,-1138.748,374.296
1855.132,-1160.220,451.888
1797.792,-1179.984,533.384
1723.616,-1183.644,477.752
1533.296,-1197.796,464.088
1464.488,-1173.396,494.100
1235.860,-1223.660,489.220
916.220,-1164.856,510.448
695.888,-1013.088,545.828
397.720,-915.732,562.908
205.692,-755.912,519.476
223.504,-589.992,319.640
158.112,-449.936,256.444
-27.816,-315.004,189.100
-12.200,-155.428,99.064
-7.808,-125.416,133.224
168.848,-41.724,114.436
199.348,18.300,6.344
254.492,77.104,-5.124
324.764,95.892,-55.144
394.060,139.568,-66.368
419.192,123.952,-43.676
607.316,145.180,-86.132
544.608,173.240,-107.360
549.488,230.336,-61.000
596.092,182.756,-63.196
695.156,187.148,-46.848
797.636,202.764,-58.316
891.820,205.692,-84.424
872.300,187.880,-113.216
938.424,185.928,-75.396
987.956,161.284,27.572
1022.360,140.544,66.612
1170.224,142.496,26.840
1276.120,148.840,40.260
1495.964,131.272,10.980
1436.916,31.476,137.128
1310.768,22.448,173.972
1454.728,179.340,-165.920
1473.516,232.288,-388.936
903.044,112.484,-48.312
539.484,264.984,49.776
364.048,423.828,3.416
88.816,488.000,3.172
-459.940,717.848,110.776
-576.328,1034.560,62.220
161.284,1072.624,-209.108
54.656,1013.576,-87.840
-43.920,993.568,-31.720
-52.948,983.808,-32.696
-136.396,987.468,-33.916
-97.112,1081.164,-143.472
-196.176,1035.048,-63.684
-181.292,949.160,37.332
-68.564,914.512,55.632
-127.612,940.620,93.452
-82.716,955.504,65.636
-36.600,1079.456,-158.112
-174.704,1083.116,-181.780
-113.216,1033.828,-195.200
151.280,1060.912,-383.324
112.484,1016.748,-322.080
98.088,1020.652,-233.020
138.836,1002.352,-197.152
132.980,965.020,-126.148
33.428,898.652,-11.468
34.648,870.104,-28.792
96.868,884.744,-111.020
212.768,927.932,-217.160
137.128,955.992,-211.548
51.484,940.620,-153.964
92.476,924.028,-115.900
169.824,933.300,-141.764
160.308,926.712,-108.336
92.232,943.060,13.176
124.684,918.904,76.128
175.436,960.872,17.324
147.864,978.684,-16.592
158.356,1016.748,-53.680
167.872,1009.428,-35.624
306.464,1005.036,-106.140
217.160,975.512,1.952
259.372,910.852,80.520
403.088,867.664,-4.148
329.400,826.672,-29.036
201.300,841.312,31.476
233.264,772.748,108.580
361.364,823.256,108.336
271.328,812.276,159.088
106.384,800.076,218.380
143.716,924.028,-8.540
116.144,958.676,-99.796
152.500,966.972,-107.116
142.984,979.416,-110.044
103.700,1010.648,-192.516
22.692,1016.992,-215.696
22.204,1036.512,-177.876
30.744,1026.020,-6.588
-33.916,982.832,126.880
-85.400,977.952,94.672
-49.776,1002.108,-30.256
-42.944,1044.808,-135.176
70.028,1115.812,-234.484
12.932,1137.040,-155.916
6.588,1092.388,-95.404
-37.088,1056.520,-35.624
-5.124,1004.304,37.088
72.224,1037.732,-16.348
163.724,1051.396,-52.216
193.492,1067.988,-91.012
88.084,1067.500,-79.300
109.800,1072.868,-22.448
84.668,1049.444,55.144
10.980,1042.612,93.696
136.152,1025.776,38.064
208.620,1017.480,35.380
259.372,1038.708,-9.272
179.828,1040.172,1.220
174.704,1027.240,30.500
196.420,1030.900,-34.892
180.560,1039.440,-79.056
228.628,1017.724,-121.268
183.000,980.148,-72.224
122.000,997.716,-24.644
80.032,993.324,10.248
102.480,961.360,29.524
114.680,937.204,67.100
129.808,961.360,79.300
140.788,1006.012,48.800
118.584,1022.360,31.964
94.184,1031.388,51.240
86.132,1025.288,55.632
117.852,1028.216,49.532
89.792,1025.776,72.468
144.204,1020.408,40.016
158.844,1033.584,9.272
117.120,1040.660,28.060
97.356,1030.900,36.356
28.060,1015.040,61.000
73.444,1007.964,18.544
146.888,989.420,-22.936
142.740,981.124,-32.208
149.084,974.048,-36.356
139.568,984.784,-36.600
117.364,988.688,-2.196
146.400,994.300,-6.832
116.876,998.448,-3.416
153.720,988.932,-14.640
149.572,1005.524,-55.388
112.728,1012.844,-63.928
81.008,1025.776,-63.196
82.960,1026.996,-70.760
42.700,1035.780,-78.568
11.224,1045.052,-74.908
10.492,1003.084,-41.480
31.964,1007.720,-35.380
30.988,985.272,-37.820
20.984,971.608,-79.788
-163.236,978.440,-102.236
-123.708,839.116,-77.104
-247.904,707.844,-78.080
-449.204,665.876,22.936
-548.268,409.920,205.692
-115.412,304.756,591.700
358.924,161.528,445.300
791.048,-18.788,-392.596
1233.176,-60.024,-317.688
993.568,-283.040,208.864
1287.832,-465.308,358.924
1760.948,-536.556,202.520
1839.516,-462.136,154.940
1590.880,-281.332,170.312
1410.808,-179.096,207.644
1244.400,-137.616,273.524
1186.328,-111.508,228.872
1232.200,-180.560,238.144
1237.080,-232.776,253.760
1037.488,-200.568,272.792
1131.428,-124.196,155.916
1060.424,-64.660,162.504
1070.428,-50.508,180.804
1086.776,-63.196,186.660
1024.556,-95.160,237.656
1031.876,-90.768,214.964
1066.524,-71.492,150.792
1076.040,-60.756,115.900
1121.424,-57.096,120.536
1032.852,-60.512,128.588
960.140,-42.700,139.080
907.924,-49.532,133.956
896.212,-62.220,141.764
843.752,-77.836,147.864
811.788,-72.956,152.500
746.640,-48.068,122.732
654.408,-47.092,84.180
696.132,-31.232,72.956
750.544,-52.460,43.432
731.756,-141.520,75.640
581.208,-142.740,166.164
707.356,-128.832,116.388
707.112,-86.132,56.608
633.668,-63.928,-1.220
349.652,-57.584,-18.788
394.060,-45.628,-14.396
667.340,-107.604,-21.960
819.352,-153.720,-63.928
781.776,-198.372,-124.440
597.312,-253.516,-155.916
659.776,-264.984,-168.116
762.500,-314.272,-174.704
885.720,-347.944,-200.812
1000.400,-418.948,-229.604
949.404,-441.640,-263.032
972.096,-452.376,-375.516
1083.116,-502.884,-484.340
1433.988,-560.956,-594.140
1584.536,-640.012,-547.536
1678.964,-713.944,-475.800
1792.668,-740.784,-380.640
1915.400,-715.896,-355.264
1950.292,-696.376,-352.336
1798.280,-658.800,-262.056
1735.084,-618.540,-204.228
1654.320,-595.848,-211.060
1647.488,-585.844,-246.684
1641.876,-634.644,-165.920
1490.596,-653.188,-49.776
1497.428,-678.564,16.104
1541.348,-778.360,88.816
1418.860,-823.744,248.880
1393.972,-775.188,287.432
1498.892,-735.172,277.672
1319.552,-689.300,276.452
1354.688,-632.692,230.092
1184.620,-606.096,235.704
1079.212,-596.824,313.296
993.080,-610.000,439.932
904.752,-549.488,429.196
886.452,-509.960,409.676
636.352,-434.076,383.080
577.548,-359.168,369.660
637.328,-330.620,311.344
460.184,-289.872,297.192
518.988,-182.756,277.672
472.384,-125.904,225.700
501.176,-55.632,130.784
588.284,-41.968,114.680
545.584,-34.648,143.228
508.740,45.628,91.012
561.444,83.204,43.188
522.892,109.556,12.444
624.152,111.020,-8.296
633.912,83.204,34.404
579.988,75.152,74.664
701.256,80.032,40.748
775.676,119.072,-47.092
817.400,140.788,-43.432
901.824,121.268,-35.136
1009.672,74.908,-0.732
1205.604,67.344,14.884
1480.592,66.124,-12.932
1519.876,-27.328,-17.080
1550.132,-34.648,44.652
1531.344,-66.612,320.616
1568.188,-92.964,262.788
1645.536,26.108,-278.892
1185.840,-81.740,-217.648
39.040,8.540,592.432
-895.480,521.184,710.772
-943.548,1000.400,176.900
-95.404,933.300,-181.780
-183.976,862.540,52.948
-399.428,851.804,138.592
-288.896,790.804,101.748
-252.540,823.256,27.816
-416.996,835.456,116.388
-332.328,834.724,75.152
-164.700,917.196,-115.900
-317.932,999.668,-0.732
-202.764,971.608,42.700
38.308,964.776,-38.308
7.564,998.692,76.372
213.012,1023.824,60.024
137.860,1089.216,113.704
99.552,1123.864,78.324
208.376,1109.468,-12.932
101.260,1062.376,80.764
100.040,985.516,140.056
148.108,966.240,119.804
27.328,953.064,201.300
-4.148,948.916,200.080
130.784,956.480,135.908
94.672,1012.356,126.880
78.568,999.912,149.816
229.116,1006.012,44.164
144.692,1016.016,97.844
91.500,1005.768,126.148
101.992,1007.476,98.332
96.624,1012.844,83.692
54.412,997.472,99.552
49.532,979.416,94.428
172.752,966.240,10.248
40.504,972.584,113.216
55.876,979.172,159.820
96.868,957.944,188.368
97.844,961.848,175.680
161.772,966.240,108.092
156.648,970.876,111.752
116.388,970.388,142.740
106.140,963.556,141.520
111.020,966.484,130.540
74.176,962.092,144.936
80.276,950.380,149.328
89.792,952.576,155.184
110.288,949.648,177.632
94.672,933.544,264.984
137.372,920.856,287.920
188.856,935.740,238.144
148.596,962.824,236.436
207.156,983.564,196.420
197.884,1000.888,189.344
164.944,1005.524,198.860
192.760,988.444,199.104
193.004,960.872,221.308
203.984,938.912,201.300
172.264,951.600,177.876
138.592,965.020,167.872
163.236,983.076,144.204
109.312,989.908,138.348
128.100,977.464,141.032
123.952,959.408,145.668
101.016,964.044,183.732
269.132,962.092,130.784
279.868,980.880,124.440
250.344,979.172,180.316
166.896,951.356,282.552
146.156,966.484,260.348
176.412,1008.208,178.120
179.828,1046.272,159.088
168.848,1055.544,164.700
237.900,1023.580,170.068
213.012,982.344,243.512
190.808,961.360,258.152
258.884,945.256,191.784
383.324,963.556,104.920
316.224,988.444,96.624
305.000,954.772,135.908
371.368,919.148,129.564
372.344,915.000,83.692
405.040,957.212,-27.572
333.304,979.416,-70.516
287.676,979.660,-71.492
249.856,967.216,-78.568
282.552,936.228,-91.012
327.936,927.688,-113.704
236.192,921.100,-72.468
204.472,902.800,-38.552
159.088,915.976,-44.164
200.324,924.028,-106.628
254.492,948.916,-200.568
208.864,974.780,-164.456
221.308,986.980,-153.476
175.436,964.532,-72.712
188.856,955.992,-52.948
245.220,972.828,-96.624
252.540,1003.084,-139.324
264.008,1004.792,-175.680
201.300,1005.768,-139.324
155.184,986.492,-70.028
150.304,979.416,-41.968
178.852,971.852,-80.764
172.508,992.104,-132.248
196.420,1004.792,-154.452
187.636,1001.376,-148.108
172.020,986.980,-108.336
176.168,1007.476,-104.920
160.552,1002.840,-64.172
192.028,981.124,-34.892
180.560,960.872,0.732
153.964,955.748,30.256
188.368,960.628,5.612
184.220,967.460,-20.984
167.384,984.540,-65.392
125.904,1016.260,-61.732
178.608,1031.632,-89.548
194.956,1018.700,-70.760
175.924,1001.620,-18.544
141.032,1009.184,21.960
216.672,990.640,2.928
184.220,988.444,16.348
132.492,1014.552,12.688
122.732,1041.636,-10.736
76.616,1037.732,-30.500
81.008,1000.400,-16.836
137.372,976.732,-27.084
119.804,1004.060,-66.856
7.076,1036.512,-85.156
-134.444,1035.292,-61.244
-289.140,1037.244,-29.768
-164.944,952.332,-23.180
-129.320,734.684,62.708
66.368,504.348,325.984
626.348,262.788,356.728
1029.680,213.256,196.176
1289.296,205.448,56.364
1333.704,261.080,-154.208
1358.348,257.908,-206.424
1266.604,243.024,-163.968
1056.276,212.036,22.204
1202.432,227.896,9.028
1138.016,196.420,37.576
1144.604,180.560,94.672
962.824,166.896,81.740
843.020,186.904,167.384
917.196,145.180,126.148
742.004,108.580,201.788
763.476,127.368,184.464
647.576,143.472,157.868
657.580,146.400,116.876
634.400,100.528,95.404
557.540,36.600,136.396
592.188,30.744,162.016
544.852,14.884,124.440
529.480,-24.400,152.988
493.368,-81.252,218.624
468.968,-151.768,206.180
526.308,-147.132,162.992
591.944,-132.492,61.488
598.044,-152.500,18.056
606.340,-182.024,60.268
789.828,-244.488,-53.192
747.616,-321.592,-98.576
993.324,-395.280,-170.068
945.256,-443.836,-176.656
1002.108,-438.712,-224.724
1193.648,-488.000,-344.284
1216.096,-585.356,-365.756
1436.916,-617.320,-386.008
1485.228,-641.720,-325.252
1526.220,-701.256,-210.572
1604.056,-719.068,30.256
1860.500,-743.956,21.472
1941.020,-749.812,101.260
1974.936,-623.908,64.904
1871.968,-587.308,108.580
1847.080,-574.132,135.420
1799.988,-575.352,83.204
1679.696,-561.444,30.256
1474.004,-554.612,51.484
1442.772,-554.368,76.128
1418.860,-631.960,173.972
1434.232,-674.416,263.032
1310.036,-709.796,402.844
1214.632,-690.032,506.300
1285.636,-704.428,525.088
1278.560,-732.732,595.848
1236.836,-733.952,593.408
1122.888,-683.200,512.644
1140.212,-621.468,399.916
1106.784,-538.264,253.028
963.556,-470.432,152.744
870.104,-431.148,128.100
726.388,-407.480,147.132
649.528,-373.320,142.740
521.916,-318.420,116.876
398.696,-255.224,90.280
368.928,-176.900,37.088
317.200,-111.752,-19.276
276.208,-45.628,15.860
316.468,-25.620,36.600
357.460,-4.392,28.548
469.212,45.872,-12.200
498.736,86.132,-142.252
684.176,85.888,-174.948
685.640,42.944,-123.708
736.880,-4.148,-50.020
868.396,-33.672,-24.156
1032.120,-49.776,-22.204
938.424,-87.108,7.076
922.320,-18.056,-0.976
1341.756,-66.856,-13.664
1448.140,-89.304,81.252
1542.324,-123.708,1.952
1454.484,-121.512,-14.640
1248.304,-93.452,147.864
1301.252,52.948,139.324
1324.920,1.952,75.396
1114.348,124.196,2.928
592.676,304.024,202.520
212.280,582.916,11.712
-126.148,825.940,-180.072
-449.692,932.324,-11.956
-18.056,826.428,-64.172
-47.336,793.244,-23.912
-290.116,859.856,7.320
-197.152,824.720,-13.908
-228.140,840.580,11.712
-380.152,910.120,130.052
-206.668,937.204,47.092
-141.032,1067.500,-34.648
-126.148,1099.464,16.104
-15.616,1084.824,6.588
-61.976,1122.644,3.904
11.224,1101.904,-8.296
120.536,1073.600,-79.056
48.556,1069.696,21.472
157.136,1027.728,34.160
127.368,1064.328,-10.004
93.696,1064.816,-31.476
170.312,1017.968,-88.328
73.688,978.684,30.500
80.520,938.912,80.764
102.236,984.052,41.236
107.604,1022.604,-9.760
135.664,1035.292,-42.456
107.848,1029.680,-34.648
142.252,998.448,21.472
178.608,996.496,23.912
89.792,981.368,115.900
139.568,937.692,131.272
109.068,934.032,154.940
114.680,932.568,116.876
150.060,957.700,31.720
80.764,985.028,31.476
96.868,968.436,28.304
144.692,967.216,4.392
75.152,972.096,36.112
127.368,952.332,24.156
164.456,994.300,-18.300
157.380,1020.652,-35.868
181.536,1028.704,-55.632
188.612,1027.972,-39.284
179.584,1006.500,3.904
171.288,980.636,40.748
192.760,954.040,56.852
157.380,952.820,56.852
144.692,962.336,38.308
126.148,967.948,16.592
113.704,973.072,-17.080
103.944,977.708,-27.328
96.380,964.044,-3.416
120.780,961.360,-15.616
96.624,974.536,-1.220
136.152,960.872,6.100
147.376,989.664,6.100
149.816,1015.284,3.172
169.580,1012.844,10.004
170.068,1008.696,33.184
153.720,993.568,64.904
185.196,985.760,56.608
155.428,981.368,91.500
138.592,967.704,108.824
161.772,961.116,85.644
132.980,975.512,75.152
171.288,973.560,29.524
161.528,988.200,13.664
146.156,986.492,16.348
155.916,975.756,23.180
157.380,958.188,28.060
141.032,950.380,34.892
169.580,941.596,27.328
151.036,944.524,48.068
146.156,943.548,65.880
153.476,954.772,64.416
154.940,962.824,59.048
215.696,976.244,37.332
214.232,995.764,31.476
229.360,1002.108,52.704
245.708,1008.940,70.516
222.284,1013.820,119.072
204.228,1034.560,144.448
206.180,1057.252,160.064
237.412,1057.740,198.128
224.724,1064.572,250.100
204.960,1081.896,265.716
196.908,1100.440,278.404
265.472,1090.192,262.056
286.456,1090.680,259.372
270.352,1085.556,266.204
245.708,1071.648,289.384
234.240,1062.132,281.576
254.736,1053.348,237.412
262.300,1040.904,208.376
227.652,1036.268,193.980
223.504,1026.020,143.960
265.472,1020.164,54.168
272.060,1003.572,36.600
321.104,1008.452,-15.616
273.280,996.740,-21.228
231.312,993.080,-48.068
257.908,1003.816,-119.804
244.000,1019.188,-153.232
195.688,1022.848,-150.792
213.500,1007.232,-172.508
227.164,996.496,-176.412
195.932,976.244,-133.712
219.600,920.124,-109.068
214.476,887.428,-124.928
158.600,911.584,-129.320
112.484,928.420,-154.940
152.500,897.676,-203.252
188.856,844.484,-208.376
169.580,841.068,-186.660
109.556,890.112,-165.188
99.308,881.084,-140.788
131.272,895.968,-146.400
172.020,884.988,-173.240
195.200,896.944,-190.564
114.924,907.192,-52.948
152.744,893.528,-34.648
226.188,911.828,-85.888
296.704,956.236,-183.732
239.364,987.956,-145.668
200.812,953.308,-99.796
180.072,936.960,-83.448
143.472,947.696,-54.412
176.900,985.028,-90.280
225.944,973.072,-142.252
208.620,965.996,-169.336
131.760,951.844,-114.192
105.408,927.444,-91.988
113.460,908.656,-101.992
160.796,931.836,-130.784
141.764,961.360,-116.144
107.848,938.668,-71.004
92.720,906.704,-32.940
53.924,930.128,-27.084
92.720,948.916,-65.880
175.680,943.060,-107.360
130.296,976.244,-68.076
109.800,1022.360,-126.880
96.380,1014.796,-105.164
99.308,982.832,-42.944
78.324,976.244,15.616
97.112,989.908,34.404
84.180,1052.128,-14.152
59.536,1105.564,-52.216
-7.808,1110.688,35.624
-153.720,1111.664,73.444
-152.500,1169.248,26.108
-22.448,1029.192,28.304
-198.860,842.776,162.260
-89.304,656.360,133.224
494.832,302.560,36.112
1228.052,-49.288,183.488
1242.692,-94.672,769.576
1347.368,-97.356,610.732
1235.372,-28.060,161.284
1438.624,87.840,-445.788
1260.992,-87.840,140.788
1041.636,-132.492,491.172
1032.120,3.416,290.604
987.712,47.336,250.100
1080.432,99.064,13.420
939.644,84.424,92.720
852.780,74.176,126.148
766.892,57.340,127.856
794.708,70.516,174.460
590.724,90.768,170.556
682.712,152.256,99.308
565.348,150.060,106.628
452.376,141.276,186.904
504.592,152.500,174.460
545.828,109.800,82.472
564.128,58.804,92.232
528.016,37.820,76.860
310.124,29.524,276.696
437.736,31.964,293.288
505.080,-9.760,164.700
613.904,-44.408,20.984
466.284,-82.472,53.192
344.528,-121.512,218.624
61.000,-121.512,480.680
455.060,-153.232,374.784
740.052,-134.688,-34.892
1012.600,-151.524,-311.588
753.716,-226.676,-184.464
492.880,-395.036,73.444
813.496,-549.976,129.320
1071.892,-611.220,-43.676
1261.236,-555.100,-189.832
1279.292,-560.712,-268.400
1295.396,-651.236,-300.120
1316.868,-724.924,-258.884
1338.584,-730.536,-160.064
1355.664,-810.812,-24.888
1321.016,-880.352,-0.732
1326.384,-836.432,-162.260
1423.740,-809.104,-412.848
1541.348,-946.476,-346.968
1553.792,-1131.428,86.864
1702.876,-1194.868,336.476
1886.852,-1183.888,415.776
1983.232,-1128.744,361.852
2103.036,-1060.912,274.012
1856.108,-1036.268,315.980
1559.892,-1014.796,326.716
1810.968,-922.076,166.408
1827.072,-1052.372,265.228
1772.904,-1208.532,478.240
1947.852,-1332.728,501.176
1701.412,-1306.620,475.800
1360.544,-1278.072,319.884
1394.704,-1214.144,280.844
1327.116,-1274.656,406.748
1173.884,-1281.244,487.268
934.520,-1186.084,430.172
896.944,-1097.512,443.836
684.908,-1031.632,470.188
580.232,-932.568,558.272
487.756,-837.652,576.084
449.448,-739.808,541.924
419.924,-623.664,464.332
239.608,-557.784,393.816
263.032,-438.956,388.692
187.880,-370.392,387.228
258.640,-254.492,290.604
150.304,-207.400,250.588
182.268,-85.888,225.212
307.928,-31.232,85.644
281.088,-27.816,134.688
300.120,-24.156,191.052
361.120,-23.668,204.716
510.936,25.864,81.008
548.512,77.104,-27.084
528.260,83.692,79.300
478.728,98.576,77.348
632.448,98.088,81.496
710.284,147.620,-3.660
751.032,187.636,-54.168
693.448,232.776,-66.368
806.664,219.356,11.712
800.808,209.352,-9.516
1024.068,215.452,-18.300
1322.480,152.500,-70.760
1570.384,129.564,-196.420
1148.508,73.688,158.600
1204.872,44.408,400.404
1600.152,154.452,122.732
1191.940,81.008,231.800
809.348,280.600,290.604
570.716,440.664,308.904
646.356,566.324,-4.636
541.924,591.700,-132.248
-206.424,697.352,221.308
-614.392,899.140,233.508
-263.764,933.056,36.112
-11.956,900.116,-53.680
-238.632,863.028,116.388
-236.680,862.052,113.216
-307.440,872.788,134.444
-302.560,1006.988,47.336
-308.416,1049.444,-53.924
-355.996,1025.532,4.148
-274.256,965.508,20.740
-270.840,924.028,76.128
-184.220,1023.092,-25.132
-79.056,1161.196,-183.732
-228.628,1105.808,-13.664
-154.452,1018.700,40.992
-95.648,985.272,50.020
-70.272,942.816,77.348
-76.372,968.436,62.464
-92.964,997.716,10.736
-98.820,1071.404,-61.000
-182.268,1022.360,9.760
-80.520,985.272,-2.196
35.624,982.832,-23.912
-72.712,972.340,70.760
-73.688,959.164,73.688
49.532,1009.428,-3.904
-64.416,1037.244,28.304
-97.600,1049.200,37.088
-36.356,989.176,29.524
-74.420,973.804,77.348
-39.772,983.076,81.740
32.452,995.520,35.136
-71.248,987.468,87.108
-100.772,966.728,108.336
-59.780,965.752,82.716
34.404,978.928,5.124
102.480,994.056,-66.612
66.368,1010.160,-50.020
-30.500,995.032,38.552
-64.172,976.000,91.744
-81.740,926.956,160.552
-54.656,914.512,180.316
82.472,947.696,45.140
-19.764,960.140,103.700
-246.684,937.692,302.316
-61.732,927.444,270.108
54.900,918.416,250.832
62.220,938.180,233.508
85.888,973.560,193.248
28.792,955.016,261.812
41.968,883.036,402.356
98.088,863.272,452.376
157.380,916.464,346.480
170.556,1007.232,205.448
91.012,980.392,251.564
73.688,929.152,367.220
147.864,924.028,373.320
132.004,957.456,324.276
134.444,997.960,201.056
132.004,1012.844,134.688
118.584,992.348,168.116
148.352,996.008,121.024
106.384,1028.948,46.604
40.992,1015.040,50.264
36.112,991.128,84.180
86.864,984.784,34.892
107.848,988.444,-7.320
94.184,975.512,-10.248
77.104,951.112,43.676
108.824,976.976,-4.880
117.120,995.764,-89.304
62.220,1026.264,-146.888
35.624,1037.488,-191.052
43.676,1026.996,-203.496
5.612,983.564,-99.308
33.184,979.416,-78.568
78.812,1010.160,-140.544
63.684,1043.832,-195.688
23.912,1092.388,-232.776
26.108,1083.604,-242.780
26.596,1011.868,-119.072
85.400,989.176,-62.464
118.096,985.516,-29.280
120.292,997.472,-30.500
93.696,1039.196,-97.844
62.464,1047.492,-135.908
67.100,1032.120,-131.028
17.080,1021.140,-61.488
40.260,1027.728,-57.340
51.484,1024.068,-55.144
46.604,1036.512,-80.276
75.640,1019.188,-115.168
122.000,988.688,-106.872
92.720,954.528,-16.836
95.404,922.808,30.500
132.980,934.032,15.372
141.276,953.308,-41.480
144.448,975.512,-93.208
165.676,987.224,-111.752
119.072,996.496,-79.788
92.964,984.296,-39.040
138.592,977.220,-17.080
201.300,972.828,-32.696
174.948,977.952,-13.176
119.560,984.052,8.540
70.760,970.876,39.040
85.400,971.852,16.104
67.100,983.808,-3.172
24.888,990.884,1.464
6.344,1006.744,2.684
23.668,1008.696,-27.816
-10.736,995.276,-23.180
-15.372,1004.060,-41.968
-15.128,1033.828,-83.936
-36.356,1042.124,-109.556
-98.332,1040.660,-103.944
-243.512,1016.504,-45.628
-198.860,999.912,-30.012
-115.900,973.804,-68.808
-189.588,935.496,-38.064
-93.452,856.196,14.396
35.380,783.972,57.340
108.336,661.484,54.656
-16.104,542.656,101.748
300.120,398.208,202.520
912.804,295.728,105.652
805.200,208.132,181.048
1244.400,157.380,138.348
1229.028,-53.436,243.268
1093.120,-100.040,298.900
1497.916,-97.600,132.004
1310.280,-194.224,225.212
1335.900,-206.912,379.420
1361.520,-195.688,270.108
1186.572,-146.156,232.044
1150.460,-96.380,275.964
949.404,-98.820,281.820
850.340,-81.740,300.120
807.884,-56.364,276.940
713.212,-83.448,335.988
660.020,-70.272,274.744
739.564,31.476,94.916
601.216,6.100,141.764
609.512,13.420,142.252
538.996,-42.456,168.116
439.932,-103.456,267.912
410.652,-114.924,269.132
380.884,-173.484,323.300
439.200,-172.264,169.092
641.232,-196.420,-14.884
654.408,-166.652,-35.868
726.876,-173.240,-81.984
721.264,-187.636,-97.112
654.652,-207.156,-144.692
706.380,-178.120,-197.640
814.228,-233.752,-240.340
955.504,-345.992,-292.800
1120.204,-457.256,-305.000
1183.400,-536.312,-220.820
1343.708,-624.640,-166.164
1481.568,-697.352,-197.152
1670.912,-724.436,-301.828
1793.400,-722.240,-308.660
1806.088,-818.620,-97.112
1868.308,-978.684,154.208
1958.588,-1058.472,300.364
2049.356,-1139.968,343.552
1947.120,-1235.860,547.780
1828.536,-1182.912,632.936
1696.288,-1098.976,622.444
1533.540,-1033.340,692.716
1492.792,-924.760,573.400
1379.820,-802.760,466.040
1286.124,-751.276,497.028
1200.724,-741.516,515.572
1192.184,-738.100,486.048
1103.368,-704.184,409.920
1040.904,-660.752,342.332
914.756,-639.524,322.324
804.712,-567.544,314.028
699.792,-513.132,268.400
519.232,-414.556,319.396
421.388,-327.936,266.204
467.260,-261.812,164.700
325.008,-171.776,83.692
347.700,-76.616,81.984
286.212,-23.668,33.672
315.004,5.856,58.316
379.420,21.716,40.504
488.488,61.244,-9.028
560.224,71.736,2.684
675.880,68.320,-3.416
772.260,81.008,-75.152
692.472,100.284,-111.752
854.244,84.424,23.668
927.444,61.488,75.396
1133.380,49.288,31.964
1189.256,17.080,4.148
887.428,25.864,110.776
1162.172,106.140,100.284
1263.188,12.200,325.984
1295.152,-58.804,379.420
1599.908,34.160,71.736
1834.880,11.468,-176.412
1159.000,-216.184,252.784
538.996,72.956,388.692
232.044,254.980,358.192
277.184,548.268,-60.512
-90.768,785.436,-126.880
-392.108,1031.876,-102.236
-348.920,1017.968,7.320
12.200,907.924,-9.272
-98.332,883.768,118.340
-62.708,918.660,50.508
-83.204,888.160,65.636
-73.688,987.956,-25.132
2.440,1139.724,-239.120
-128.832,1154.364,-199.836
-83.448,1072.380,-140.544
-90.768,965.752,73.444
14.152,913.048,163.480
107.604,944.280,114.192
77.592,974.780,89.304
70.272,1017.724,36.356
31.964,1038.464,10.736
10.004,1054.568,-10.736
18.056,1035.048,-2.928
68.808,1027.972,-20.008
113.948,1008.208,-35.380
167.384,1010.892,-72.468
136.152,1003.816,-57.340
80.520,976.976,5.856
38.308,945.744,91.256
68.564,960.628,95.404
19.276,961.848,88.328
96.136,959.164,7.564
205.936,1022.116,-81.496
121.268,1027.972,-16.104
128.344,1015.284,4.636
121.024,1024.556,27.084
110.044,998.692,28.060
132.980,990.640,24.644
123.220,972.584,51.484
93.940,955.260,76.616
87.840,945.988,97.356
102.236,947.940,95.648
118.096,954.284,70.272
167.384,971.608,15.860
174.460,990.396,-28.304
134.688,1004.060,-41.480
134.932,1018.944,-44.408
149.084,1000.644,-23.668
115.168,979.660,42.944
104.676,959.652,77.592
137.372,961.360,66.856
179.828,972.096,37.332
179.096,979.172,37.088
210.328,996.984,-5.856
178.852,1003.084,17.568
169.092,987.224,49.532
164.456,969.412,61.732
185.440,962.092,57.828
186.660,947.696,69.052
166.408,936.716,85.644
163.236,946.964,77.592
211.548,960.872,5.124
235.216,988.688,-22.936
220.820,1014.064,-41.480
182.268,1016.992,-11.712
140.788,1020.652,32.940
145.424,1014.796,43.188
157.868,996.740,57.340
193.248,978.928,45.872
195.444,970.144,51.484
188.368,973.804,68.564
194.224,965.508,73.200
182.024,969.168,88.572
188.856,975.268,76.860
199.104,978.196,51.484
224.236,985.028,17.568
252.784,983.808,-13.908
223.748,991.372,-4.148
227.652,976.732,6.588
205.204,967.948,39.040
193.980,961.360,60.512
213.744,956.724,52.216
215.208,954.284,60.268
217.160,946.476,59.536
212.768,943.548,67.588
246.440,952.088,30.500
220.820,964.532,22.936
175.436,988.932,36.844
196.908,989.176,13.176
213.988,1004.304,-2.928
241.072,1010.160,-11.712
259.372,1003.328,9.272
277.916,976.488,38.796
279.136,967.948,84.424
260.348,948.428,117.852
230.092,948.184,122.244
235.948,958.188,77.836
217.160,970.876,60.756
192.760,978.440,43.920
220.576,983.808,26.108
251.808,984.540,15.616
244.488,984.540,12.688
225.700,985.028,17.568
216.184,979.660,4.880
207.888,993.080,-9.760
190.320,990.640,3.660
188.612,982.832,9.760
178.852,967.704,31.964
201.544,956.236,37.332
185.440,952.576,36.356
168.604,964.288,6.344
147.376,974.536,-20.008
146.644,987.224,-41.480
88.816,999.912,-33.916
149.328,1000.644,-49.044
217.404,989.908,-47.092
224.968,984.784,-29.280
194.712,979.172,8.540
171.288,967.704,30.012
233.996,973.072,-11.468
267.912,974.292,2.440
245.708,968.924,32.696
202.520,976.976,87.108
219.112,965.996,87.108
183.488,955.504,111.752
89.792,993.080,90.524
132.248,933.300,10.248
170.312,874.008,83.692
240.340,807.396,126.148
66.856,766.648,213.500
100.528,709.308,284.504
270.596,579.500,234.728
-25.132,464.576,223.992
792.756,405.528,17.568
852.536,205.936,234.972
805.444,224.724,145.912
1193.404,195.688,-110.044
1266.848,113.216,-186.660
1167.052,30.256,33.428
1335.656,-168.604,170.556
1337.608,-311.832,293.044
1374.452,-257.664,266.204
1374.208,-151.280,120.536
1337.608,-69.784,62.708
1301.984,-48.800,122.732
1267.092,-68.564,160.308
1223.172,-55.632,144.448
1194.868,2.196,79.056
1200.968,56.608,-1.708
1161.196,55.388,11.224
1002.108,28.060,71.736
958.188,19.520,139.324
819.596,-10.980,158.112
748.592,12.200,186.416
680.516,54.900,162.992
623.176,62.708,139.812
601.948,44.652,111.752
615.612,8.296,66.612
616.100,-14.396,52.948
549.000,-37.088,60.512
430.172,-40.748,101.992
407.236,-52.948,136.152
441.884,-57.584,148.108
526.796,-40.260,47.580
542.168,-10.980,-59.048
645.868,18.788,-119.072
582.916,26.840,-65.636
525.088,-17.812,33.672
672.220,-59.292,-40.748
728.584,-127.856,-74.664
933.300,-162.992,-122.000
970.876,-172.996,-126.880
926.468,-214.476,-95.404
962.092,-264.984,-111.996
1067.500,-342.576,-141.032
1247.572,-454.328,-253.760
1295.152,-545.828,-261.324
1524.756,-539.972,-332.084
1530.368,-612.440,-302.804
1717.028,-687.836,-261.324
1834.392,-719.068,-311.832
1865.624,-711.260,-260.592
1880.264,-707.844,-138.592
1874.896,-654.164,-94.184
1895.880,-630.252,-51.972
1830.000,-593.652,101.016
1793.156,-559.736,212.768
1867.332,-514.596,179.584
1773.148,-463.112,163.724
1656.760,-402.844,164.944
1632.604,-423.584,235.948
1575.508,-461.648,329.644
1436.184,-543.632,415.776
1416.908,-562.420,528.260
1254.404,-571.692,545.584
1167.052,-559.248,590.968
1171.688,-529.968,504.592
1115.324,-497.516,438.956
841.800,-503.128,524.112
774.456,-415.044,535.336
820.816,-393.328,422.120
772.992,-360.876,386.984
760.792,-297.436,326.472
585.844,-250.344,346.724
445.300,-173.728,325.984
527.284,-105.408,225.456
496.052,-65.148,206.424
575.840,6.100,90.768
531.188,58.804,79.300
405.772,115.412,99.552
426.512,196.664,-1.220
452.620,240.828,-52.216
491.660,243.512,-51.484
527.528,210.816,-17.812
575.596,248.880,-61.976
641.476,267.912,-79.056
845.948,279.868,-117.852
1035.780,265.716,-172.996
944.524,279.136,-165.676
921.100,277.184,-55.388
1118.740,252.296,-25.132
1526.220,295.240,-122.976
1688.480,235.216,-147.864
1331.508,65.880,176.412
880.352,190.808,310.124
885.232,401.868,-1.220
515.816,480.924,-90.524
-32.452,594.628,99.064
-239.852,656.116,20.008
-440.664,808.616,-18.056
-331.840,927.444,-149.572
-309.392,1026.264,-229.848
-409.920,979.904,-135.176
-379.664,897.920,-50.508
-354.776,864.736,13.420
-360.388,863.272,59.780
-363.316,892.796,89.548
-273.036,947.696,60.024
-160.796,974.780,-16.348
-161.040,1015.040,-3.660
-61.000,1054.080,-67.832
-73.688,1083.360,-10.248
-19.520,1098.488,20.496
52.216,1101.904,16.104
96.380,1115.324,-19.032
142.252,1103.124,-51.728
149.084,1101.660,-42.700
92.476,1072.868,29.036
153.232,1033.584,10.492
99.064,1016.504,85.156
102.236,974.048,147.864
220.576,941.352,101.504
119.560,964.776,142.252
75.396,958.432,155.672
126.392,960.140,105.164
60.512,964.044,155.184
70.272,949.160,173.972
170.068,947.452,99.552
82.960,949.892,129.320
31.232,956.724,156.648
81.984,975.268,131.516
61.976,974.048,138.836
50.752,960.872,141.276
156.892,974.292,84.424
130.296,992.348,110.532
66.124,991.860,149.084
83.204,976.976,121.024
94.184,984.784,90.280
96.380,991.616,75.640
133.956,999.180,35.868
106.628,1002.596,55.632
103.212,997.472,64.904
83.448,995.520,79.300
76.616,983.076,82.716
75.640,976.732,77.104
61.976,972.340,86.376
93.208,968.924,76.616
120.048,969.168,78.568
117.364,980.148,94.428
92.964,979.416,130.296
82.228,977.952,165.188
97.600,978.684,162.748
105.164,991.128,158.356
99.552,990.396,163.724
101.748,969.412,202.764
91.500,955.016,275.232
97.112,941.352,350.872
110.288,926.468,391.864
103.944,917.440,411.628
182.512,896.944,387.228
145.668,883.524,406.748
107.116,871.324,418.460
119.804,864.004,463.112
147.620,868.152,469.700
153.232,895.480,433.588
234.728,931.836,346.480
283.284,961.848,316.712
300.608,976.244,294.264
285.724,987.956,267.180
238.632,1001.376,258.152
240.828,993.568,230.580
310.856,966.972,204.472
341.844,962.580,166.896
247.416,994.788,148.840
197.152,1016.016,116.876
129.564,1021.384,162.504
277.184,993.080,126.392
493.124,976.732,34.404
431.880,960.872,119.804
366.244,938.180,251.320
427.000,948.428,216.916
557.296,957.944,114.680
619.516,959.652,37.088
577.304,945.988,64.660
478.972,938.180,129.808
398.208,939.888,127.368
454.572,946.964,-6.832
473.360,969.900,-103.700
487.024,962.336,-143.228
400.892,946.720,-98.576
322.568,966.240,-71.492
302.560,984.540,-109.312
285.480,1030.412,-190.808
280.356,1062.864,-250.344
313.052,1013.332,-239.852
230.336,957.456,-117.852
206.912,918.172,-42.944
180.072,892.064,-25.864
206.180,889.380,-64.172
257.664,880.108,-133.956
226.188,932.324,-149.328
203.984,927.932,-186.904
120.292,921.344,-156.404
111.264,938.668,-162.016
105.652,970.144,-149.816
118.096,967.460,-135.176
156.892,950.136,-121.268
192.516,957.212,-132.004
179.340,963.800,-71.248
162.748,935.008,-19.520
154.208,960.140,-26.596
158.356,977.220,-51.484
202.520,992.348,-75.152
205.448,1003.572,-71.736
205.204,985.272,-61.244
140.300,1027.728,1.464
166.164,1013.088,21.228
177.632,1019.188,20.984
183.976,1025.044,32.208
214.720,1024.312,16.348
171.288,1013.576,3.904
115.412,1029.436,-2.928
76.860,1039.440,-3.660
-68.564,1077.748,-1.708
119.804,1074.576,-70.516
207.400,1090.924,-40.260
176.168,1090.680,-75.152
-42.700,1089.216,-41.480
-12.688,1041.148,-14.152
104.188,933.544,50.508
104.920,866.688,143.716
70.516,675.392,290.360
695.888,522.648,231.556
808.128,403.576,288.164
982.588,483.364,184.220
967.216,333.060,111.996
1121.180,260.836,12.688
1154.852,194.956,112.240
1164.368,134.932,151.280
1284.660,25.376,117.364
1238.788,-94.428,325.252
1071.892,-156.648,518.988
1002.108,-71.248,482.144
970.876,17.812,337.696
913.780,44.652,203.008
810.812,37.820,233.508
762.744,20.008,253.760
643.184,-3.416,294.264
668.804,14.640,213.988
571.204,29.768,196.664
496.540,113.704,162.016
436.272,121.756,178.120
448.716,89.060,165.188
541.436,101.504,130.784
538.508,114.680,22.448
461.404,45.872,82.228
531.188,11.712,171.532
584.380,-32.452,121.024
688.080,-27.572,25.132
635.864,-51.728,15.372
643.184,-86.620,1.220
660.996,-122.488,3.660
711.504,-190.564,56.852
855.220,-194.224,-101.016
874.252,-184.952,-174.704
787.876,-214.964,-35.380
824.964,-204.960,35.380
856.196,-327.936,39.772
1018.944,-439.200,-41.724
1125.572,-464.332,-229.604
1028.948,-533.628,-215.452
1023.092,-542.412,-202.764
1207.800,-596.580,-242.780
1223.904,-712.480,-125.172
1396.900,-691.252,-118.340
1514.264,-604.632,-173.728
1663.104,-673.928,-106.140
1905.396,-732.976,-20.740
2048.136,-774.700,-77.104
2011.780,-777.140,-61.976
1929.796,-694.180,-62.464
1786.568,-630.496,-87.840
1756.556,-646.600,-22.692
1755.092,-779.336,45.140
1613.328,-812.520,99.552
1517.192,-816.180,116.144
1336.388,-799.344,139.812
1406.660,-794.708,128.100
1349.564,-848.144,251.564
1243.180,-915.732,357.948
1309.548,-886.696,383.080
988.444,-878.400,479.460
1136.552,-805.688,470.920
1194.868,-760.792,388.936
967.216,-779.336,460.184
1086.776,-692.472,366.976
1005.280,-630.008,238.144
905.240,-582.184,270.108
753.716,-529.480,273.280
702.964,-457.012,235.948
696.620,-397.232,235.948
624.396,-349.896,183.488
563.396,-262.056,108.580
429.440,-180.804,120.048
405.040,-44.652,100.772
444.324,22.204,22.692
447.008,83.448,17.812
397.232,124.928,-13.908
509.472,170.312,-11.712
595.116,184.708,-57.096
699.792,224.724,-98.332
738.832,245.220,-65.392
685.884,252.296,9.272
629.764,223.992,30.500
744.932,244.244,91.500
874.008,223.504,80.764
1098.244,255.712,-10.004
1239.032,305.976,-86.132
708.088,277.672,-13.420
986.004,344.772,-35.136
1480.104,227.164,21.960
1826.828,122.000,160.796
1526.464,-7.076,284.504
1285.880,90.524,65.880
1094.340,139.080,-59.292
832.040,246.440,50.996
425.536,402.112,134.688
-30.988,588.284,184.220
-337.452,904.996,46.848
-400.648,919.392,99.308
-172.508,831.308,81.008
-40.992,829.356,3.904
-155.672,882.792,-41.724
-274.012,964.532,-55.388
-287.188,940.864,-57.096
-284.016,891.088,-6.832
-218.624,894.504,-18.300
-221.064,946.232,-28.548
-66.612,980.392,-156.892
-103.944,1070.672,-180.072
-171.044,1148.020,-130.052
-99.796,1142.164,-122.000
-46.848,1085.312,-94.428
-1.220,1037.732,-76.860
-53.192,1002.352,15.616
47.824,990.640,2.440
53.680,1023.092,-13.176
12.200,1013.088,28.792
90.768,991.128,-13.176
63.196,982.588,8.052
58.804,965.752,27.328
63.196,981.612,9.272
70.516,981.124,0.000
26.108,991.860,-12.200
3.416,993.080,-17.324
20.740,991.128,-49.776
45.872,1004.060,-79.788
-9.760,1007.720,-30.744
22.204,979.172,36.600
8.784,994.788,56.852
6.832,988.688,49.776
35.380,987.956,12.444
5.856,999.668,5.368
6.100,999.424,-17.080
-10.736,989.176,-2.684
58.804,949.648,-5.856
78.080,955.992,-2.196
-20.252,957.456,63.440
53.436,976.488,21.716
80.764,992.104,7.076
37.332,989.420,50.264
38.796,997.472,75.884
95.648,961.604,87.840
130.540,976.000,51.728
38.552,995.276,74.664
58.072,1003.572,58.316
98.576,1022.848,31.476
154.452,1017.724,18.788
106.628,1033.828,62.708
72.224,1033.828,87.596
127.368,1025.532,33.184
101.992,1036.024,5.368
82.228,1015.528,9.516
104.920,1011.136,0.244
65.148,1003.816,20.984
57.828,975.268,28.060
44.164,960.872,44.652
32.208,961.604,55.876
42.456,971.364,41.724
-59.780,1046.760,18.056
24.156,1108.980,-42.456
163.968,1095.316,-63.440
228.384,1076.040,15.616
180.560,1065.060,136.884
123.464,1014.308,242.048
129.076,928.176,375.028
23.180,940.864,399.672
57.340,1021.140,262.300
228.872,1077.016,79.544
175.436,1110.932,61.244
99.308,1114.348,90.036
-13.664,1147.776,145.424
-100.040,1172.664,194.468
55.876,1134.844,161.528
269.864,1132.892,57.340
305.976,1119.472,37.576
212.768,1099.952,63.684
114.924,1074.332,74.908
67.100,1041.636,99.308
116.876,984.052,78.080
237.412,957.212,-0.488
274.988,905.240,-35.868
175.436,889.624,14.884
85.644,904.996,36.356
50.020,914.268,30.500
66.856,910.120,-24.644
246.928,883.280,-113.948
305.488,892.796,-151.524
189.832,944.036,-136.396
135.420,959.408,-170.068
131.028,955.260,-156.648
145.180,977.220,-103.456
169.580,958.920,-65.148
169.580,913.048,-89.548
196.664,882.792,-131.760
161.040,882.060,-124.928
45.628,855.708,-50.264
49.532,820.816,-68.320
80.520,819.596,-110.532
101.748,853.756,-118.584
100.284,867.420,-91.012
68.320,871.080,-62.952
35.624,901.336,-58.560
-17.568,949.404,-94.428
34.892,952.576,-180.804
61.976,953.796,-229.116
24.400,966.240,-163.724
30.256,974.536,-126.392
14.396,980.880,-72.956
-10.736,965.996,-10.004
-22.448,975.512,3.172
0.244,1006.500,-47.336
55.876,1035.536,-113.948
65.636,1053.104,-119.316
25.620,1056.276,-87.840
6.588,1065.548,-73.932
-6.100,1073.112,-52.216
-9.516,1090.436,-78.080
23.180,1134.844,-151.524
-37.088,1143.628,-161.528
-128.832,1140.456,-132.736
-38.796,1062.132,-100.772
-39.528,1012.844,0.732
22.936,1016.748,-21.716
8.784,915.732,-8.540
-227.652,833.992,109.800
-221.552,730.536,125.660
266.204,589.504,-108.336
456.280,471.896,29.280
781.288,367.220,197.884
1069.696,321.348,108.580
955.992,261.080,202.764
900.360,197.884,318.908
1170.468,119.804,240.584
1399.584,40.992,9.272
1451.312,108.824,6.344
1281.732,43.920,275.476
1177.788,11.468,380.884
1328.092,59.292,179.096
1334.436,176.900,49.288
1154.364,182.268,49.044
958.920,215.452,100.040
860.832,243.512,197.884
770.796,229.116,209.108
657.336,237.900,185.440
623.664,288.652,144.936
664.656,308.416,66.124
589.504,272.548,64.172
588.284,258.640,62.464
478.484,205.448,101.748
376.248,185.440,116.388
231.800,167.140,111.020
179.828,104.432,74.420
201.788,53.924,55.632
191.540,18.056,56.120
216.672,-44.896,49.288
242.292,-85.644,152.744
325.252,-161.772,177.876
472.384,-173.972,64.660
525.820,-170.068,-30.988
410.896,-189.100,56.852
462.868,-183.000,117.364
662.704,-232.532,-33.428
843.996,-165.188,-247.172
1011.624,-117.120,-352.092
982.100,-263.276,-207.156
981.612,-473.848,-87.596
1269.776,-585.844,-163.724
1518.656,-655.872,-341.600
1640.656,-713.700,-462.868
1510.116,-843.752,-275.964
1347.612,-908.412,2.196
1412.760,-1027.972,136.884
1705.316,-1105.564,2.196
1894.172,-1101.172,-200.568
1970.788,-1109.468,-200.324
1891.732,-1108.980,-39.772
1879.532,-1135.576,68.564
1938.824,-1183.156,118.584
1921.012,-1212.680,99.796
1770.952,-1188.768,105.164
1597.468,-1143.872,237.412
1510.604,-1159.732,344.528
1377.868,-1169.492,492.880
1382.504,-1144.604,526.552
1401.048,-1136.064,504.348
1362.740,-1113.860,469.700
1403.976,-1074.088,424.072
1226.832,-1102.880,532.896
1103.124,-1035.048,595.848
1026.508,-970.144,550.464
949.160,-880.596,513.864
945.988,-819.352,442.372
807.152,-755.668,379.664
673.440,-662.948,448.228
694.668,-573.156,488.488
658.312,-517.280,433.832
622.688,-440.176,386.984
522.404,-382.348,354.532
507.764,-254.004,323.300
611.464,-169.580,257.420
517.280,-80.764,190.320
444.324,7.320,133.468
463.600,80.032,71.004
438.224,117.608,100.284
465.064,131.272,60.512
455.304,151.280,32.940
396.988,189.832,60.756
431.392,217.892,73.200
447.008,239.608,45.140
507.032,277.184,16.592
503.372,283.284,47.824
604.876,309.148,24.644
773.724,373.076,-97.600
704.916,407.480,-135.664
662.704,387.960,-59.292
718.580,355.020,59.292
845.216,339.404,42.944
848.632,329.400,72.224
968.680,336.720,43.432
1216.828,326.716,11.956
1242.692,228.384,150.060
1119.472,180.316,279.624
1109.224,243.756,258.640
1414.956,289.384,33.916
1940.288,345.748,-339.648
1428.620,57.096,53.680
771.528,80.764,510.204
432.856,374.296,411.872
416.264,555.100,-18.788
-23.180,751.276,-62.708
-378.200,980.880,71.004
-167.872,993.568,-19.032
-161.528,861.808,74.908
-188.612,927.444,57.584
-204.716,942.328,86.620
-252.784,930.860,156.404
-145.180,890.844,111.996
-77.836,911.828,40.260
-168.116,1026.996,36.844
-104.920,1107.516,-64.904
-82.960,1070.184,-26.840
-48.068,1047.248,-3.904
14.884,1017.480,20.008
17.080,1036.512,14.884
23.424,1096.536,-69.540
8.296,1111.664,-102.480
-32.696,1046.516,-17.812
35.380,972.096,20.740
49.776,946.720,44.652
2.928,1002.352,86.864
6.832,992.348,85.644
-24.644,989.176,87.352
-28.304,956.236,78.324
5.612,944.036,65.392
-3.660,924.028,133.468
41.236,952.088,101.748
28.792,987.468,56.852
-20.008,988.444,74.664
-27.084,980.148,100.284
-13.420,988.200,108.336
45.628,983.808,100.284
15.128,989.908,136.152
38.796,1002.352,106.628
15.616,1000.644,131.272
61.000,995.764,126.148
12.444,980.636,133.956
-6.344,960.140,174.704
-5.612,950.380,202.032
35.868,931.104,231.068
87.108,976.732,160.796
24.156,1008.696,160.552
15.128,1022.848,171.532
-89.792,1036.512,228.140
-50.508,954.528,350.140
68.808,882.304,459.208
90.768,868.396,469.212
0.976,940.864,402.600
-112.972,977.708,363.072
-24.400,950.380,324.032
131.272,855.952,301.096
146.888,883.524,288.408
89.060,917.928,244.732
164.944,921.832,183.244
183.976,932.568,141.764
131.272,981.368,91.500
165.188,1019.188,46.360
142.496,1026.752,49.288
178.608,1042.856,-12.200
110.532,1007.964,25.620
162.016,1012.356,34.404
204.228,966.728,30.500
171.776,910.364,78.080
194.712,906.948,99.064
266.692,952.088,5.368
268.888,959.164,-91.988
241.316,965.020,-124.440
143.472,984.784,-117.120
72.956,1004.304,-175.192
76.372,1052.860,-243.512
137.616,1082.872,-287.676
169.092,1112.884,-266.204
124.440,1095.804,-196.176
59.292,1042.124,-147.620
23.912,1017.724,-154.940
30.012,1043.100,-142.008
37.088,1060.424,-127.856
14.640,1033.584,-92.720
36.844,999.424,-24.888
19.276,959.164,30.988
-6.588,967.948,-18.544
-45.140,1013.088,-119.316
-99.552,1034.804,-178.608
-118.340,1037.000,-197.396
-20.984,1012.600,-200.080
-31.232,983.564,-156.892
-71.980,994.056,-113.460
-55.876,981.368,-94.672
-90.036,969.412,-85.888
-51.728,980.636,-96.136
8.296,1020.896,-112.484
-14.152,1013.820,-62.220
-1.464,960.872,1.220
0.732,930.372,71.004
-40.016,974.536,70.516
23.912,991.616,-5.856
5.856,982.344,5.368
1.220,1008.940,5.368
34.892,1045.540,-65.392
4.148,1021.628,-45.384
-8.784,992.592,6.344
-2.196,994.788,7.320
12.444,990.396,-13.176
11.956,1007.232,-11.712
16.104,1038.708,-30.012
-16.836,1080.920,-29.036
-93.696,1113.860,18.056
-83.448,1148.996,36.600
-127.124,1156.560,69.784
-108.824,1135.820,71.004
-51.484,1112.396,10.004
-165.920,1103.368,-46.116
-161.040,1081.408,-86.864
-41.480,942.328,-87.352
-53.680,880.596,-22.448
-94.916,741.516,111.508
-48.800,562.908,137.616
-46.848,466.040,267.912
-149.816,310.856,433.100
398.696,200.812,260.348
882.792,129.076,-128.344
328.180,192.272,97.356
948.672,61.732,-19.276
1255.136,-53.680,-57.096
1665.544,22.204,-362.828
1648.952,-141.520,-80.032
1784.372,-207.888,24.888
1691.896,-175.436,72.224
1514.508,-151.524,173.484
1335.168,-43.432,122.000
1218.780,6.588,133.224
1143.628,-6.100,119.316
1115.568,85.888,54.900
1006.988,149.572,125.416
1042.612,147.376,93.452
971.852,133.956,66.124
946.720,139.080,85.400
848.388,139.812,89.548
812.520,109.312,78.568
753.472,130.540,54.168
700.768,147.620,80.520
620.736,169.092,79.544
518.256,163.480,53.680
412.360,142.008,30.744
239.120,72.956,99.308
305.244,32.696,99.796
326.472,-1.464,125.660
373.320,-18.056,95.404
528.260,-8.784,-19.520
534.848,-13.908,-83.936
527.284,-58.316,-40.504
545.828,-115.656,-38.064
543.144,-89.304,-22.936
652.944,-32.452,-76.128
675.392,-69.540,-112.484
753.716,-107.360,-149.084
955.504,-156.892,-269.864
988.932,-230.336,-160.552
1048.712,-283.772,-72.956
1071.160,-347.212,-106.872
1258.796,-437.004,-201.300
1413.980,-495.320,-333.792
1496.696,-526.552,-267.424
1534.028,-569.008,-102.724
1598.200,-749.324,37.576
1710.684,-883.524,133.468
1814.628,-789.828,79.300
1825.608,-740.540,70.028
1844.152,-800.076,182.756
1934.920,-894.504,275.720
1862.940,-889.624,372.832
1769.976,-719.556,352.092
1805.356,-704.184,277.428
1768.024,-750.300,339.892
1729.716,-768.600,421.632
1603.324,-773.724,431.880
1594.540,-721.752,373.808
1561.356,-684.908,288.408
1362.740,-718.092,379.420
1360.300,-728.828,443.592
1283.196,-710.772,406.992
1121.424,-643.428,406.016
1130.696,-602.436,385.276
1093.852,-550.220,329.644
1060.180,-499.468,341.356
1077.260,-477.996,284.260
962.092,-431.880,235.948
899.628,-344.528,200.568
849.608,-300.852,165.432
758.108,-265.960,127.124
654.896,-225.456,132.492
533.140,-167.140,112.972
433.344,-91.256,134.932
378.444,-15.860,105.164
363.072,86.620,19.032
387.960,117.120,-11.956
437.736,137.128,-11.712
396.988,171.288,-61.244
357.460,214.476,-7.564
415.044,286.944,-44.896
546.560,332.084,-101.504
539.728,355.020,-92.476
595.848,345.748,-91.988
643.916,364.536,-83.448
631.472,383.568,-44.652
705.892,401.136,8.540
776.408,390.400,-13.908
873.276,355.996,-55.632
1014.064,361.608,-139.568
1016.504,391.864,-166.896
991.616,377.712,-119.316
950.868,358.436,-29.280
945.988,360.876,4.148
956.236,362.340,-12.444
1015.528,366.000,-33.428
1290.760,355.996,-80.032
1538.176,295.972,-73.932
1653.100,170.800,-10.248
1838.296,-15.860,53.680
1648.464,-232.532,147.376
908.900,-172.996,333.548
203.740,259.372,348.188
-132.004,534.848,266.936
-509.960,724.192,132.248
-865.956,1038.220,-113.948
-571.448,1131.672,-427.488
-347.212,1001.376,-337.696
-444.812,886.696,-7.564
-310.612,865.956,35.624
-78.080,878.888,-104.432
-156.892,961.848,-10.248
-197.884,996.740,28.060
-97.600,1150.948,-241.316
-250.100,1162.660,-178.852
-209.840,1040.416,-82.960
-84.912,984.784,-135.176
-130.052,927.688,-80.520
-58.560,961.360,-157.380
-81.252,1011.380,-203.984
-172.020,989.176,-134.932
-128.100,949.648,-95.404
-138.348,899.628,-49.532
-73.688,879.132,-68.564
-36.112,916.708,-76.860
-58.804,913.292,-10.004
-107.848,922.320,29.768
-67.100,929.884,-39.040
-39.528,984.540,-139.080
-105.408,989.176,-131.516
-71.248,993.080,-154.452
-138.104,973.316,-81.496
-106.140,953.064,-62.708
-81.984,950.624,-67.344
-69.052,960.872,-84.912
-76.616,991.128,-86.864
-116.632,990.884,-43.676
-51.484,981.612,-100.284
-45.384,1031.876,-175.924
-98.088,1031.388,-135.176
-60.268,1020.652,-140.788
-43.432,1025.288,-119.804
-30.744,994.544,-74.664
2.684,964.776,-58.316
9.760,940.132,-58.804
26.840,935.008,-87.352
30.012,913.292,-99.552
22.692,925.736,-144.936
10.004,911.828,-141.032
33.428,886.940,-118.096
14.396,855.220,-66.612
-10.736,835.944,-16.104
-6.832,844.240,-20.008
6.832,848.632,-23.668
48.556,864.492,-59.780
62.464,935.008,-137.128
-0.976,985.272,-101.504
8.052,957.700,-3.172
45.140,937.692,55.632
116.632,940.132,37.576
81.008,973.804,-30.988
9.516,1004.304,-58.316
-6.832,1014.308,-62.708
-37.332,1024.068,-68.564
-43.188,1064.084,-57.340
-50.996,1062.864,-36.356
-53.924,1040.660,-51.240
-149.084,1061.156,-36.600
-120.780,1094.340,-65.148
-100.772,1121.424,-71.736
-142.740,1132.404,-90.280
-118.340,1073.600,-62.220
-50.020,1019.188,-74.664
-99.064,1018.212,-30.744
-75.884,998.204,1.220
-38.796,956.724,1.220
